0.000000 0.000009 
4.000000 0.000009 
8.000000 0.000008 
12.000000 0.000008 
16.000000 0.000008 
20.000000 0.000008 
24.000000 0.000007 
28.000000 0.000007 
32.000000 0.000008 
36.000000 0.000008 
40.000000 0.000007 
44.000000 0.000007 
48.000000 0.000007 
52.000000 0.000008 
56.000000 0.000007 
60.000000 0.000007 
64.000000 0.000007 
68.000000 0.000007 
72.000000 0.000007 
76.000000 0.000007 
80.000000 0.000007 
84.000000 0.000007 
88.000000 0.000007 
92.000000 0.000007 
96.000000 0.000008 
100.000000 0.000008 
104.000000 0.000008 
108.000000 0.000008 
112.000000 0.000008 
116.000000 0.000008 
120.000000 0.000008 
124.000000 0.000008 
