0.000000 0.000010 
4.000000 0.000009 
8.000000 0.000009 
12.000000 0.000009 
16.000000 0.000009 
20.000000 0.000009 
24.000000 0.000009 
28.000000 0.000009 
32.000000 0.000009 
36.000000 0.000009 
40.000000 0.000009 
44.000000 0.000009 
48.000000 0.000009 
52.000000 0.000009 
56.000000 0.000009 
60.000000 0.000009 
64.000000 0.000008 
68.000000 0.000009 
72.000000 0.000009 
76.000000 0.000009 
80.000000 0.000008 
84.000000 0.000008 
88.000000 0.000008 
92.000000 0.000008 
96.000000 0.000008 
100.000000 0.000008 
104.000000 0.000008 
108.000000 0.000008 
112.000000 0.000008 
116.000000 0.000008 
120.000000 0.000008 
124.000000 0.000008 
