0.000000 0.000009 
4.000000 0.000009 
8.000000 0.000007 
12.000000 0.000007 
16.000000 0.000007 
20.000000 0.000007 
24.000000 0.000006 
28.000000 0.000005 
32.000000 0.000005 
36.000000 0.000005 
40.000000 0.000005 
44.000000 0.000005 
48.000000 0.000006 
52.000000 0.000006 
56.000000 0.000005 
60.000000 0.000005 
64.000000 0.000004 
68.000000 0.000004 
72.000000 0.000005 
76.000000 0.000004 
80.000000 0.000004 
84.000000 0.000004 
88.000000 0.000004 
92.000000 0.000004 
96.000000 0.000003 
100.000000 0.000004 
104.000000 0.000004 
108.000000 0.000004 
112.000000 0.000004 
116.000000 0.000004 
120.000000 0.000004 
124.000000 0.000004 
