0.000000 0.000010 
4.000000 0.000009 
8.000000 0.000008 
12.000000 0.000008 
16.000000 0.000008 
20.000000 0.000008 
24.000000 0.000008 
28.000000 0.000007 
32.000000 0.000007 
36.000000 0.000007 
40.000000 0.000006 
44.000000 0.000006 
48.000000 0.000006 
52.000000 0.000006 
56.000000 0.000006 
60.000000 0.000006 
64.000000 0.000005 
68.000000 0.000004 
72.000000 0.000005 
76.000000 0.000005 
80.000000 0.000004 
84.000000 0.000004 
88.000000 0.000003 
92.000000 0.000003 
96.000000 0.000002 
100.000000 0.000002 
104.000000 0.000002 
108.000000 0.000002 
112.000000 0.000002 
116.000000 0.000002 
120.000000 0.000002 
124.000000 0.000002 
