0.000000 0.000009 
4.000000 0.000008 
8.000000 0.000008 
12.000000 0.000008 
16.000000 0.000008 
20.000000 0.000008 
24.000000 0.000008 
28.000000 0.000008 
32.000000 0.000008 
36.000000 0.000008 
40.000000 0.000008 
44.000000 0.000008 
48.000000 0.000008 
52.000000 0.000008 
56.000000 0.000008 
60.000000 0.000008 
64.000000 0.000008 
68.000000 0.000008 
72.000000 0.000007 
76.000000 0.000007 
80.000000 0.000006 
84.000000 0.000006 
88.000000 0.000006 
92.000000 0.000006 
96.000000 0.000007 
100.000000 0.000007 
104.000000 0.000007 
108.000000 0.000007 
112.000000 0.000007 
116.000000 0.000007 
120.000000 0.000007 
124.000000 0.000007 
