0.000000 0.000009 
4.000000 0.000009 
8.000000 0.000009 
12.000000 0.000009 
16.000000 0.000009 
20.000000 0.000010 
24.000000 0.000010 
28.000000 0.000010 
32.000000 0.000010 
36.000000 0.000010 
40.000000 0.000010 
44.000000 0.000009 
48.000000 0.000010 
52.000000 0.000009 
56.000000 0.000010 
60.000000 0.000010 
64.000000 0.000010 
68.000000 0.000010 
72.000000 0.000010 
76.000000 0.000010 
80.000000 0.000010 
84.000000 0.000010 
88.000000 0.000010 
92.000000 0.000010 
96.000000 0.000010 
100.000000 0.000010 
104.000000 0.000010 
108.000000 0.000010 
112.000000 0.000010 
116.000000 0.000010 
120.000000 0.000010 
124.000000 0.000010 
