0.000000 0.000009 
4.000000 0.000009 
8.000000 0.000008 
12.000000 0.000008 
16.000000 0.000007 
20.000000 0.000007 
24.000000 0.000007 
28.000000 0.000007 
32.000000 0.000006 
36.000000 0.000006 
40.000000 0.000006 
44.000000 0.000005 
48.000000 0.000005 
52.000000 0.000005 
56.000000 0.000005 
60.000000 0.000004 
64.000000 0.000004 
68.000000 0.000004 
72.000000 0.000003 
76.000000 0.000003 
80.000000 0.000003 
84.000000 0.000002 
88.000000 0.000002 
92.000000 0.000002 
96.000000 0.000001 
100.000000 0.000001 
104.000000 0.000001 
108.000000 0.000001 
112.000000 0.000001 
116.000000 0.000001 
120.000000 0.000001 
124.000000 0.000001 
