0.000000 0.000034 
4.000000 0.000031 
8.000000 0.000033 
12.000000 0.000033 
16.000000 0.000032 
20.000000 0.000031 
24.000000 0.000029 
28.000000 0.000027 
32.000000 0.000028 
36.000000 0.000024 
40.000000 0.000021 
44.000000 0.000020 
48.000000 0.000020 
52.000000 0.000020 
56.000000 0.000017 
60.000000 0.000016 
64.000000 0.000014 
68.000000 0.000013 
72.000000 0.000014 
76.000000 0.000012 
80.000000 0.000011 
84.000000 0.000010 
88.000000 0.000010 
92.000000 0.000008 
96.000000 0.000007 
100.000000 0.000009 
104.000000 0.000009 
108.000000 0.000009 
112.000000 0.000009 
116.000000 0.000009 
120.000000 0.000009 
124.000000 0.000009 
