4.000000 0.000035 
8.000000 0.000035 
0.000000 0.000033 
4.000000 0.000035 
8.000000 0.000035 
12.000000 0.000034 
16.000000 0.000035 
20.000000 0.000031 
24.000000 0.000029 
28.000000 0.000027 
32.000000 0.000026 
36.000000 0.000025 
40.000000 0.000024 
44.000000 0.000021 
48.000000 0.000021 
52.000000 0.000019 
56.000000 0.000018 
60.000000 0.000018 
64.000000 0.000016 
68.000000 0.000016 
72.000000 0.000014 
76.000000 0.000013 
80.000000 0.000012 
84.000000 0.000011 
88.000000 0.000010 
92.000000 0.000010 
96.000000 0.000010 
100.000000 0.000011 
104.000000 0.000011 
108.000000 0.000011 
112.000000 0.000011 
116.000000 0.000011 
120.000000 0.000011 
124.000000 0.000011 
