0.000000 0.000018 
0.852515 0.000004 
1.705030 0.000003 
2.557545 0.000017 
3.410060 0.000018 
4.262575 0.000014 
5.115090 0.000021 
5.967604 0.000020 
6.820119 0.000019 
7.672634 0.000021 
8.525149 0.000019 
9.377664 0.000018 
10.230179 0.000018 
11.082694 0.000021 
11.935209 0.000021 
12.787724 0.000021 
13.640239 0.000022 
14.492754 0.000024 
15.345269 0.000025 
16.197783 0.000027 
17.050298 0.000028 
17.902813 0.000030 
18.755328 0.000029 
19.607843 0.000032 
20.460358 0.000033 
21.312873 0.000034 
22.165388 0.000035 
23.017903 0.000037 
23.870418 0.000036 
24.722933 0.000039 
25.575448 0.000040 
26.427962 0.000039 
