0.000000 0.000034 
4.000000 0.000032 
8.000000 0.000030 
12.000000 0.000031 
16.000000 0.000029 
20.000000 0.000027 
24.000000 0.000026 
28.000000 0.000024 
32.000000 0.000021 
36.000000 0.000014 
40.000000 0.000013 
44.000000 0.000014 
48.000000 0.000008 
52.000000 0.000007 
56.000000 0.000006 
60.000000 0.000005 
64.000000 0.000004 
68.000000 0.000004 
72.000000 0.000003 
76.000000 0.000003 
80.000000 0.000002 
84.000000 0.000002 
88.000000 0.000002 
92.000000 0.000001 
96.000000 0.000001 
100.000000 0.000001 
104.000000 0.000001 
108.000000 0.000001 
112.000000 0.000001 
116.000000 0.000001 
120.000000 0.000001 
124.000000 0.000001 
