0.000000 0.000037 
3.973510 0.000032 
7.947020 0.000031 
11.920530 0.000031 
15.894040 0.000030 
19.867550 0.000028 
23.841060 0.000026 
27.814570 0.000025 
31.788079 0.000023 
35.761589 0.000019 
39.735099 0.000014 
43.708609 0.000013 
47.682119 0.000009 
51.655629 0.000008 
55.629139 0.000005 
59.602649 0.000004 
63.576159 0.000003 
67.549669 0.000003 
71.523179 0.000002 
75.496689 0.000003 
79.470199 0.000002 
83.443709 0.000002 
87.417219 0.000001 
91.390728 0.000001 
95.364238 0.000001 
99.337748 0.000001 
103.311258 0.000001 
107.284768 0.000001 
111.258278 0.000001 
115.231788 0.000001 
119.205298 0.000001 
123.178808 0.000001 
