0.000000 0.000030 
3.921569 0.000027 
7.843137 0.000024 
11.764706 0.000024 
15.686275 0.000018 
19.607843 0.000014 
23.529412 0.000012 
27.450980 0.000010 
31.372549 0.000007 
35.294118 0.000006 
39.215686 0.000004 
43.137255 0.000004 
47.058824 0.000003 
50.980392 0.000003 
54.901961 0.000003 
58.823529 0.000003 
62.745098 0.000003 
66.666667 0.000002 
70.588235 0.000002 
74.509804 0.000002 
78.431373 0.000002 
82.352941 0.000002 
86.274510 0.000002 
90.196078 0.000002 
94.117647 0.000001 
98.039216 0.000001 
101.960784 0.000001 
105.882353 0.000001 
109.803922 0.000001 
113.725490 0.000001 
117.647059 0.000001 
121.568627 0.000001 
