0.000000 0.000030 
3.947368 0.000028 
7.894737 0.000029 
11.842105 0.000024 
15.789474 0.000020 
19.736842 0.000014 
23.684211 0.000008 
27.631579 0.000007 
31.578947 0.000005 
35.526316 0.000004 
39.473684 0.000003 
43.421053 0.000002 
47.368421 0.000002 
51.315789 0.000002 
55.263158 0.000002 
59.210526 0.000002 
63.157895 0.000002 
67.105263 0.000002 
71.052632 0.000002 
75.000000 0.000002 
78.947368 0.000002 
82.894737 0.000002 
86.842105 0.000002 
90.789474 0.000002 
94.736842 0.000002 
98.684211 0.000001 
102.631579 0.000001 
106.578947 0.000001 
110.526316 0.000001 
114.473684 0.000001 
118.421053 0.000001 
122.368421 0.000001 
