11    15.65  -234.91    -0.74     0.33
11     1.95  -220.56    -0.74     0.33
11    28.71  -223.50    -0.74     0.33
11    32.30  -230.67    -0.74     0.33
11    34.25  -206.21    -0.74     0.33
11    21.20  -200.34    -0.74     0.33
11    12.72  -181.75    -0.74     0.33
11    -7.84  -241.44    -0.74     0.33
11     0.64  -251.55    -0.74     0.33
11   -21.22  -220.56    -6.42     0.33
11     7.50  -204.90    -6.54     0.33
11   -26.44  -193.16    -7.16     0.33
11   -26.12  -178.16    -7.50     0.33
11    16.63  -174.57    -7.33     0.33
11    -1.64  -168.05    -8.58     0.33
11    19.90  -210.45    -8.24     0.33
11    11.41  -157.28    -8.75     0.33
11    23.49  -162.18    -8.87     0.33
11    22.83  -148.15    -9.49     0.33
11    -4.91  -205.23    -9.66     0.33
11    -0.99  -180.12   -10.63     0.33
11   -15.02  -184.36   -11.31     0.33
11   -29.05  -206.54   -11.37     0.33
11    -2.62  -227.74    -9.72     0.33
11   -11.11  -220.56   -10.01     0.33
11    -7.84  -243.72   -10.69     0.33
11    15.00  -231.32   -10.86     0.33
11    30.66  -225.78   -10.92     0.33
11    32.30  -208.17   -11.20     0.33
11    23.16  -199.03   -11.31     0.33
11    15.33  -191.86   -12.96     0.33
11     2.93  -194.79   -12.96     0.33
11    15.00  -242.74   -15.69     0.33
11    34.91  -244.04   -16.49     0.33
11   -21.55  -218.93   -16.54     0.33
11     7.50  -206.86   -17.17     0.33
11   -23.51  -195.77   -17.40     0.33
11    15.98  -178.81   -17.57     0.33
11   -23.18  -173.27   -17.68     0.33
11    10.11  -168.70   -18.93     0.33
11    19.57  -157.94   -19.61     0.33
11    -0.99  -165.44   -19.95     0.33
11    -1.32  -228.06   -20.12     0.33
11   -14.37  -228.39   -20.92     0.33
11   -35.58  -192.18   -20.58     0.33
11    19.90  -206.86   -20.58     0.33
11    19.90  -212.08   -20.75     0.33
11    -1.97  -179.79   -20.69     0.33
11    33.93  -224.80   -21.72     0.33
11    35.56  -205.56   -21.77     0.33
11    28.05  -200.66   -21.43     0.33
11    36.86  -232.30   -21.60     0.33
11    24.46  -236.22   -21.60     0.33
11     9.45  -228.06   -21.60     0.33
11     7.17  -239.48   -22.06     0.33
11    -2.29  -247.31   -21.77     0.33
11   -10.78  -239.15   -22.06     0.33
11    -5.88  -202.62   -22.06     0.33
11   -17.63  -190.88   -22.17     0.33
11   -13.39  -180.77   -22.46     0.33
11    -5.56  -212.73   -22.74     0.33
11    20.22  -189.57   -22.97     0.33
11    32.62  -191.53   -23.08     0.33
11    29.03  -214.04   -23.48     0.33
11     6.52  -196.75   -23.54     0.33
11    16.63  -199.03   -24.56     0.33
11     2.27  -187.62   -25.01     0.33
11   -33.95  -173.59   -24.84     0.33
11     8.15  -253.18   -25.47     0.33
11     1.30  -263.94   -25.36     0.33
11   -20.24  -208.17   -25.41     0.33
11    -0.66  -133.80   -25.53     0.33
11     2.93  -145.21   -26.21     0.33
11   -12.74  -140.65   -26.21     0.33
11    44.70  -215.67   -26.61     0.33
11   -13.72  -218.60   -27.12     0.33
11   -23.83  -220.56   -27.52     0.33
11    21.53  -176.85   -27.57     0.33
11    10.76  -177.83   -28.25     0.33
11    31.97  -245.68   -28.25     0.33
11   -20.90  -172.61   -28.31     0.33
11   -10.45  -157.94   -28.42     0.33
11    44.04  -195.12   -28.94     0.33
11   -25.46  -185.01   -29.05     0.33
11    -8.49  -255.13   -28.99     0.33
11   -14.04  -247.63   -28.99     0.33
11    20.87  -248.94   -29.05     0.33
11     4.23  -206.86   -29.11     0.33
11    13.04  -164.46   -29.62     0.33
11    16.63  -154.02   -29.79     0.33
11    -1.97  -165.44   -30.13     0.33
11     3.25  -172.29   -30.13     0.33
11   -25.79  -234.26   -31.15     0.33
11    -8.17  -229.37   -31.15     0.33
11    40.78  -182.72   -31.32     0.33
11     1.62  -157.94   -31.27     0.33
11   -28.07  -194.79   -31.27     0.33
11   -40.80  -186.64   -31.27     0.33
11   -44.39  -173.92   -32.23     0.33
11    25.77  -237.20   -31.89     0.33
11    36.86  -237.85   -31.84     0.33
11    29.03  -202.29   -31.84     0.33
11    34.25  -207.19   -31.84     0.33
11    36.54  -227.08   -31.84     0.33
11     6.52  -228.39   -31.84     0.33
11    -2.62  -245.68   -32.18     0.33
11   -11.11  -240.46   -32.23     0.33
11    10.76  -243.72   -32.29     0.33
11    -5.23  -200.34   -32.23     0.33
11   -52.22  -195.45   -32.97     0.33
11   -56.14  -182.72   -32.97     0.33
11    -9.80  -185.99   -33.03     0.33
11    29.36  -189.25   -33.14     0.33
11    19.90  -212.73   -33.14     0.33
11    -9.47  -209.47   -33.14     0.33
11    31.97  -216.32   -33.71     0.33
11   -32.64  -176.20   -35.47     0.33
11     6.84  -257.74   -35.47     0.33
11    -2.62  -267.53   -35.47     0.33
11   -18.28  -202.29   -35.42     0.33
11    18.26  -193.49   -35.42     0.33
11    11.41  -202.62   -35.42     0.33
11    46.98  -214.04   -36.95     0.33
11     8.15  -186.64   -36.95     0.33
11    23.81  -172.29   -38.20     0.33
11   -10.78  -254.16   -39.00     0.33
11   -22.85  -173.92   -39.00     0.33
11    40.78  -198.71   -39.85     0.33
11    15.65  -156.30   -39.85     0.33
11   -21.87  -182.72   -39.85     0.33
11    29.69  -249.92   -39.79     0.33
11    17.94  -254.16   -39.79     0.33
11   -11.43  -162.83   -40.14     0.33
11    12.39  -172.29   -40.14     0.33
11   -19.92  -213.38   -40.65     0.33
11   -19.92  -225.13   -40.65     0.33
11     1.95  -163.81   -41.33     0.33
11   -44.39  -180.44   -42.98     0.33
11    40.45  -185.33   -43.09     0.33
11    33.60  -240.46   -43.21     0.33
11    37.52  -227.74   -43.26     0.33
11    29.36  -193.16   -43.49     0.33
11    28.05  -203.93   -43.49     0.33
11    17.94  -210.45   -43.49     0.33
11    -7.19  -235.89   -43.55     0.33
11    -1.97  -248.29   -43.55     0.33
11    -7.19  -200.34   -43.66     0.33
11    -8.82  -211.75   -43.66     0.33
11     7.82  -248.61   -43.89     0.33
11    17.94  -237.20   -43.89     0.33
11     6.19  -232.63   -44.51     0.33
11   -23.83  -240.13   -44.40     0.33
11    -7.19  -138.69   -44.34     0.33
11    33.93  -214.04   -44.74     0.33
11    30.66  -223.82   -45.03     0.33
11   -41.45  -170.00   -45.03     0.33
11    -2.29  -154.67   -45.03     0.33
11   -41.78  -220.56   -45.03     0.33
11   -27.42  -196.10   -45.03     0.33
11    -8.49  -182.07   -45.54     0.33
11   -55.16  -184.68   -45.31     0.33
11     7.17  -261.33   -45.88     0.33
11     1.30  -271.12   -45.93     0.33
11     9.13  -138.04   -46.45     0.33
11   -27.75  -151.41   -46.11     0.33
11   -33.62  -180.77   -46.11     0.33
11   -22.53  -134.78   -46.11     0.33
11    -0.34  -119.12   -46.22     0.33
11    46.98  -151.74   -46.39     0.33
11    45.35  -138.04   -46.39     0.33
11    45.35  -125.97   -46.67     0.33
11    26.75  -125.64   -46.67     0.33
11    20.22  -140.65   -46.67     0.33
11    15.65  -198.38   -47.36     0.33
11   -32.97  -161.85   -47.07     0.33
11   -11.11  -126.95   -47.07     0.33
11    12.39  -128.91   -47.07     0.33
11    15.65  -118.14   -47.64     0.33
11    43.72  -169.35   -47.64     0.33
11    56.12  -159.57   -47.41     0.33
11    55.79  -132.17   -47.64     0.33
11    55.79  -145.21   -47.64     0.33
11    32.62  -163.15   -47.58     0.33
11     7.50  -148.48   -47.58     0.33
11   -27.42  -252.85   -47.58     0.33
11   -39.82  -249.59   -47.53     0.33
11   -46.67  -242.09   -47.53     0.33
11   -54.51  -213.71   -47.53     0.33
11   -67.89  -205.56   -47.53     0.33
11   -64.30  -194.14   -47.53     0.33
11    48.61  -213.06   -48.66     0.33
11    29.03  -177.51   -48.32     0.33
11    54.81  -176.85   -49.06     0.33
11    22.83  -165.76   -49.29     0.33
11   -10.78  -252.85   -50.14     0.33
11   -16.00  -262.64   -49.86     0.33
11    15.33  -258.07   -49.86     0.33
11    29.36  -251.87   -49.86     0.33
11    40.13  -199.69   -49.86     0.33
11   -22.53  -175.87   -49.86     0.33
11    20.22  -155.98   -49.86     0.33
11   -13.06  -152.72   -49.86     0.33
11    17.29  -221.21   -50.31     0.33
11    13.37  -175.22   -50.54     0.33
11     8.47  -161.52   -52.47     0.33
11   -20.90  -206.86   -53.33     0.33
11   -22.85  -186.31   -52.93     0.33
11   -44.06  -181.75   -53.15     0.33
11    43.39  -188.27   -53.15     0.33
11    34.25  -152.06   -53.15     0.33
11   -36.23  -235.56   -53.15     0.33
11   -15.02  -223.82   -53.15     0.33
11   -51.90  -225.78   -53.15     0.33
11     9.45  -185.66   -53.44     0.33
11     1.30  -168.05   -53.44     0.33
11    35.23  -233.93   -53.44     0.33
11    28.38  -240.46   -53.44     0.33
11    21.20  -185.01   -53.44     0.33
11   -15.35  -198.05   -53.67     0.33
11    27.07  -201.32   -53.67     0.33
11    31.32  -190.23   -53.67     0.33
11    -5.56  -205.23   -53.61     0.33
11    -5.23  -241.76   -53.61     0.33
11    -4.25  -137.39   -54.35     0.33
11    31.64  -216.32   -56.22     0.33
11     1.95  -254.16   -56.22     0.33
11    -1.97  -269.49   -56.17     0.33
11   -40.80  -169.35   -56.17     0.33
11   -33.95  -178.48   -56.91     0.33
11    43.39  -139.02   -56.51     0.33
11    44.04  -151.74   -56.51     0.33
11     4.88  -121.73   -56.45     0.33
11   -21.55  -137.06   -56.51     0.33
11   -26.12  -150.43   -56.45     0.33
11    17.29  -235.89   -56.57     0.33
11     9.13  -242.41   -56.57     0.33
11   -16.00  -238.83   -56.57     0.33
11   -43.41  -218.93   -56.57     0.33
11    -9.80  -182.40   -56.74     0.33
11    17.94  -139.02   -56.74     0.33
11    42.74  -123.36   -56.74     0.33
11    30.99  -116.84   -56.74     0.33
11    28.71  -128.25   -56.74     0.33
11   -10.13  -125.32   -57.13     0.33
11   -48.63  -158.59   -57.13     0.33
11   -30.03  -198.05   -57.13     0.33
11    19.57  -209.80   -57.08     0.33
11   -49.94  -202.62   -57.25     0.33
11     9.78  -131.52   -57.19     0.33
11    52.20  -159.57   -57.65     0.33
11     9.45  -147.82   -57.59     0.33
11    -1.64  -153.70   -57.59     0.33
11    13.70  -197.40   -57.59     0.33
11   -24.48  -250.57   -58.10     0.33
11   -31.99  -252.85   -58.10     0.33
11   -39.50  -248.94   -58.10     0.33
11   -27.10  -258.07   -58.10     0.33
11   -51.24  -246.98   -58.10     0.33
11   -50.59  -235.56   -58.27     0.33
11   -64.30  -220.56   -57.02     0.33
11   -63.97  -231.98   -57.19     0.33
11   -66.91  -205.56   -58.04     0.33
11   -68.21  -195.12   -58.27     0.33
11    42.09  -171.96   -57.93     0.33
11    38.17  -161.52   -58.21     0.33
11    19.24  -122.38   -58.33     0.33
11     5.54  -201.64   -58.38     0.33
11     8.15  -106.07   -59.52     0.33
11    -4.58  -109.01   -59.47     0.33
11    41.43  -210.45   -58.90     0.33
11    29.69  -178.48   -58.90     0.33
11   -34.27  -211.43   -58.90     0.33
11   -27.10  -164.13   -59.18     0.33
11    -1.97  -193.49   -59.18     0.33
11   -35.91  -189.25   -59.18     0.33
11    20.87  -109.99   -59.24     0.33
11   -24.48  -121.40   -59.29     0.33
11   -33.62  -138.37   -59.35     0.33
11    20.22  -166.42   -59.35     0.33
11    27.40  -227.41   -59.52     0.33
11    -0.01  -179.14   -59.52     0.33
11   -13.06  -144.89   -59.81     0.33
11     7.82  -226.11   -59.81     0.33
11   -19.92  -175.22   -59.92     0.33
11    20.22  -155.33   -59.92     0.33
11    43.39  -199.03   -59.92     0.33
11    -6.21  -219.58   -59.92     0.33
11   -57.44  -211.75   -59.92     0.33
11   -12.08  -154.67   -59.98     0.33
11    15.00  -256.77   -60.09     0.33
11   -12.74  -262.31   -60.03     0.33
11    20.87  -222.84   -60.77     0.33
11    10.43  -161.20   -62.48     0.33
11    13.70  -175.87   -63.39     0.33
11   -24.16  -186.64   -63.10     0.33
11   -15.67  -226.11   -63.16     0.33
11   -47.33  -182.40   -63.16     0.33
11   -40.80  -229.69   -63.16     0.33
11   -12.08  -249.59   -63.16     0.33
11    46.65  -185.99   -63.33     0.33
11   -23.18  -206.86   -63.33     0.33
11    -7.52  -149.46  -183.63     0.33
11    31.64  -201.32   -63.73     0.33
11    22.18  -191.53   -64.13     0.33
11    35.56  -188.60   -65.32     0.33
11    29.69  -150.11   -65.15     0.33
11   -15.02  -197.08   -65.26     0.33
11    -4.25  -239.48   -65.49     0.33
11    58.08  -140.00   -66.12     0.33
11    -3.93  -137.39   -66.34     0.33
11   -40.15  -169.03   -66.86     0.33
11    21.85  -137.71   -66.91     0.33
11    32.62  -133.80   -67.42     0.33
11    46.33  -130.21   -67.31     0.33
11    45.68  -143.58   -67.77     0.33
11    30.34  -213.06   -67.82     0.33
11    34.58  -220.56   -67.82     0.33
11    15.33  -205.88   -67.82     0.33
11    20.22  -241.44   -67.82     0.33
11     6.19  -252.20   -67.82     0.33
11     0.64  -268.83   -67.82     0.33
11   -16.98  -237.52   -67.82     0.33
11   -72.78  -222.19   -67.82     0.33
11   -63.32  -239.15   -67.82     0.33
11    55.14  -158.59   -67.82     0.33
11     3.91  -149.46   -67.82     0.33
11    -0.99  -163.48   -67.82     0.33
11     9.45  -189.25   -67.82     0.33
11   -32.97  -177.83   -67.82     0.33
11     3.91  -125.32   -67.82     0.33
11   -10.78  -126.30   -67.82     0.33
11   -21.55  -136.08   -67.82     0.33
11   -52.22  -153.37   -67.82     0.33
11   -51.90  -165.11   -67.82     0.33
11   -59.40  -226.43   -67.82     0.33
11    30.66  -236.87   -67.99     0.33
11   -11.43  -184.36   -68.05     0.33
11   -27.42  -150.76   -68.28     0.33
11   -36.56  -247.63   -68.22     0.33
11   -26.12  -255.79   -68.22     0.33
11   -48.96  -249.59   -68.22     0.33
11     8.15  -239.15   -68.22     0.33
11    40.13  -174.24   -68.22     0.33
11    39.80  -155.65   -68.22     0.33
11   -11.11  -168.70   -68.22     0.33
11    33.60  -120.10   -68.22     0.33
11    -3.93  -206.86   -69.02     0.33
11   -69.19  -204.90   -69.02     0.33
11    46.98  -210.45   -68.96     0.33
11    58.73  -170.98   -68.96     0.33
11    15.00  -123.36   -68.96     0.33
11   -37.21  -211.75   -69.64     0.33
11    -0.34  -178.16   -69.64     0.33
11    -1.32  -193.81   -69.58     0.33
11   -38.19  -189.57   -69.58     0.33
11   -26.77  -197.08   -69.58     0.33
11    22.51  -162.50   -69.75     0.33
11    25.77  -178.81   -69.75     0.33
11   -24.81  -166.74   -69.93     0.33
11   -20.90  -176.20   -69.93     0.33
11    10.43  -225.78   -69.93     0.33
11    -3.27  -225.45   -69.93     0.33
11   -56.46  -210.45   -69.93     0.33
11   -50.92  -237.52   -69.93     0.33
11    15.33  -150.43   -70.44     0.33
11   -11.11  -148.80   -70.44     0.33
11   -17.31  -158.59   -70.44     0.33
11   -30.03  -220.89   -70.44     0.33
11   -39.50  -141.95   -70.72     0.33
11    45.35  -196.75   -71.29     0.33
11    21.53  -228.71   -71.29     0.33
11    19.57  -217.62   -71.29     0.33
11    13.37  -261.33   -71.29     0.33
11    -9.47  -261.98   -71.29     0.33
11    10.43  -163.15   -73.00     0.33
11   -25.14  -209.47   -73.45     0.33
11   -19.92  -227.08   -73.45     0.33
11   -12.08  -218.93   -73.39     0.33
11    13.04  -173.59   -73.39     0.33
11    50.24  -183.38   -73.39     0.33
11    -4.91  -251.87   -73.39     0.33
11   -25.46  -244.04   -73.39     0.33
11   -56.79  -185.33   -73.90     0.33
11    33.93  -201.64   -73.85     0.33
11    28.05  -149.46   -75.38     0.33
11    21.85  -195.12   -75.33     0.33
11    34.58  -187.94   -75.38     0.33
11    -4.25  -239.15   -76.12     0.33
11    -6.54  -138.37   -76.46     0.33
11   -40.47  -167.07   -76.97     0.33
11   -37.21  -234.26   -77.37     0.33
11   -46.35  -205.88   -77.32     0.33
11   -14.69  -199.36   -77.37     0.33
11    16.31  -139.34   -77.32     0.33
11    37.52  -134.45   -77.49     0.33
11   -24.48  -139.34   -77.83     0.33
11    -7.19  -125.64   -77.83     0.33
11    -0.66  -150.43   -77.83     0.33
11    53.51  -158.26   -77.83     0.33
11    48.94  -144.56   -77.83     0.33
11    37.19  -219.58   -77.83     0.33
11    27.07  -209.14   -77.77     0.33
11    20.55  -244.37   -77.94     0.33
11     4.88  -250.89   -77.94     0.33
11    -1.64  -268.83   -77.94     0.33
11   -61.03  -245.68   -78.00     0.33
11   -71.48  -229.69   -78.00     0.33
11   -62.66  -222.52   -78.00     0.33
11   -71.15  -219.26   -78.00     0.33
11   -13.72  -239.48   -78.00     0.33
11    15.33  -206.21   -78.11     0.33
11    10.76  -189.25   -78.11     0.33
11   -12.41  -185.01   -78.06     0.33
11     4.23  -128.58   -78.34     0.33
11    24.46  -131.52   -78.34     0.33
11    36.86  -154.35   -78.34     0.33
11    -2.62  -163.15   -78.34     0.33
11   -51.57  -160.54   -78.34     0.33
11   -48.96  -147.50   -78.34     0.33
11   -43.41  -251.87   -78.34     0.33
11   -23.83  -255.13   -78.34     0.33
11    34.58  -231.00   -78.34     0.33
11     8.47  -237.20   -78.34     0.33
11    41.43  -174.24   -78.34     0.33
11     5.54  -215.02   -78.62     0.33
11    58.40  -171.31   -78.96     0.33
11     4.56  -140.65   -78.91     0.33
11   -67.56  -203.27   -79.08     0.33
11   -76.37  -209.80   -79.08     0.33
11    -2.95  -204.58   -79.08     0.33
11    44.04  -210.78   -79.08     0.33
11    -1.97  -190.23   -79.59     0.33
11    -0.34  -174.57   -79.70     0.33
11   -44.72  -184.68   -79.70     0.33
11   -30.68  -177.18   -80.73     0.33
11   -20.57  -169.35   -80.73     0.33
11   -32.32  -190.88   -80.73     0.33
11    26.42  -163.15   -80.73     0.33
11    22.51  -180.77   -81.41     0.33
11    11.08  -152.39   -81.01     0.33
11    -1.64  -226.76   -81.01     0.33
11   -29.38  -223.50   -81.01     0.33
11   -52.55  -232.96   -81.01     0.33
11    20.22  -225.13   -82.09     0.33
11    46.65  -194.79   -82.09     0.33
11    14.67  -126.95   -82.83     0.33
11   -14.37  -149.13   -83.11     0.33
11    11.41  -162.50   -83.11     0.33
11    26.75  -236.22   -83.11     0.33
11   -54.51  -210.45   -83.11     0.33
11   -73.11  -242.74   -83.11     0.33
11   -36.56  -262.96   -83.17     0.33
11    11.74  -259.70   -83.17     0.33
11   -26.77  -203.93   -83.46     0.33
11   -25.14  -214.69   -83.40     0.33
11   -10.78  -219.91   -83.40     0.33
11   -28.07  -240.46   -83.91     0.33
11    13.04  -175.55   -83.63     0.33
11    -7.52  -254.81   -83.63     0.33
11   -15.02  -267.20   -83.63     0.33
11   -22.85  -185.01   -84.42     0.33
11   -75.72  -192.84   -84.37     0.33
11   -69.84  -181.09   -84.37     0.33
11    35.89  -200.99   -84.37     0.33
11   -18.61  -228.39   -84.37     0.33
11    52.53  -184.36   -84.54     0.33
11    23.49  -196.42   -85.33     0.33
11    25.12  -148.15   -85.67     0.33
11    34.58  -185.99   -85.67     0.33
11   -40.15  -234.91   -87.49     0.33
11    35.56  -138.69   -87.49     0.33
11    46.33  -150.11   -87.89     0.33
11    50.24  -137.39   -87.89     0.33
11    46.65  -162.83   -87.89     0.33
11    57.10  -156.96   -87.89     0.33
11    -8.82  -130.54   -87.89     0.33
11    16.63  -139.02   -87.89     0.33
11     0.64  -150.76   -87.89     0.33
11   -39.17  -169.35   -87.89     0.33
11   -17.96  -138.69   -87.89     0.33
11    30.99  -211.43   -87.89     0.33
11    37.19  -219.26   -87.89     0.33
11   -69.52  -223.82   -88.29     0.33
11   -57.44  -246.98   -88.29     0.33
11   -10.45  -235.89   -88.29     0.33
11    -4.58  -245.02   -88.29     0.33
11    17.94  -245.35   -88.29     0.33
11    16.63  -209.47   -88.29     0.33
11    10.11  -199.69   -88.80     0.33
11    44.37  -174.57   -88.57     0.33
11    35.23  -153.70   -88.57     0.33
11   -13.72  -183.05   -88.57     0.33
11   -11.43  -200.01   -88.57     0.33
11    -3.27  -162.83   -88.57     0.33
11    10.76  -187.29   -88.57     0.33
11     8.47  -233.93   -88.57     0.33
11     7.50  -246.65   -88.57     0.33
11    41.11  -231.98   -88.69     0.33
11     5.86  -216.32   -88.69     0.33
11   -21.22  -256.77   -88.69     0.33
11   -36.23  -251.22   -88.69     0.33
11   -39.50  -205.56   -88.80     0.33
11    -1.32  -190.55   -89.60     0.33
11    -0.99  -205.56   -89.60     0.33
11    59.05  -170.98   -89.60     0.33
11   -66.58  -203.27   -89.60     0.33
11    47.31  -208.82   -89.60     0.33
11     3.25  -137.06   -89.82     0.33
11   -50.26  -185.33   -89.82     0.33
11     3.25  -177.83   -90.51     0.33
11    31.97  -173.27   -90.51     0.33
11   -47.65  -155.98   -90.62     0.33
11    -2.95  -271.12   -90.56     0.33
11    16.96  -272.75   -90.56     0.33
11    23.49  -257.74   -90.56     0.33
11    32.30  -245.68   -90.56     0.33
11    49.27  -220.89   -90.56     0.33
11    23.16  -160.54   -90.96     0.33
11   -27.75  -171.96   -90.96     0.33
11    21.20  -221.21   -92.10     0.33
11   -55.81  -231.32   -92.10     0.33
11    48.94  -197.40   -92.78     0.33
11    20.87  -183.70   -92.78     0.33
11    13.70  -151.09   -92.78     0.33
11   -32.97  -226.11   -92.78     0.33
11    11.08  -127.28   -93.40     0.33
11    -9.80  -147.50   -93.40     0.33
11   -14.69  -161.20   -93.40     0.33
11     8.47  -162.18   -93.40     0.33
11   -26.12  -216.65   -93.40     0.33
11    29.69  -228.71   -93.40     0.33
11    19.24  -233.61   -93.40     0.33
11    -5.88  -218.28   -93.40     0.33
11    -2.62  -227.41   -93.40     0.33
11   -59.08  -214.04   -93.40     0.33
11   -70.50  -237.85   -93.40     0.33
11   -43.41  -261.01   -93.46     0.33
11     6.52  -260.03   -93.46     0.33
11   -32.64  -272.10   -93.46     0.33
11   -25.14  -200.99   -93.46     0.33
11   -33.30  -193.49   -93.46     0.33
11    16.63  -171.31   -93.80     0.33
11   -16.98  -246.33   -93.80     0.33
11    -8.82  -259.05   -93.80     0.33
11   -76.70  -212.41   -94.20     0.33
11    33.93  -125.32   -94.20     0.33
11    22.51  -120.43   -94.20     0.33
11     0.64  -117.82   -94.20     0.33
11     3.25  -105.10   -94.20     0.33
11    14.67   -99.88   -94.20     0.33
11   -33.95  -135.43   -94.20     0.33
11   -41.78  -145.21   -94.20     0.33
11   -64.30  -167.39   -94.20     0.33
11   -60.05  -153.70   -94.20     0.33
11   -52.88  -145.87   -94.20     0.33
11   -43.74  -127.28   -94.20     0.33
11   -69.19  -183.05   -95.17     0.33
11   -77.68  -194.79   -95.17     0.33
11    55.79  -185.33   -95.17     0.33
11    35.23  -200.99   -95.17     0.33
11   -18.28  -224.80   -95.17     0.33
11   -28.07  -239.15   -95.17     0.33
11   -37.21  -159.89   -95.17     0.33
11    21.85  -195.45   -95.45     0.33
11    40.45  -188.60   -95.79     0.33
11    24.46  -147.82   -97.16     0.33
11   -62.01  -193.81   -97.16     0.33
11   -42.76  -238.83   -98.01     0.33
11    34.58  -216.32   -98.01     0.33
11    56.77  -155.98   -97.95     0.33
11    49.59  -142.28   -98.01     0.33
11    44.04  -151.74   -98.01     0.33
11    44.37  -163.48   -98.58     0.33
11    18.92  -135.10   -98.18     0.33
11    -0.34  -148.80   -98.18     0.33
11    -9.15  -131.84   -98.63     0.33
11   -60.71  -246.65   -98.41     0.33
11   -69.19  -221.54   -99.03     0.33
11    -7.84  -237.52   -98.63     0.33
11     8.47  -246.65   -98.58     0.33
11    25.12  -207.84   -98.58     0.33
11    45.02  -176.53   -98.58     0.33
11    34.25  -154.02   -98.58     0.33
11    35.56  -139.67   -98.58     0.33
11   -16.33  -182.07   -98.69     0.33
11   -51.90  -202.62   -98.69     0.33
11     6.84  -233.93   -98.63     0.33
11    -4.91  -248.94   -98.63     0.33
11    -4.25  -165.11   -98.86     0.33
11    10.11  -219.58   -98.86     0.33
11    10.11  -200.66   -98.86     0.33
11   -37.21  -204.25   -98.86     0.33
11   -36.23  -251.22   -98.86     0.33
11   -23.83  -261.01   -98.86     0.33
11    -5.56  -188.92   -99.60     0.33
11    -3.27  -205.56   -99.60     0.33
11    57.42  -168.37   -99.60     0.33
11   -39.82  -171.31   -99.60     0.33
11   -69.19  -204.90  -100.11     0.33
11   -45.04  -188.92  -100.11     0.33
11     4.56  -137.39  -100.11     0.33
11    31.32  -170.98  -100.57     0.33
11     1.62  -174.57  -100.57     0.33
11     6.52  -188.60  -100.57     0.33
11    42.41  -227.41  -100.57     0.33
11    44.70  -216.97  -100.57     0.33
11    50.24  -223.82  -100.57     0.33
11    28.71  -238.83  -100.57     0.33
11    18.92  -241.76  -100.57     0.33
11   -28.73  -149.13  -101.99     0.33
11   -48.96  -219.91  -101.99     0.33
11   -49.61  -158.91  -101.99     0.33
11    24.14  -161.20  -102.22     0.33
11    21.53  -219.58  -102.22     0.33
11   -57.44  -229.04  -102.22     0.33
11   -50.92  -251.55  -102.22     0.33
11   -36.89  -215.99  -102.73     0.33
11   -27.10  -176.53  -102.73     0.33
11   -14.04  -171.63  -102.73     0.33
11    19.57  -186.64  -102.96     0.33
11    30.99  -183.05  -102.96     0.33
11    49.27  -199.03  -102.96     0.33
11   -32.64  -229.04  -102.96     0.33
11   -72.45  -234.59  -103.58     0.33
11   -49.94  -265.25  -103.58     0.33
11   -36.89  -274.05  -103.58     0.33
11    -7.52  -219.91  -103.52     0.33
11   -24.16  -206.54  -103.52     0.33
11   -31.34  -194.14  -103.52     0.33
11     9.13  -161.52  -103.52     0.33
11    11.41  -148.80  -103.52     0.33
11   -22.85  -163.15  -103.52     0.33
11    25.44  -228.39  -103.69     0.33
11   -24.81  -217.95  -104.04     0.33
11   -55.16  -171.31  -104.15     0.33
11   -59.73  -213.38  -104.15     0.33
11   -16.65  -248.29  -104.21     0.33
11    14.67  -173.92  -104.21     0.33
11   -73.11  -175.55  -105.17     0.33
11   -79.96  -191.86  -105.17     0.33
11   -66.25  -187.94  -105.23     0.33
11   -35.91  -158.91  -105.17     0.33
11    59.71  -181.75  -105.17     0.33
11    53.83  -189.90  -105.17     0.33
11    36.86  -204.90  -105.17     0.33
11   -18.28  -228.06  -105.17     0.33
11   -25.79  -239.48  -105.17     0.33
11   -16.98  -197.08  -106.14     0.33
11   -23.18  -188.60  -106.14     0.33
11    27.40  -197.40  -106.14     0.33
11    40.13  -190.88  -106.14     0.33
11    14.35  -210.45  -106.14     0.33
11    23.81  -145.21  -108.19     0.33
11    46.00  -151.09  -108.19     0.33
11    51.55  -141.95  -108.13     0.33
11    15.98  -132.49  -108.13     0.33
11   -42.11  -238.83  -108.13     0.33
11   -51.57  -238.50  -108.13     0.33
11    32.95  -219.26  -108.13     0.33
11   -64.30  -244.37  -108.58     0.33
11    53.83  -158.91  -108.58     0.33
11    41.76  -160.54  -109.04     0.33
11    42.09  -169.03  -108.81     0.33
11    39.15  -145.87  -108.87     0.33
11    42.09  -138.04  -108.87     0.33
11     4.56  -222.19  -108.87     0.33
11    -1.97  -239.48  -108.87     0.33
11     5.86  -246.65  -108.87     0.33
11    12.72  -231.98  -108.87     0.33
11    -3.60  -160.54  -108.87     0.33
11    -2.95  -144.24  -108.87     0.33
11   -12.08  -135.43  -108.87     0.33
11    -1.64  -132.82  -108.87     0.33
11   -48.63  -206.21  -108.81     0.33
11   -58.75  -195.77  -108.92     0.33
11   -77.02  -214.69  -108.92     0.33
11   -39.17  -250.89  -108.92     0.33
11   -25.14  -258.07  -108.92     0.33
11   -12.74  -234.91  -108.98     0.33
11    15.98  -197.40  -108.98     0.33
11    46.65  -179.14  -108.98     0.33
11    30.66  -154.02  -108.98     0.33
11    28.71  -134.78  -108.98     0.33
11   -67.89  -223.17  -109.21     0.33
11    -9.15  -184.03  -109.83     0.33
11    -3.60  -197.08  -109.83     0.33
11     1.62  -209.14  -109.83     0.33
11    60.03  -169.03  -109.83     0.33
11   -40.47  -173.27  -109.83     0.33
11   -36.89  -206.54  -109.83     0.33
11   -44.06  -191.21  -110.29     0.33
11   -35.25  -182.07  -110.74     0.33
11   -70.17  -203.60  -110.29     0.33
11    41.76  -237.85  -110.29     0.33
11    50.24  -224.80  -110.63     0.33
11    28.38  -238.50  -110.63     0.33
11    16.96  -241.76  -110.63     0.33
11    45.68  -214.36  -110.63     0.33
11    26.10  -208.82  -110.63     0.33
11     7.50  -191.53  -110.63     0.33
11     1.62  -175.55  -111.20     0.33
11    30.34  -170.00  -110.86     0.33
11   -50.26  -219.91  -112.11     0.33
11   -24.81  -145.21  -112.11     0.33
11   -49.29  -158.59  -112.11     0.33
11    21.85  -160.54  -112.62     0.33
11   -56.46  -229.04  -112.62     0.33
11   -54.83  -252.20  -112.62     0.33
11   -37.54  -219.26  -113.42     0.33
11   -33.95  -228.39  -113.42     0.33
11    18.92  -182.40  -113.42     0.33
11    31.64  -184.03  -113.42     0.33
11   -12.08  -174.57  -113.42     0.33
11    51.22  -203.93  -114.04     0.33
11     8.47  -149.46  -114.04     0.33
11     8.80  -162.83  -114.04     0.33
11   -20.24  -160.22  -114.04     0.33
11   -24.81  -206.86  -114.04     0.33
11   -10.45  -217.62  -114.04     0.33
11    24.79  -228.39  -114.04     0.33
11   -32.64  -195.77  -114.04     0.33
11    17.94  -219.91  -114.04     0.33
11    18.26  -172.61  -114.50     0.33
11   -69.84  -234.91  -115.29     0.33
11    -7.19  -249.26  -115.29     0.33
11   -20.90  -242.41  -115.29     0.33
11   -23.18  -222.19  -115.29     0.33
11    56.77  -193.49  -115.29     0.33
11    60.03  -180.44  -115.29     0.33
11   -57.44  -170.33  -115.29     0.33
11   -78.33  -185.01  -115.29     0.33
11    -4.91  -227.41  -115.29     0.33
11   -11.76  -206.21  -115.29     0.33
11   -23.83  -179.46  -116.09     0.33
11   -22.85  -192.51  -116.60     0.33
11    32.62  -196.42  -116.60     0.33
11    48.29  -194.47  -116.60     0.33
11    37.19  -207.84  -116.60     0.33
11   -67.23  -187.29  -117.28     0.33
11   -35.58  -240.13  -118.36     0.33
11   -51.24  -240.46  -118.36     0.33
11   -45.37  -227.41  -118.36     0.33
11   -61.36  -213.06  -118.36     0.33
11    35.56  -222.52  -118.36     0.33
11    14.67  -209.80  -118.36     0.33
11    48.94  -145.54  -118.36     0.33
11    17.29  -141.63  -118.36     0.33
11    16.31  -133.47  -118.36     0.33
11     8.47  -127.93  -118.36     0.33
11   -34.27  -150.11  -118.36     0.33
11    27.40  -145.21  -118.53     0.33
11   -49.29  -206.21  -118.87     0.33
11    -0.66  -160.54  -118.87     0.33
11    -0.66  -140.97  -118.87     0.33
11    -6.54  -151.41  -118.87     0.33
11    58.40  -154.02  -118.87     0.33
11     6.19  -227.41  -119.04     0.33
11     2.27  -239.80  -119.04     0.33
11   -15.35  -228.39  -119.04     0.33
11   -55.16  -197.08  -119.04     0.33
11    44.37  -163.81  -119.04     0.33
11    41.76  -151.74  -119.04     0.33
11    37.84  -142.93  -119.04     0.33
11    44.37  -177.83  -119.04     0.33
11    31.97  -155.65  -119.04     0.33
11   -11.43  -136.41  -119.04     0.33
11   -65.93  -248.29  -119.04     0.33
11    20.87  -194.47  -119.04     0.33
11   -78.98  -214.69  -119.04     0.33
11   -79.63  -196.10  -119.04     0.33
11   -66.91  -222.52  -119.33     0.33
11    -8.82  -189.57  -120.18     0.33
11    -3.27  -203.60  -120.18     0.33
11     1.95  -216.97  -120.18     0.33
11   -35.25  -205.23  -120.18     0.33
11    57.42  -170.33  -120.18     0.33
11   -43.74  -173.92  -120.18     0.33
11   -46.35  -189.57  -120.64     0.33
11    10.76  -247.96  -120.64     0.33
11    15.98  -234.91  -120.64     0.33
11    27.73  -244.04  -120.64     0.33
11    41.11  -237.85  -120.64     0.33
11    49.27  -226.43  -120.64     0.33
11    24.79  -207.51  -120.64     0.33
11    11.08  -199.03  -120.64     0.33
11     6.52  -189.25  -120.58     0.33
11   -38.84  -182.72  -122.00     0.33
11    31.64  -167.07  -121.94     0.33
11     0.64  -175.55  -122.91     0.33
11    19.57  -153.37  -122.91     0.33
11   -46.02  -162.18  -123.65     0.33
11    25.44  -182.72  -123.65     0.33
11   -34.60  -222.84  -123.76     0.33
11   -59.40  -229.37  -124.33     0.33
11    50.57  -205.56  -124.22     0.33
11    18.92  -223.17  -124.22     0.33
11    31.97  -232.30  -124.22     0.33
11   -23.18  -210.12  -124.22     0.33
11   -19.92  -160.54  -124.22     0.33
11     8.15  -151.09  -124.22     0.33
11    11.08  -164.13  -124.22     0.33
11    38.82  -186.31  -124.22     0.33
11   -33.62  -193.81  -124.27     0.33
11   -26.44  -141.95  -124.27     0.33
11   -68.54  -201.32  -124.39     0.33
11   -42.43  -215.02  -124.33     0.33
11   -53.85  -218.93  -124.33     0.33
11   -26.44  -232.30  -124.33     0.33
11    -8.82  -237.85  -124.33     0.33
11    47.31  -216.32  -124.33     0.33
11    14.35  -183.38  -124.33     0.33
11   -11.76  -176.53  -124.33     0.33
11    22.51  -169.68  -124.90     0.33
11   -31.01  -170.66  -125.35     0.33
11   -58.75  -167.72  -125.35     0.33
11   -58.42  -181.09  -125.35     0.33
11    -9.80  -215.02  -125.35     0.33
11   -22.20  -221.87  -125.35     0.33
11   -18.94  -248.29  -125.35     0.33
11    59.71  -185.66  -125.35     0.33
11   -16.00  -200.01  -125.35     0.33
11   -17.96  -147.17  -126.26     0.33
11   -26.77  -180.12  -126.26     0.33
11    35.23  -200.01  -127.34     0.33
11    51.55  -193.81  -127.86     0.33
11   -21.55  -192.84  -127.86     0.33
11    19.57  -138.37  -128.59     0.33
11    48.94  -144.24  -128.59     0.33
11     8.47  -132.49  -128.59     0.33
11    37.19  -211.43  -128.59     0.33
11    34.25  -219.91  -128.59     0.33
11    12.39  -210.78  -128.59     0.33
11    -2.95  -141.63  -129.11     0.33
11    31.97  -141.30  -129.11     0.33
11    35.23  -150.76  -129.11     0.33
11    38.82  -160.22  -129.11     0.33
11    55.47  -153.70  -129.05     0.33
11    43.72  -172.61  -129.05     0.33
11    47.96  -179.14  -129.11     0.33
11    -0.99  -161.20  -129.05     0.33
11    23.49  -195.45  -129.05     0.33
11     2.60  -227.74  -129.05     0.33
11     1.62  -241.11  -129.05     0.33
11   -37.21  -240.78  -129.05     0.33
11   -73.43  -232.30  -129.79     0.33
11   -65.93  -218.60  -129.79     0.33
11   -45.70  -230.35  -129.79     0.33
11   -55.81  -244.37  -129.79     0.33
11    -9.15  -227.08  -129.79     0.33
11   -34.60  -160.87  -129.79     0.33
11   -52.55  -206.54  -130.13     0.33
11   -34.27  -206.54  -130.75     0.33
11   -43.09  -195.12  -130.75     0.33
11    17.29  -241.11  -130.87     0.33
11    46.00  -232.63  -130.87     0.33
11    31.64  -244.70  -130.87     0.33
11    23.49  -209.14  -130.87     0.33
11    -1.32  -202.29  -130.87     0.33
11    11.74  -198.05  -130.87     0.33
11    -0.66  -188.27  -130.87     0.33
11    59.71  -170.66  -130.87     0.33
11    50.57  -162.18  -130.87     0.33
11   -40.15  -183.38  -132.23     0.33
11     3.58  -215.02  -132.29     0.33
11    33.28  -169.35  -132.74     0.33
11    22.51  -155.33  -133.60     0.33
11     1.95  -170.98  -133.60     0.33
11   -19.26  -234.26  -134.56     0.33
11   -35.58  -221.87  -134.56     0.33
11   -61.03  -228.39  -134.56     0.33
11   -23.83  -208.82  -134.62     0.33
11   -31.34  -191.53  -134.62     0.33
11   -10.78  -184.03  -134.62     0.33
11    20.22  -183.38  -134.62     0.33
11    36.54  -184.03  -134.62     0.33
11    44.37  -204.90  -134.62     0.33
11    47.63  -221.87  -134.62     0.33
11    26.75  -229.04  -134.62     0.33
11    13.70  -224.47  -134.62     0.33
11    10.43  -152.06  -134.68     0.33
11    11.74  -161.20  -134.68     0.33
11   -22.85  -156.96  -134.68     0.33
11   -46.67  -167.39  -134.68     0.33
11   -56.46  -194.79  -134.68     0.33
11   -68.54  -203.27  -134.68     0.33
11   -52.55  -217.62  -134.68     0.33
11     7.50  -180.77  -134.68     0.33
11   -13.72  -165.11  -135.47     0.33
11    22.83  -170.00  -135.47     0.33
11   -13.39  -212.08  -135.47     0.33
11   -21.87  -225.13  -135.47     0.33
11   -13.39  -201.64  -135.53     0.33
11   -49.61  -179.46  -135.53     0.33
11    61.34  -182.40  -135.81     0.33
11   -10.45  -244.37  -135.81     0.33
11   -23.51  -249.59  -135.87     0.33
11   -21.22  -172.29  -136.27     0.33
11   -34.93  -172.61  -136.50     0.33
11    -6.54  -150.76  -136.50     0.33
11    35.23  -195.12  -137.52     0.33
11   -19.59  -192.51  -138.09     0.33
11     7.17  -137.71  -138.83     0.33
11    20.22  -144.56  -138.77     0.33
11    47.96  -146.19  -138.88     0.33
11    49.59  -191.21  -139.45     0.33
11    33.93  -221.87  -139.28     0.33
11     2.93  -240.46  -139.45     0.33
11   -35.25  -236.87  -140.19     0.33
11    -6.54  -222.52  -140.65     0.33
11    40.78  -156.63  -140.87     0.33
11    49.59  -176.85  -141.22     0.33
11    59.05  -165.44  -141.33     0.33
11    59.05  -152.72  -141.95     0.33
11    46.00  -162.18  -141.73     0.33
11    26.10  -202.95  -141.27     0.33
11    10.76  -208.17  -141.61     0.33
11     0.97  -194.79  -141.90     0.33
11    15.33  -193.16  -141.61     0.33
11    31.32  -151.41  -141.78     0.33
11    30.99  -141.30  -141.78     0.33
11    41.43  -140.97  -142.13     0.33
11   -38.19  -211.10  -141.95     0.33
11   -42.76  -199.03  -141.95     0.33
11    16.96  -238.50  -141.95     0.33
11    33.60  -238.50  -142.47     0.33
11    38.50  -231.00  -142.24     0.33
11    23.81  -213.06  -142.24     0.33
11     3.91  -228.71  -142.24     0.33
11    -1.64  -163.15  -144.06     0.33
11    35.56  -169.03  -144.06     0.33
11    -1.32  -211.43  -144.06     0.33
11   -38.19  -225.78  -144.29     0.33
11    -2.29  -178.48  -144.91     0.33
11    12.72  -181.75  -144.85     0.33
11    29.36  -182.07  -144.97     0.33
11    16.96  -160.22  -144.97     0.33
11     7.50  -155.00  -144.97     0.33
11   -13.39  -181.75  -144.97     0.33
11   -33.62  -185.33  -144.97     0.33
11   -32.97  -202.95  -145.02     0.33
11    19.24  -226.11  -145.14     0.33
11    11.08  -170.98  -145.82     0.33
11    46.98  -208.82  -145.82     0.33
11   -11.76  -204.58  -147.30     0.33
11   -21.55  -223.50  -148.21     0.33
11   -12.08  -245.02  -149.00     0.33
11    46.33  -193.81  -150.88     0.33
11    59.38  -186.31  -151.51     0.33
11    41.11  -152.39  -152.98     0.33
11    51.88  -170.33  -153.44     0.33
11    60.03  -156.30  -153.84     0.33
11    41.76  -142.28  -153.95     0.33
11    29.03  -157.28  -153.95     0.33
11    24.46  -144.89  -154.29     0.33
11    30.66  -194.14  -151.39     0.33
11    33.93  -217.95  -151.39     0.33
11   -16.00  -191.21  -151.68     0.33
11    13.04  -204.58  -151.90     0.33
11    16.31  -192.84  -151.68     0.33
11    21.20  -175.55  -151.96     0.33
11    43.72  -182.07  -151.73     0.33
11    49.92  -158.59  -151.79     0.33
11    -7.84  -224.47  -152.36     0.33
11     2.93  -239.15  -152.36     0.33
11    17.29  -238.17  -152.36     0.33
11     8.47  -221.54  -152.36     0.33
11    24.14  -209.47  -152.36     0.33
11    -0.99  -194.79  -152.36     0.33
11   -38.19  -214.04  -152.36     0.33
11   -47.00  -199.03  -152.36     0.33
11    38.50  -168.70  -154.52     0.33
11     1.95  -209.14  -154.52     0.33
11    -2.29  -165.76  -154.52     0.33
11   -18.94  -169.03  -154.52     0.33
11   -35.91  -228.71  -154.52     0.33
11   -32.64  -244.04  -154.52     0.33
11    33.28  -236.87  -154.52     0.33
11    42.09  -227.41  -154.52     0.33
11    -2.95  -180.12  -154.97     0.33
11    16.96  -160.54  -154.97     0.33
11     4.23  -154.67  -155.60     0.33
11   -32.64  -190.23  -155.60     0.33
11   -32.64  -201.64  -155.60     0.33
11    24.79  -225.45  -156.28     0.33
11    46.33  -216.32  -156.05     0.33
11    53.83  -206.21  -156.05     0.33
11     8.80  -184.03  -156.22     0.33
11     8.80  -170.98  -156.56     0.33
11    40.78  -205.56  -156.28     0.33
11   -20.90  -212.08  -156.56     0.33
11   -23.18  -181.75  -156.96     0.33
11   -10.13  -206.54  -157.76     0.33
11   -20.90  -226.76  -159.12     0.33
11    -9.80  -230.02  -159.12     0.33
11   -10.13  -246.00  -159.12     0.33
11    51.22  -189.57  -162.02     0.33
11    30.99  -196.75  -161.17     0.33
11   -17.31  -195.12  -162.19     0.33
11    15.65  -200.99  -162.08     0.33
11    18.92  -181.09  -162.08     0.33
11   -33.30  -220.56  -163.44     0.33
11     3.58  -240.46  -163.33     0.33
11    14.67  -237.20  -163.39     0.33
11     1.62  -223.17  -163.44     0.33
11    25.44  -210.78  -163.44     0.33
11     0.32  -192.51  -163.39     0.33
11    41.43  -157.94  -163.44     0.33
11    36.54  -146.85  -163.61     0.33
11    53.18  -169.35  -163.61     0.33
11    13.04  -145.87  -163.73     0.33
11    50.24  -148.48  -163.73     0.33
11    38.50  -187.62  -164.01     0.33
11    49.59  -177.83  -164.01     0.33
11    14.67  -210.45  -164.13     0.33
11    11.74  -223.17  -164.13     0.33
11   -12.74  -181.42  -164.41     0.33
11    29.36  -161.52  -164.58     0.33
11    24.79  -146.19  -164.58     0.33
11    -6.54  -165.44  -164.64     0.33
11   -19.26  -170.98  -164.64     0.33
11     5.54  -208.17  -164.64     0.33
11    -9.15  -218.93  -164.64     0.33
11    62.64  -163.48  -164.64     0.33
11    41.43  -168.37  -165.66     0.33
11    20.22  -159.24  -165.49     0.33
11   -32.97  -242.09  -165.43     0.33
11   -43.74  -205.88  -165.43     0.33
11    24.79  -172.94  -166.17     0.33
11     5.86  -158.26  -166.74     0.33
11     7.82  -170.66  -167.42     0.33
11    -2.95  -177.51  -167.08     0.33
11   -24.16  -213.06  -167.48     0.33
11   -29.05  -199.03  -167.54     0.33
11   -30.36  -185.99  -167.93     0.33
11    -9.80  -205.23  -168.50     0.33
11   -22.20  -240.78  -168.90     0.33
11    28.38  -222.19  -169.53     0.33
11    46.33  -203.93  -169.87     0.33
11    28.71  -199.03  -171.52     0.33
11    14.02  -197.40  -172.14     0.33
11    48.94  -192.51  -172.37     0.33
11   -18.28  -196.10  -172.37     0.33
11    13.70  -179.79  -172.31     0.33
11    -9.15  -234.91  -172.77     0.33
11   -22.85  -228.71  -172.77     0.33
11    39.15  -155.33  -173.96     0.33
11    43.06  -147.17  -173.96     0.33
11    47.63  -160.22  -173.96     0.33
11     9.45  -146.85  -173.96     0.33
11    -6.54  -195.12  -173.90     0.33
11     0.32  -225.13  -173.90     0.33
11    28.05  -210.45  -174.19     0.33
11    39.80  -185.66  -174.64     0.33
11    49.59  -173.27  -174.42     0.33
11    14.67  -217.30  -174.59     0.33
11     4.23  -207.19  -175.04     0.33
11    30.66  -148.15  -175.04     0.33
11    -3.93  -164.13  -175.04     0.33
11   -24.81  -171.96  -175.04     0.33
11    -8.17  -216.65  -175.04     0.33
11    14.35  -226.76  -175.04     0.33
11    19.24  -153.04  -176.06     0.33
11    37.19  -170.00  -176.06     0.33
11    28.05  -187.62  -176.06     0.33
11   -15.35  -161.52  -176.75     0.33
11    23.16  -169.68  -176.80     0.33
11     5.86  -157.28  -176.86     0.33
11    -3.60  -178.16  -177.54     0.33
11    12.72  -169.35  -177.54     0.33
11   -22.20  -214.36  -177.49     0.33
11   -28.40  -184.68  -177.94     0.33
12    -3.26  -180.05     0.06     0.33
12   -12.08  -172.29   -14.44     0.33
12   -13.72  -212.73   -14.44     0.33
12   -15.35  -204.90   -15.07     0.33
12   -33.30  -163.48   -15.01     0.33
12   -18.28  -155.98   -15.01     0.33
12    -8.82  -155.98   -15.01     0.33
12   -31.99  -155.65   -15.01     0.33
12    12.06  -219.91   -15.01     0.33
12     2.60  -216.65   -16.15     0.33
12    -5.56  -191.86   -16.54     0.33
12   -11.11  -173.27   -27.80     0.33
12   -28.40  -155.65   -27.80     0.33
12   -40.80  -147.82   -27.80     0.33
12     5.86  -219.26   -27.80     0.33
12     9.13  -214.04   -27.80     0.33
12    13.04  -211.10   -27.80     0.33
12    21.53  -223.17   -27.80     0.33
12    17.29  -230.35   -27.80     0.33
12   -24.81  -178.81   -27.80     0.33
12   -28.07  -202.62   -27.80     0.33
12    -1.32  -115.53   -36.10     0.33
12   -26.12  -116.51   -36.04     0.33
12    18.26  -129.23   -36.78     0.33
12    -2.29  -219.58   -36.78     0.33
12   -31.99  -217.30   -36.73     0.33
12   -40.80  -196.42   -36.73     0.33
12   -31.01  -164.13   -36.73     0.33
12   -20.57  -162.18   -36.73     0.33
12   -32.97  -190.55   -36.73     0.33
12   -40.80  -147.50   -38.89     0.33
12    -7.84  -173.27   -38.89     0.33
12     0.64  -191.21   -38.89     0.33
12    19.24  -224.47   -38.89     0.33
12   -26.44  -206.21   -38.89     0.33
12    -4.25   -99.55   -38.89     0.33
12   -43.74  -207.19   -41.16     0.33
12   -14.69  -196.10   -41.10     0.33
12   -35.25  -136.41   -42.86     0.33
12   -59.08  -171.96   -42.86     0.33
12    29.69  -153.04   -42.86     0.33
12     3.58  -176.85   -42.86     0.33
12    19.24  -185.99   -42.86     0.33
12   -24.81  -120.10   -48.27     0.33
12    -9.80  -115.86   -48.15     0.33
12   -31.66  -215.67   -48.15     0.33
12    -4.91  -227.74   -48.15     0.33
12     4.56  -205.56   -48.15     0.33
12     5.54  -218.60   -48.15     0.33
12   -39.50  -198.38   -48.15     0.33
12   -37.54  -191.21   -48.15     0.33
12   -51.57  -194.14   -48.15     0.33
12   -21.22  -161.85   -49.06     0.33
12   -10.45  -172.94   -49.06     0.33
12    -1.32  -191.53   -49.06     0.33
12   -32.32  -226.76   -49.06     0.33
12    -5.23   -96.94   -49.35     0.33
12    31.97  -143.91   -54.46     0.33
12    34.25  -136.41   -54.41     0.33
12   -59.08  -172.94   -54.46     0.33
12     3.25  -140.97   -58.16     0.33
12   -12.74  -115.53   -58.16     0.33
12   -42.43  -128.58   -58.16     0.33
12   -41.45  -144.56   -58.16     0.33
12   -36.89  -154.67   -58.16     0.33
12   -12.74  -166.09   -58.16     0.33
12   -49.61  -194.47   -58.33     0.33
12     4.88  -216.65   -58.33     0.33
12    -1.32  -229.69   -58.33     0.33
12   -28.40  -221.87   -60.20     0.33
12   -12.74  -212.73   -59.75     0.33
12    -4.25   -99.22   -59.75     0.33
12   -59.40  -189.57   -59.75     0.33
12   -39.82  -202.29   -61.68     0.33
12   -60.38  -169.68   -64.64     0.33
12    31.97  -166.74   -64.64     0.33
12   -31.01  -232.30   -67.14     0.33
12   -45.37  -218.28   -67.08     0.33
12   -13.06  -210.78   -74.08     0.33
12   -37.21  -157.28   -74.08     0.33
12   -50.59  -136.08   -74.08     0.33
12   -65.93  -191.53   -74.08     0.33
12   -52.55  -197.08   -76.69     0.33
12   -37.54  -200.01   -76.52     0.33
12     5.54  -139.34   -68.39     0.33
12     3.58  -215.34   -68.62     0.33
12    34.25  -170.00   -79.02     0.33
12    45.35  -165.44   -74.93     0.33
12   -58.42  -172.94   -74.93     0.33
12   -50.26  -176.20   -75.95     0.33
12   -62.66  -162.83   -76.18     0.33
12   -48.31  -221.54   -80.56     0.33
12   -40.80  -216.65   -80.56     0.33
12   -10.78  -171.63   -81.30     0.33
12   -25.14  -158.59   -80.95     0.33
12   -19.26  -157.61   -80.95     0.33
12   -20.24  -192.84   -84.25     0.33
12   -63.32  -190.88   -84.25     0.33
12   -13.06  -211.10   -84.59     0.33
12   -22.20  -125.32   -84.48     0.33
12   -49.61  -137.39   -84.48     0.33
12   -37.21  -157.94   -84.48     0.33
12   -33.95  -184.03   -84.48     0.33
12   -40.80  -195.77   -88.46     0.33
12   -48.63  -200.99   -88.46     0.33
12   -40.47  -216.32   -90.96     0.33
12   -49.29  -219.26   -90.96     0.33
12   -25.79  -160.54   -91.30     0.33
12   -28.40  -153.04   -91.36     0.33
12   -11.76  -171.96   -91.36     0.33
12    22.83  -105.75   -91.36     0.33
12   -25.14  -145.87   -91.36     0.33
12   -56.14  -176.20   -91.98     0.33
12   -51.24  -167.07   -91.76     0.33
12   -19.92  -192.51   -95.62     0.33
12   -33.95  -184.36   -96.19     0.33
12   -22.20  -125.97   -96.13     0.33
12   -15.67  -117.16   -96.25     0.33
12   -16.98  -104.77   -96.19     0.33
12    14.35  -110.64   -96.30     0.33
12   -29.05  -170.98  -103.69     0.33
12   -16.33  -155.00  -103.81     0.33
12    46.65  -124.34  -103.98     0.33
12   -55.81  -183.70  -104.09     0.33
12   -48.31  -170.00  -104.55     0.33
12   -42.43  -136.08  -104.32     0.33
12   -47.98  -144.24  -104.43     0.33
12   -41.78  -128.58  -104.43     0.33
12   -16.65  -143.58  -104.38     0.33
12   -10.78  -152.06  -104.38     0.33
12   -13.06  -209.14  -105.12     0.33
12   -13.39  -118.79  -106.03     0.33
12   -17.96  -115.21  -107.96     0.33
12    -8.49  -110.97  -108.19     0.33
12     8.80  -118.79  -108.24     0.33
12   -27.42  -171.31  -115.35     0.33
12   -35.91  -161.20  -115.35     0.33
12   -54.18  -180.44  -115.35     0.33
12    -1.32  -117.49  -115.63     0.33
12   -14.37  -144.56  -115.92     0.33
12   -12.08  -167.07  -125.35     0.33
12   -13.39  -173.27  -175.10     0.33
12   -15.35  -185.99  -175.10     0.33
12     3.91  -187.94  -174.64     0.33
12    18.92  -187.29  -174.59     0.33
12    32.95  -177.83  -165.55     0.33
12    27.07  -157.94  -179.70     0.33
12    38.17  -211.10  -167.37     0.33
12    14.35  -149.78  -153.32     0.33
12   -22.85  -213.38  -146.10     0.33
12   -24.81  -200.99  -145.31     0.33
12   -23.83  -183.38  -145.19     0.33
12   -27.75  -200.01  -134.56     0.33
12   -26.44  -234.26  -157.53     0.33
