11 134.16 38.42 -195.43 0.17
11 121.1 30.65 -195.43 0.17
11 116.47 51.98 -196.27 0.17
11 100.6 52.31 -197.18 0.17
11 88.69 44.38 -198.62 0.17
11 73.98 43.55 -199.9 0.17
11 75.3 62.07 -201.04 0.17
11 94.81 74.47 -201.04 0.17
11 106.55 88.69 -198.77 0.17
11 121.6 70.83 -198.77 0.17
11 126.39 106.05 -197.4 0.17
11 95.97 107.87 -198.69 0.17
11 74.64 115.64 -198.69 0.17
11 50.5 96.13 -200.59 0.17
11 62.9 86.04 -202.86 0.17
11 81.91 77.78 -202.86 0.17
11 93.32 120.93 -202.03 0.17
11 85.22 142.76 -202.03 0.17
11 102.09 144.58 -199.98 0.17
11 105.89 132.01 -198.16 0.17
11 123.58 146.07 -199.37 0.17
11 147.23 134.49 -199.37 0.17
11 129.53 125.56 -200.66 0.17
11 158.47 121.59 -200.66 0.17
11 165.91 99.44 -200.66 0.17
11 145.41 93.48 -201.49 0.17
11 135.82 66.7 -201.49 0.17
11 166.9 67.52 -201.49 0.17
11 180.79 83.56 -201.49 0.17
11 173.35 133.17 -192.94 0.17
11 182.11 137.63 -194.22 0.17
11 184.1 112.5 -197.86 0.17
11 147.72 111.67 -199.6 0.17
11 132.51 93.32 -202.33 0.17
11 145.08 70.67 -216.57 0.17
11 112.83 113.33 -211.72 0.17
11 143.09 149.87 -188.31 0.17
11 81.58 155.33 -191.95 0.17
11 117.63 93.48 -207.71 0.17
11 82.57 98.61 -207.71 0.17
11 61.9 104.73 -205.89 0.17
11 141.44 121.59 -210.66 0.17
11 101.26 159.6 -205.66 0.17
11 67.86 127.03 -209.07 0.17
11 126.56 155.14 -210.51 0.17
11 199.01 81.91 -192.71 0.17
11 193.22 98.78 -196.27 0.17
11 196.03 121.43 -201.19 0.17
11 202.98 109.69 -203.46 0.17
11 201.49 122.42 -187.25 0.17
11 181.98 135.48 -187.25 0.17
11 173.71 127.22 -187.25 0.17
11 183.63 113.99 -188.09 0.17
11 158.83 107.37 -188.09 0.17
11 160.98 126.72 -188.09 0.17
11 147.75 122.09 -188.09 0.17
11 148.24 97.62 -188.09 0.17
11 179.33 83.4 -189.07 0.17
11 186.44 70 -174.45 0.17
11 192.56 85.22 -174.45 0.17
11 209.59 86.04 -175.51 0.17
11 208.27 102.41 -175.51 0.17
11 211.74 110.02 -175.51 0.17
11 194.05 144.91 -176.88 0.17
11 166.1 85.71 -174.07 0.17
11 153.87 73.97 -174.07 0.17
11 164.78 64.38 -176.35 0.17
11 153.54 49.5 -176.35 0.17
11 147.25 54.96 -177.33 0.17
11 155.19 41.4 -177.33 0.17
11 174.87 65.54 -177.33 0.17
11 138.46 31.31 -171.73 0.17
11 114.16 46.36 -177.18 0.17
11 108.53 29.49 -177.18 0.17
11 93.49 48.18 -178.62 0.17
11 84.56 20.56 -178.62 0.17
11 67.69 40.41 -179.83 0.17
11 79.1 47.68 -180.66 0.17
11 71.99 57.27 -181.95 0.17
11 82.9 69.51 -181.95 0.17
11 74.64 77.45 -181.95 0.17
11 59.09 94.97 -181.95 0.17
11 50.33 103.57 -181.95 0.17
11 44.21 113.66 -182.94 0.17
11 59.76 117.63 -182.94 0.17
11 73.81 108.53 -182.94 0.17
11 85.05 118.95 -182.94 0.17
11 83.4 131.02 -182.94 0.17
11 75.13 147.55 -184 0.17
11 103.74 128.21 -184 0.17
11 93.16 104.73 -184 0.17
11 99.6 88.69 -184 0.17
11 86.87 89.52 -184 0.17
11 108.7 74.63 -184 0.17
11 126.56 65.21 -184 0.17
11 134.66 76.12 -184 0.17
11 114.65 89.35 -185.28 0.17
11 125.56 99.44 -185.28 0.17
11 117.3 118.29 -185.28 0.17
11 120.27 132.67 -185.28 0.17
11 141.11 144.41 -185.28 0.17
11 124.9 152.51 -186.19 0.17
11 103.24 147.89 -186.19 0.17
11 146.9 155.66 -186.19 0.17
11 139.12 111.84 -186.19 0.17
11 131.02 120.6 -164.68 0.17
11 160.62 135.81 -163.77 0.17
11 150.37 144.74 -163.77 0.17
11 170.21 107.37 -163.77 0.17
11 142.1 87.2 -162.56 0.17
11 56.78 69.34 -162.56 0.17
11 36.94 115.64 -165.44 0.17
11 55.62 30.65 -168.09 0.17
11 76.12 91.67 -169.23 0.17
11 96.96 122.26 -170.13 0.17
11 109.2 112.83 -170.13 0.17
11 69.84 157.12 -171.27 0.17
11 82.24 166.05 -172.18 0.17
11 94.15 158.61 -172.18 0.17
11 123.42 161.09 -172.18 0.17
11 127.71 173.16 -167.71 0.17
11 142.27 165.22 -169.91 0.17
11 67.69 128.85 -172.18 0.17
11 157.31 158.44 -173.01 0.17
11 74.14 19.24 -160.06 0.17
11 92.16 11.64 -161.27 0.17
11 59.59 29.16 -164.15 0.17
11 63.56 46.52 -165.44 0.17
11 82.08 37.6 -161.5 0.17
11 89.85 49.34 -160.06 0.17
11 92.83 32.8 -162.18 0.17
11 113.99 21.56 -163.92 0.17
11 109.03 37.76 -163.92 0.17
11 116.14 60.41 -163.92 0.17
11 87.53 74.3 -163.92 0.17
11 94.31 64.05 -165.21 0.17
11 70.17 60.58 -165.21 0.17
11 60.91 76.29 -166.27 0.17
11 74.8 81.41 -166.42 0.17
11 57.44 91.17 -166.42 0.17
11 44.38 102.74 -166.42 0.17
11 32.64 114.65 -166.42 0.17
11 52.98 121.43 -167.26 0.17
11 65.05 110.19 -167.26 0.17
11 79.6 115.81 -167.26 0.17
11 87.04 134.49 -168.09 0.17
11 77.78 148.88 -168.09 0.17
11 75.63 141.11 -168.09 0.17
11 60.25 149.04 -169 0.17
11 97.29 122.09 -169 0.17
11 100.6 139.12 -169 0.17
11 113.49 135.65 -169.83 0.17
11 120.6 122.75 -169.83 0.17
11 103.74 107.7 -169.83 0.17
11 100.43 87.7 -170.66 0.17
11 120.27 102.91 -170.66 0.17
11 125.56 79.93 -169.3 0.17
11 134.33 102.25 -167.03 0.17
11 139.62 32.47 -167.03 0.17
11 129.2 30.16 -167.03 0.17
11 135.32 43.55 -167.03 0.17
11 160.45 37.93 -167.03 0.17
11 152.19 30.49 -168.09 0.17
11 149.87 48.84 -168.09 0.17
11 142.76 71.66 -169.15 0.17
11 149.71 91.34 -167.56 0.17
11 167.56 96.13 -164.23 0.17
11 159.46 109.85 -157.94 0.17
11 143.26 122.59 -166.57 0.17
11 134.82 141.6 -164.15 0.17
11 136.97 152.51 -164.15 0.17
11 105.23 154 -164.15 0.17
11 87.86 157.14 -164.15 0.17
11 170.54 124.07 -164.15 0.17
11 157.31 135.81 -164.15 0.17
11 179.47 135.65 -164.15 0.17
11 185.42 119.78 -163.01 0.17
11 180.13 105.72 -163.01 0.17
11 187.08 81.25 -163.92 0.17
11 171.37 78.44 -163.92 0.17
11 187.9 134.16 -164.3 0.17
11 170.71 150.86 -164.91 0.17
11 142.27 155.49 -166.04 0.17
11 115.15 90.01 -166.04 0.17
11 91.67 96.63 -166.04 0.17
11 84.56 167.21 -164.98 0.17
11 76.12 161.42 -166.73 0.17
11 114.49 163.57 -167.71 0.17
11 126.56 174.48 -167.71 0.17
11 144.91 173.32 -164.07 0.17
11 139.29 160.76 -164.07 0.17
11 121.1 153.15 -164.07 0.17
11 163.6 165.39 -164.07 0.17
11 211.24 97.29 -160.29 0.17
11 205.13 120.77 -160.29 0.17
11 197.35 111.67 -161.57 0.17
11 196.86 140.44 -162.56 0.17
11 191.24 146.23 -162.56 0.17
11 213.23 84.72 -162.56 0.17
11 202.15 81.25 -162.56 0.17
11 210.91 71.16 -163.39 0.17
11 189.25 65.87 -163.39 0.17
11 176.85 67.86 -163.39 0.17
11 178.01 50.49 -163.39 0.17
11 187.43 39.25 -163.39 0.17
11 200.5 57.27 -164.38 0.17
11 210.42 100.1 -142.33 0.17
11 210.58 110.02 -142.33 0.17
11 221.99 91.17 -142.33 0.17
11 221.16 80.59 -142.33 0.17
11 203.47 87.37 -142.33 0.17
11 208.27 71.49 -142.33 0.17
11 190.08 77.94 -142.33 0.17
11 192.89 65.04 -142.33 0.17
11 177.35 73.81 -142.33 0.17
11 185.94 65.21 -142.33 0.17
11 182.31 50.82 -142.33 0.17
11 195.7 43.05 -142.33 0.17
11 177.68 34.62 -142.33 0.17
11 146.1 38.26 -142.33 0.17
11 153.7 55.12 -142.33 0.17
11 155.85 45.7 -142.33 0.17
11 145.1 51.32 -142.33 0.17
11 145.6 74.97 -142.33 0.17
11 151.06 93.48 -142.33 0.17
11 173.05 109.36 -142.33 0.17
11 170.07 123.41 -142.33 0.17
11 191.4 118.45 -142.33 0.17
11 187.1 136.31 -142.33 0.17
11 185.94 141.44 -142.33 0.17
11 201.65 146.56 -142.33 0.17
11 205.95 141.77 -142.33 0.17
11 207.27 130.36 -142.33 0.17
11 202.48 119.44 -142.33 0.17
11 219.18 113.16 -142.33 0.17
11 184.62 90.34 -142.33 0.17
11 188.26 31.48 -142.33 0.17
11 161.14 121.1 -142.33 0.17
11 148.74 113.49 -142.33 0.17
11 136.31 20.73 -142.33 0.17
11 124.74 28.67 -142.33 0.17
11 110.85 20.56 -142.33 0.17
11 138.46 40.24 -142.33 0.17
11 117.96 51.32 -145.52 0.17
11 115.64 67.03 -145.52 0.17
11 123.58 77.45 -145.52 0.17
11 133.34 93.98 -143.32 0.17
11 135.98 72.15 -143.32 0.17
11 163.1 79.76 -143.32 0.17
11 91.34 30.65 -148.32 0.17
11 93.82 10.81 -148.32 0.17
11 72.32 16.27 -147.26 0.17
11 59.42 28.83 -147.26 0.17
11 64.55 43.88 -147.26 0.17
11 74.64 49.34 -147.26 0.17
11 56.28 63.06 -147.26 0.17
11 65.71 81.91 -148.09 0.17
11 78.11 73.81 -148.09 0.17
11 77.28 58.93 -148.09 0.17
11 87.04 81.91 -148.09 0.17
11 93.82 66.86 -148.09 0.17
11 102.25 94.15 -148.09 0.17
11 116.64 87.86 -148.92 0.17
11 108.37 107.54 -148.92 0.17
11 74.31 105.56 -149.83 0.17
11 63.89 118.12 -149.83 0.17
11 52.15 102.91 -149.83 0.17
11 36.94 105.89 -150.74 0.17
11 30.32 119.28 -150.74 0.17
11 60.25 143.42 -151.65 0.17
11 77.61 158.14 -152.48 0.17
11 79.6 141.44 -152.48 0.17
11 82.08 150.53 -153.47 0.17
11 91.17 140.78 -153.47 0.17
11 98.78 116.14 -137.79 0.17
11 99.6 136.64 -136.73 0.17
11 114.65 132.18 -134.99 0.17
11 127.71 121.93 -134.99 0.17
11 133.34 109.19 -135.82 0.17
11 138.46 126.89 -139.46 0.17
11 118.79 146.56 -142.64 0.17
11 104.57 152.68 -145.82 0.17
11 99.27 78.93 -137.18 0.17
11 102.42 43.71 -137.18 0.17
11 51.16 76.78 -137.18 0.17
11 50.33 65.04 -137.18 0.17
11 32.47 82.41 -135.44 0.17
11 34.79 60.08 -134.61 0.17
11 42.23 84.06 -134.61 0.17
11 39.42 46.19 -134.61 0.17
11 95.97 25.19 -136.27 0.17
11 104.57 9.16 -136.27 0.17
11 130.19 48.01 -136.27 0.17
11 127.38 62.56 -136.27 0.17
11 89.85 105.39 -136.27 0.17
11 79.76 95.14 -136.27 0.17
11 72.65 132.51 -136.27 0.17
11 128.21 130.52 -136.27 0.17
11 126.56 153.51 -136.27 0.17
11 143.59 142.76 -136.27 0.17
11 161.61 131.35 -136.27 0.17
11 168.06 141.44 -136.27 0.17
11 179.97 138.13 -136.27 0.17
11 184.1 153.18 -136.27 0.17
11 93.65 165.06 -136.27 0.17
11 75.3 172.5 -136.27 0.17
11 88.36 163.57 -136.27 0.17
11 88.53 171.01 -136.27 0.17
11 105.23 145.38 -136.27 0.17
11 116.47 159.6 -136.27 0.17
11 126.23 169.85 -136.27 0.17
11 127.22 177.95 -136.27 0.17
11 144.75 180.93 -136.27 0.17
11 147.56 162.08 -136.27 0.17
11 159.63 157.45 -136.27 0.17
11 169.88 170.68 -136.27 0.17
11 173.35 153.48 -136.27 0.17
11 134.99 158.61 -136.27 0.17
11 101.92 121.24 -136.27 0.17
11 60.58 129.51 -136.27 0.17
11 85.72 123.06 -136.27 0.17
11 167.4 99.93 -136.27 0.17
11 81.09 28.67 -147.33 0.17
11 137.47 31.31 -147.33 0.17
11 53.64 14.61 -130.21 0.17
11 69.18 11.64 -134.83 0.17
11 82.41 12.79 -134.83 0.17
11 74.64 26.19 -135.67 0.17
11 66.37 41.9 -135.67 0.17
11 54.3 29.16 -137.03 0.17
11 73.48 47.85 -137.03 0.17
11 55.95 55.12 -137.03 0.17
11 47.35 76.12 -137.03 0.17
11 49.5 86.21 -137.03 0.17
11 50.33 105.72 -137.03 0.17
11 32.14 92 -137.03 0.17
11 31.98 104.4 -137.03 0.17
11 35.45 118.12 -137.03 0.17
11 45.54 123.41 -137.03 0.17
11 55.62 117.3 -137.03 0.17
11 33.46 78.77 -137.03 0.17
11 36.94 64.55 -137.03 0.17
11 71.16 82.41 -137.03 0.17
11 70.67 98.45 -137.03 0.17
11 79.43 111.01 -137.03 0.17
11 100.43 107.7 -137.03 0.17
11 92.49 95.96 -137.87 0.17
11 83.07 78.6 -137.87 0.17
11 76.95 58.76 -137.87 0.17
11 64.72 71.66 -137.87 0.17
11 97.79 53.64 -137.87 0.17
11 112.01 62.23 -138.7 0.17
11 98.94 41.4 -138.7 0.17
11 83.07 39.08 -139.68 0.17
11 93.16 26.02 -139.68 0.17
11 106.38 27.34 -139.68 0.17
11 112.5 15.11 -139.68 0.17
11 122.26 27.84 -139.68 0.17
11 138.96 24.37 -140.59 0.17
11 137.3 38.09 -140.59 0.17
11 159.79 40.41 -140.59 0.17
11 161.94 54.63 -135.97 0.17
11 139.12 52.64 -135.06 0.17
11 124.24 71.66 -136.2 0.17
11 132.34 88.19 -136.2 0.17
11 115.81 97.12 -136.2 0.17
11 96.96 75.46 -136.2 0.17
11 155.82 98.11 -136.2 0.17
11 137.8 112 -136.2 0.17
11 146.56 127.71 -136.2 0.17
11 127.38 128.7 -136.2 0.17
11 106.88 116.96 -136.2 0.17
11 109.36 144.91 -136.2 0.17
11 93.49 140.61 -136.2 0.17
11 91.67 149.54 -136.2 0.17
11 75.3 147.72 -136.2 0.17
11 74.64 158.63 -136.2 0.17
11 59.26 148.71 -136.2 0.17
11 70.67 135.48 -136.2 0.17
11 84.89 125.89 -136.2 0.17
11 110.19 132.18 -136.2 0.17
11 133.17 147.55 -137.03 0.17
11 151.53 142.59 -137.03 0.17
11 161.61 123.25 -137.03 0.17
11 169.71 137.8 -137.03 0.17
11 180.96 121.1 -137.03 0.17
11 174.01 107.54 -137.03 0.17
11 178.15 80.26 -137.03 0.17
11 158.14 85.38 -137.03 0.17
11 180.63 96.79 -137.03 0.17
11 138.46 100.93 -137.03 0.17
11 123.42 113.82 -137.03 0.17
11 145.41 70.5 -137.03 0.17
11 117.3 83.23 -137.03 0.17
11 125.9 52.81 -137.03 0.17
11 71 118.29 -137.03 0.17
11 88.69 170.02 -137.03 0.17
11 77.94 175.31 -137.03 0.17
11 68.35 170.51 -137.03 0.17
11 97.95 167.7 -137.03 0.17
11 110.35 158.11 -137.03 0.17
11 112.17 165.72 -137.03 0.17
11 124.74 164.4 -137.03 0.17
11 127.05 174.81 -137.03 0.17
11 143.09 165.72 -129.91 0.17
11 143.42 179.94 -129.08 0.17
11 157.64 169.69 -131.5 0.17
11 152.68 155.14 -133.09 0.17
11 164.75 163.07 -133.09 0.17
11 194.21 43.22 -120.9 0.17
11 185.28 38.42 -120.9 0.17
11 175.2 29.16 -120.9 0.17
11 188.76 58.43 -121.81 0.17
11 176.52 66.7 -121.81 0.17
11 167.26 68.19 -121.81 0.17
11 195.04 76.12 -121.81 0.17
11 201.65 64.22 -122.87 0.17
11 210.09 54.46 -122.87 0.17
11 206.28 82.9 -122.87 0.17
11 219.01 70.83 -122.87 0.17
11 218.85 83.56 -122.87 0.17
11 202.15 95.63 -123.7 0.17
11 217.36 104.73 -124.68 0.17
11 206.78 106.88 -134.53 0.17
11 195.7 112.17 -134.53 0.17
11 205.62 124.74 -134.53 0.17
11 189.75 133 -135.37 0.17
11 188.59 144.91 -135.37 0.17
11 200.5 149.21 -132.94 0.17
11 212.07 138.29 -131.27 0.17
11 176.52 51.32 -120.75 0.17
11 150.56 28.5 -121.58 0.17
11 144.77 47.85 -122.64 0.17
11 153.7 64.05 -122.64 0.17
11 150.06 112.83 -122.64 0.17
11 189.25 157.95 -122.64 0.17
11 174.54 153.15 -122.64 0.17
11 221.33 57.44 -104.61 0.17
11 221.5 70.34 -104.61 0.17
11 209.09 67.52 -104.61 0.17
11 201.65 76.12 -105.52 0.17
11 193.22 82.24 -105.52 0.17
11 192.06 104.73 -105.52 0.17
11 200.5 113.49 -105.52 0.17
11 193.88 126.39 -105.52 0.17
11 210.91 137.96 -105.52 0.17
11 207.27 149.87 -105.52 0.17
11 191.07 145.57 -105.52 0.17
11 213.39 108.37 -105.52 0.17
11 206.12 99.44 -105.52 0.17
11 225.13 102.41 -105.52 0.17
11 225.79 119.28 -105.52 0.17
11 235.38 114.65 -105.52 0.17
11 222.98 83.56 -105.52 0.17
11 208.93 87.04 -105.52 0.17
11 184.62 49.67 -105.52 0.17
11 191.07 40.9 -105.52 0.17
11 180.49 37.1 -105.52 0.17
11 181.65 28.17 -105.52 0.17
11 159.82 22.71 -114.76 0.17
11 156.84 35.12 -114.76 0.17
11 151.22 49.5 -114.76 0.17
11 160.81 58.26 -114.76 0.17
11 155.19 74.8 -114.76 0.17
11 163.62 70.5 -114.76 0.17
11 152.05 89.19 -114.76 0.17
11 175.53 110.85 -114.76 0.17
11 165.94 120.44 -114.76 0.17
11 180.82 73.97 -113.02 0.17
11 188.09 69.84 -113.02 0.17
11 178.67 56.94 -110.82 0.17
11 199.34 62.23 -110.82 0.17
11 193.22 53.3 -111.96 0.17
11 181.15 85.05 -112.79 0.17
11 170.73 82.24 -114.38 0.17
11 179.17 96.3 -114.38 0.17
11 164.95 110.35 -118.47 0.17
11 152.38 98.45 -118.47 0.17
11 149.4 119.61 -118.47 0.17
11 157.67 134.33 -118.47 0.17
11 164.45 127.38 -118.47 0.17
11 143.28 133.66 -117.56 0.17
11 177.18 135.65 -117.56 0.17
11 189.58 150.86 -117.56 0.17
11 214.39 126.06 -117.56 0.17
11 187.1 159.6 -115.44 0.17
11 164.61 149.35 -115.44 0.17
11 152.87 146.21 -116.65 0.17
11 148.41 162.41 -116.65 0.17
11 159.49 166.38 -117.49 0.17
11 144.77 171.67 -117.49 0.17
11 151.55 186.72 -118.32 0.17
11 159.65 182.25 -118.32 0.17
11 154.53 175.81 -118.32 0.17
11 185.12 116.14 -117.34 0.17
11 67.2 41.73 -117.56 0.17
11 73.48 31.31 -117.56 0.17
11 61.08 37.27 -117.56 0.17
11 65.54 25.19 -117.56 0.17
11 74.97 17.42 -117.56 0.17
11 51.82 11.47 -117.56 0.17
11 61.9 4.03 -117.56 0.17
11 73.15 6.51 -117.56 0.17
11 79.27 13.12 -117.56 0.17
11 86.05 11.64 -117.56 0.17
11 74.64 -2.91 -117.56 0.17
11 98.45 7.83 -117.56 0.17
11 105.06 16.1 -117.56 0.17
11 89.35 34.12 -117.56 0.17
11 98.28 46.52 -117.56 0.17
11 109.2 30.16 -117.56 0.17
11 113.99 15.27 -117.56 0.17
11 118.62 26.52 -117.56 0.17
11 125.23 21.72 -117.56 0.17
11 131.19 40.24 -117.56 0.17
11 135.16 24.37 -117.56 0.17
11 137.8 54.96 -117.56 0.17
11 116.14 67.36 -118.4 0.17
11 81.09 58.76 -118.4 0.17
11 74.31 71.66 -118.4 0.17
11 62.73 59.09 -118.4 0.17
11 51.49 66.86 -118.4 0.17
11 61.9 82.08 -119.68 0.17
11 47.52 82.41 -118.32 0.17
11 42.72 89.19 -116.81 0.17
11 34.79 90.51 -115.82 0.17
11 28.34 80.09 -114.76 0.17
11 19.57 79.76 -114.76 0.17
11 22.55 96.63 -113.7 0.17
11 76.46 85.55 -115.14 0.17
11 85.05 74.14 -115.14 0.17
11 44.38 54.3 -115.14 0.17
11 43.22 107.21 -115.14 0.17
11 40.57 115.81 -115.14 0.17
11 53.64 114.32 -115.14 0.17
11 53.31 100.76 -115.14 0.17
11 25.69 110.85 -115.14 0.17
11 29.17 125.23 -115.14 0.17
11 43.05 130.19 -115.14 0.17
11 68.35 144.41 -115.14 0.17
11 69.01 135.15 -115.14 0.17
11 72.98 110.02 -116.2 0.17
11 77.12 100.26 -116.2 0.17
11 103.24 109.36 -117.03 0.17
11 89.68 123.41 -117.03 0.17
11 87.86 134 -115.75 0.17
11 105.56 140.11 -114.23 0.17
11 107.87 124.41 -115.29 0.17
11 112.5 97.62 -116.35 0.17
11 117.96 110.35 -116.35 0.17
11 121.43 129.37 -116.35 0.17
11 134.82 110.52 -116.35 0.17
11 132.68 92.66 -115.14 0.17
11 98.45 77.11 -115.14 0.17
11 101.09 96.96 -115.14 0.17
11 114.16 52.31 -115.97 0.17
11 121.43 59.42 -115.97 0.17
11 101.26 64.55 -115.97 0.17
11 32.14 29.99 -115.97 0.17
11 34.62 42.23 -115.97 0.17
11 47.52 29.33 -115.97 0.17
11 28.17 59.75 -117.19 0.17
11 42.39 67.69 -118.02 0.17
11 58.27 53.8 -118.02 0.17
11 60.09 46.52 -118.02 0.17
11 60.25 21.72 -118.02 0.17
11 95.8 111.84 -118.02 0.17
11 136.31 138.29 -118.02 0.17
11 113.99 147.72 -118.02 0.17
11 86.71 152.68 -118.02 0.17
11 105.89 156.48 -118.02 0.17
11 74.47 158.14 -118.02 0.17
11 135.98 147.22 -118.02 0.17
11 128.71 155.49 -118.02 0.17
11 143.09 158.8 -118.02 0.17
11 69.84 174.81 -118.02 0.17
11 80.75 164.73 -118.02 0.17
11 65.21 163.4 -118.02 0.17
11 63.89 171.67 -118.02 0.17
11 87.2 179.44 -118.85 0.17
11 95.97 171.18 -118.85 0.17
11 100.27 178.29 -118.85 0.17
11 105.72 164.73 -118.85 0.17
11 116.47 177.13 -118.85 0.17
11 128.05 172 -118.85 0.17
11 127.38 164.07 -118.85 0.17
11 137.97 181.76 -118.85 0.17
11 93.49 164.89 -118.85 0.17
11 127.22 118.62 -113.93 0.17
11 125.56 136.31 -111.28 0.17
11 125.07 103.9 -113.02 0.17
11 137.3 72.49 -113.85 0.17
11 141.11 90.67 -113.85 0.17
11 116.47 40.9 -114.69 0.17
11 98.94 35.61 -114.69 0.17
11 89.35 84.23 -116.2 0.17
11 99.77 134.33 -114.23 0.17
11 145.41 21.89 -114.23 0.17
11 25.03 71 -90.45 0.17
11 48.02 87.53 -90.45 0.17
11 44.54 74.63 -92.64 0.17
11 58.93 73.64 -92.64 0.17
11 51.65 59.59 -92.64 0.17
11 37.6 45.7 -93.7 0.17
11 46.03 38.75 -93.7 0.17
11 34.95 31.97 -93.7 0.17
11 50.99 19.74 -94.76 0.17
11 41.9 16.27 -94.76 0.17
11 66.53 21.23 -94.76 0.17
11 78.11 10.48 -94.76 0.17
11 64.55 5.35 -94.76 0.17
11 82.9 -1.92 -94.76 0.17
11 94.81 8.82 -94.76 0.17
11 108.7 0.56 -94.76 0.17
11 106.55 23.38 -94.76 0.17
11 129.04 8.49 -95.6 0.17
11 126.89 23.71 -95.6 0.17
11 134.33 34.12 -95.6 0.17
11 144.91 19.41 -96.51 0.17
11 145.24 28.34 -96.51 0.17
11 159.79 22.55 -99.46 0.17
11 160.78 34.29 -99.46 0.17
11 173.19 25.69 -99.46 0.17
11 186.58 32.14 -99.46 0.17
11 75.63 93.98 -100.52 0.17
11 57.77 97.95 -99.54 0.17
11 51.82 109.69 -99.54 0.17
11 40.08 125.4 -98.4 0.17
11 32.97 108.53 -98.4 0.17
11 33.3 93.48 -98.4 0.17
11 17.26 92.66 -98.4 0.17
11 20.57 109.52 -98.4 0.17
11 73.15 116.47 -99.38 0.17
11 91.17 113 -99.38 0.17
11 104.73 102.58 -99.38 0.17
11 92.66 78.77 -99.38 0.17
11 92 65.87 -98.47 0.17
11 73.15 62.07 -96.2 0.17
11 73.64 46.36 -96.2 0.17
11 67.03 36.27 -97.04 0.17
11 59.09 44.87 -97.87 0.17
11 100.76 41.73 -97.87 0.17
11 101.59 59.42 -97.87 0.17
11 95.47 31.64 -97.87 0.17
11 127.88 46.36 -98.7 0.17
11 121.1 61.57 -103.55 0.17
11 132.01 69.67 -103.55 0.17
11 125.4 87.7 -101.5 0.17
11 113.16 75.79 -100.44 0.17
11 113.33 121.93 -102.79 0.17
11 114.49 134.16 -102.79 0.17
11 95.8 139.45 -102.79 0.17
11 77.61 138.13 -102.79 0.17
11 69.18 151.69 -102.79 0.17
11 101.92 147.06 -102.79 0.17
11 113.49 150.53 -102.79 0.17
11 134.82 128.7 -101.96 0.17
11 139.62 111.67 -101.96 0.17
11 145.9 131.18 -101.13 0.17
11 161.12 115.15 -101.13 0.17
11 174.84 115.31 -101.13 0.17
11 152.02 95.3 -101.13 0.17
11 151.53 77.61 -101.13 0.17
11 144.58 64.22 -101.13 0.17
11 136.48 95.63 -101.13 0.17
11 117.96 100.76 -101.13 0.17
11 83.73 127.88 -100.14 0.17
11 62.07 126.72 -100.14 0.17
11 53.97 143.26 -100.14 0.17
11 47.35 136.15 -100.14 0.17
11 164.42 48.34 -100.14 0.17
11 171.7 68.85 -100.14 0.17
11 164.42 86.04 -100.14 0.17
11 179.3 99.6 -100.14 0.17
11 184.93 119.11 -100.14 0.17
11 176.66 131.18 -100.14 0.17
11 155 140.11 -100.14 0.17
11 131.85 148.55 -100.14 0.17
11 76.12 161.09 -98.63 0.17
11 81.09 169.03 -98.63 0.17
11 64.22 168.03 -98.63 0.17
11 72.49 179.28 -98.63 0.17
11 97.12 177.62 -98.63 0.17
11 92 164.07 -98.63 0.17
11 90.01 180.77 -98.63 0.17
11 108.2 180.77 -98.63 0.17
11 122.92 170.68 -98.63 0.17
11 104.9 161.42 -102.72 0.17
11 129.04 180.1 -102.72 0.17
11 135.82 164.73 -102.72 0.17
11 145.24 181.43 -102.72 0.17
11 148.38 167.54 -101.66 0.17
11 152.85 185.06 -101.66 0.17
11 116.47 175.81 -101.66 0.17
11 161.28 128.68 -102.49 0.17
11 153.67 120.91 -102.49 0.17
11 138.96 142.43 -100.97 0.17
11 86.38 99.44 -95.52 0.17
11 95.31 91.67 -96.81 0.17
11 181.62 48.18 -97.72 0.17
11 169.55 40.41 -97.72 0.17
11 160.78 61.57 -97.72 0.17
11 147.72 45.04 -98.55 0.17
11 91.17 49.67 -98.55 0.17
11 83.07 28.67 -98.55 0.17
11 109.86 11.97 -98.55 0.17
11 116.47 37.6 -99.46 0.17
11 66.53 78.11 -99.46 0.17
11 192.06 22.88 -98.25 0.17
11 195.2 6.84 -99.31 0.17
11 202.31 28.01 -99.31 0.17
11 195.54 38.09 -100.37 0.17
11 207.94 40.9 -103.78 0.17
11 207.11 51.98 -100.97 0.17
11 220.83 51.32 -100.97 0.17
11 216.2 74.47 -99.84 0.17
11 208.43 64.22 -99.84 0.17
11 240.18 71 -98.93 0.17
11 219.51 89.02 -97.19 0.17
11 220.83 100.59 -97.19 0.17
11 204.79 96.63 -97.19 0.17
11 202.31 79.1 -94.91 0.17
11 199.34 64.38 -94.01 0.17
11 186.61 64.38 -94.01 0.17
11 188.09 77.28 -95.22 0.17
11 192.39 99.27 -103.85 0.17
11 194.87 113.66 -102.87 0.17
11 206.45 129.37 -101.13 0.17
11 195.2 135.81 -99.76 0.17
11 201.32 149.54 -100.22 0.17
11 209.76 153.18 -100.22 0.17
11 214.39 144.25 -102.87 0.17
11 223.48 133.66 -102.87 0.17
11 217.86 116.47 -102.87 0.17
11 231.75 122.26 -102.87 0.17
11 238.2 109.69 -102.87 0.17
11 231.58 97.29 -102.87 0.17
11 245.31 87.86 -82.26 0.17
11 245.47 97.78 -80.98 0.17
11 227.78 111.67 -101.81 0.17
11 199.17 121.43 -104.23 0.17
11 183.96 130.03 -105.37 0.17
11 226.95 62.4 -105.37 0.17
11 239.85 70.67 -81.51 0.17
11 244.31 78.77 -81.51 0.17
11 232.24 87.2 -80.29 0.17
11 242.66 94.31 -80.29 0.17
11 231.25 102.74 -73.48 0.17
11 224.64 96.96 -74.99 0.17
11 222.16 134 -75.9 0.17
11 221.83 125.56 -75.9 0.17
11 226.29 144.08 -75.9 0.17
11 229.27 131.52 -75.9 0.17
11 237.86 131.85 -75.9 0.17
11 239.85 123.25 -75.9 0.17
11 239.35 102.58 -75.9 0.17
11 245.8 113 -75.9 0.17
11 226.95 49.17 -74.61 0.17
11 217.86 48.34 -74.61 0.17
11 215.54 63.72 -74.61 0.17
11 230.92 57.44 -74.61 0.17
11 227.61 70.83 -74.61 0.17
11 214.72 73.15 -74.61 0.17
11 207.61 86.71 -74.61 0.17
11 211.74 93.32 -74.61 0.17
11 202.15 100.43 -74.61 0.17
11 214.72 112.83 -74.61 0.17
11 221.33 107.54 -74.61 0.17
11 199.83 128.37 -74.61 0.17
11 213.06 127.22 -74.61 0.17
11 212.07 136.81 -74.61 0.17
11 213.06 152.02 -74.61 0.17
11 200.83 145.4 -75.6 0.17
11 185.61 48.51 -75.6 0.17
11 185.45 58.93 -75.6 0.17
11 186.11 73.81 -75.6 0.17
11 199.67 71.16 -75.6 0.17
11 195.2 54.79 -75.6 0.17
11 204.79 34.95 -75.6 0.17
11 222.32 35.28 -75.6 0.17
11 180.65 25.53 -75.6 0.17
11 177.35 32.14 -75.6 0.17
11 147.91 12.63 -75.6 0.17
11 160.15 28.01 -75.6 0.17
11 148.58 40.9 -75.6 0.17
11 156.51 48.51 -75.6 0.17
11 163.62 39.75 -75.6 0.17
11 171.56 52.31 -75.6 0.17
11 157.67 60.91 -75.6 0.17
11 153.54 72.15 -75.6 0.17
11 164.61 80.09 -74.77 0.17
11 168.75 76.12 -74.77 0.17
11 174.04 95.96 -75.67 0.17
11 187.6 91.5 -73.7 0.17
11 186.61 107.04 -75.14 0.17
11 179.66 113.66 -76.96 0.17
11 160.48 128.54 -78.4 0.17
11 178.17 123.25 -78.4 0.17
11 183.63 129.7 -78.4 0.17
11 190.91 116.3 -78.4 0.17
11 164.78 106.38 -77.49 0.17
11 147.91 109.19 -77.49 0.17
11 153.54 96.79 -77.49 0.17
11 152.54 122.59 -77.49 0.17
11 149.24 139.95 -77.49 0.17
11 179.5 145.24 -77.49 0.17
11 201.16 152.82 -78.55 0.17
11 207.61 162.74 -78.55 0.17
11 90.51 -4.57 -73.1 0.17
11 80.09 2.05 -73.1 0.17
11 75.46 -3.41 -71.96 0.17
11 57.61 -0.77 -71.96 0.17
11 49.83 4.03 -71.96 0.17
11 53.8 13.79 -71.96 0.17
11 92.49 7.83 -71.96 0.17
11 104.23 12.46 -71.96 0.17
11 113 4.69 -71.96 0.17
11 124.08 5.85 -71.96 0.17
11 121.1 19.41 -71.96 0.17
11 132.34 15.77 -71.96 0.17
11 134 27.34 -71.96 0.17
11 134 35.61 -71.96 0.17
11 126.39 29.49 -73.02 0.17
11 122.59 36.44 -73.02 0.17
11 116.47 28.5 -72.19 0.17
11 106.55 34.95 -72.19 0.17
11 97.95 25.36 -72.19 0.17
11 79.76 27.01 -72.19 0.17
11 95.8 36.93 -72.19 0.17
11 68.68 42.89 -73.17 0.17
11 75.63 51.49 -73.17 0.17
11 82.41 60.91 -73.17 0.17
11 65.21 67.36 -73.17 0.17
11 48.18 64.38 -76.81 0.17
11 56.94 55.95 -74.69 0.17
11 44.87 39.08 -73.4 0.17
11 35.61 43.55 -73.4 0.17
11 33.63 26.85 -74.24 0.17
11 40.91 21.56 -74.24 0.17
11 55.62 35.12 -74.24 0.17
11 68.85 29.33 -74.24 0.17
11 67.86 16.76 -73.4 0.17
11 108.37 49.67 -73.4 0.17
11 100.43 66.37 -73.4 0.17
11 111.18 74.63 -73.4 0.17
11 125.9 59.09 -73.4 0.17
11 123.42 81.25 -73.4 0.17
11 129.37 89.68 -73.4 0.17
11 131.85 106.55 -81.05 0.17
11 73.48 141.6 -78.55 0.17
11 87.37 144.58 -77.64 0.17
11 68.52 128.04 -77.64 0.17
11 56.78 120.93 -77.64 0.17
11 48.51 113 -76.73 0.17
11 43.55 124.07 -76.73 0.17
11 27.68 103.57 -77.57 0.17
11 21.23 108.2 -77.57 0.17
11 26.85 92 -77.57 0.17
11 13.79 85.88 -77.57 0.17
11 21.39 76.45 -76.2 0.17
11 24.87 68.35 -75.14 0.17
11 38.76 76.12 -74.08 0.17
11 31.15 60.08 -73.1 0.17
11 56.28 75.13 -73.1 0.17
11 46.36 88.36 -74.54 0.17
11 57.11 103.24 -74.54 0.17
11 79.76 87.53 -74.54 0.17
11 76.29 102.91 -74.54 0.17
11 87.53 115.64 -74.54 0.17
11 99.27 105.39 -74.54 0.17
11 93.32 95.8 -74.54 0.17
11 116.64 117.46 -73.4 0.17
11 127.71 127.55 -73.4 0.17
11 135.82 118.78 -73.4 0.17
11 139.79 135.32 -73.4 0.17
11 123.75 140.94 -73.4 0.17
11 112.5 147.89 -73.4 0.17
11 98.28 133.66 -73.4 0.17
11 112.01 129.04 -73.4 0.17
11 120.11 156.81 -73.4 0.17
11 98.61 153.51 -73.4 0.17
11 74.97 159.63 -73.4 0.17
11 52.15 155.33 -73.4 0.17
11 43.72 142.43 -73.4 0.17
11 37.76 136.31 -73.4 0.17
11 75.13 77.94 -72.49 0.17
11 91.17 87.04 -72.49 0.17
11 139.45 79.76 -72.49 0.17
11 116.8 100.59 -72.49 0.17
11 133.67 156.48 -72.49 0.17
11 107.38 181.26 -72.49 0.17
11 139.29 180.44 -72.49 0.17
11 161.61 181.59 -72.49 0.17
11 151.69 175.47 -72.49 0.17
11 141.6 169.69 -72.49 0.17
11 145.9 163.07 -72.49 0.17
11 131.85 177.95 -72.49 0.17
11 122.92 175.81 -72.49 0.17
11 100.27 176.47 -72.49 0.17
11 82.57 171.34 -72.49 0.17
11 90.01 163.4 -72.49 0.17
11 73.15 172.5 -72.49 0.17
11 70.34 147.03 -72.49 0.17
11 61.08 152.33 -72.49 0.17
11 56.12 136.62 -72.49 0.17
11 51.16 143.73 -72.49 0.17
11 49.5 128.18 -72.49 0.17
11 107.87 159.1 -72.49 0.17
11 106.38 168.03 -72.49 0.17
11 132.01 167.21 -72.49 0.17
11 140.61 152.16 -72.49 0.17
11 158.47 167.21 -72.49 0.17
11 108.37 111.84 -72.49 0.17
11 106.22 85.38 -72.49 0.17
11 71 8.66 -72.49 0.17
11 136.15 53.3 -81.28 0.17
11 139.45 41.23 -81.28 0.17
11 167.89 21.06 -82.11 0.17
11 168.89 36.93 -82.11 0.17
11 181.12 39.25 -82.11 0.17
11 108.53 63.23 -82.11 0.17
11 26.52 70.5 -67.42 0.17
11 40.41 70.83 -67.42 0.17
11 40.08 60.58 -67.42 0.17
11 33.13 50.33 -68.63 0.17
11 41.9 42.23 -69.46 0.17
11 31.31 33.63 -69.46 0.17
11 51.98 47.19 -70.75 0.17
11 55.13 33.79 -72.34 0.17
11 46.86 26.02 -73.93 0.17
11 68.02 26.35 -73.93 0.17
11 69.35 17.42 -73.93 0.17
11 58.93 17.75 -74.99 0.17
11 50.33 6.34 -75.83 0.17
11 60.42 6.51 -75.83 0.17
11 62.4 -2.42 -75.83 0.17
11 67.86 3.53 -76.89 0.17
11 77.78 -0.6 -76.89 0.17
11 83.24 10.81 -77.72 0.17
11 143.09 11.8 -75.07 0.17
11 127.22 6.68 -73.78 0.17
11 108.86 3.04 -74.99 0.17
11 97.12 3.2 -76.2 0.17
11 86.38 -1.59 -76.2 0.17
11 109.69 102.74 -74.77 0.17
11 120.44 93.15 -74.77 0.17
11 115.15 76.95 -74.77 0.17
11 86.54 88.19 -74.77 0.17
11 99.44 74.3 -74.77 0.17
11 85.05 64.71 -74.77 0.17
11 65.54 68.52 -74.77 0.17
11 69.01 54.13 -74.77 0.17
11 107.05 52.31 -74.77 0.17
11 101.09 34.95 -73.48 0.17
11 111.84 26.35 -73.48 0.17
11 86.54 31.64 -73.48 0.17
11 133.34 20.23 -73.48 0.17
11 103.9 18.08 -73.48 0.17
11 94.48 25.36 -73.48 0.17
11 84.06 20.9 -73.48 0.17
11 120.6 14.28 -73.48 0.17
11 86.87 144.74 -73.48 0.17
11 95.14 134.99 -73.48 0.17
11 76.79 141.6 -73.48 0.17
11 76.29 133.5 -73.48 0.17
11 57.44 128.87 -73.48 0.17
11 45.7 120.11 -73.48 0.17
11 41.24 133.17 -73.48 0.17
11 17.92 104.07 -73.48 0.17
11 27.51 98.45 -73.48 0.17
11 32.64 113.16 -73.48 0.17
11 42.39 101.09 -73.48 0.17
11 35.45 86.54 -73.48 0.17
11 13.79 86.71 -73.48 0.17
11 52.48 83.4 -73.48 0.17
11 62.73 103.41 -73.48 0.17
11 71.16 111.01 -73.48 0.17
11 79.43 99.6 -74.39 0.17
11 86.38 113.99 -75.6 0.17
11 94.64 105.22 -75.6 0.17
11 107.71 119.78 -72.95 0.17
11 121.93 139.95 -72.95 0.17
11 111.18 149.04 -72.95 0.17
11 52.98 148.55 -72.04 0.17
11 70.67 156.15 -72.04 0.17
11 86.71 146.56 -72.04 0.17
11 149.87 87.37 -71.13 0.17
11 137.97 71.99 -71.13 0.17
11 127.05 59.26 -70.3 0.17
11 148.05 60.58 -68.48 0.17
11 136.64 37.27 -67.04 0.17
11 126.06 45.86 -67.04 0.17
11 146.4 33.63 -68.1 0.17
11 141.93 28.01 -68.1 0.17
11 122.26 34.29 -68.1 0.17
11 159.3 23.71 -68.1 0.17
11 154.17 39.75 -69.01 0.17
11 168.56 29.49 -69.01 0.17
11 182.28 28.17 -69.01 0.17
11 184.1 49.17 -69.01 0.17
11 166.74 50.99 -67.27 0.17
11 162.44 69.51 -67.27 0.17
11 168.06 87.04 -67.27 0.17
11 167.89 94.81 -67.27 0.17
11 144.58 97.45 -67.27 0.17
11 146.4 111.01 -67.27 0.17
11 154.34 122.59 -73.02 0.17
11 133.34 121.43 -73.02 0.17
11 117.96 125.23 -73.02 0.17
11 111.51 136.81 -73.02 0.17
11 176.66 116.96 -73.02 0.17
11 166.08 126.89 -73.02 0.17
11 127.22 82.41 -73.02 0.17
11 181.62 88.36 -73.02 0.17
11 184.93 107.7 -73.02 0.17
11 181.62 133 -73.02 0.17
11 160.29 140.11 -73.02 0.17
11 84.06 168.03 -73.02 0.17
11 75.46 173.99 -73.02 0.17
11 78.77 160.92 -73.02 0.17
11 68.85 163.4 -73.02 0.17
11 54.46 159.6 -73.02 0.17
11 100.93 173.32 -73.02 0.17
11 105.06 181.43 -73.02 0.17
11 113.33 173.66 -73.02 0.17
11 122.09 181.26 -73.02 0.17
11 117.96 164.89 -73.02 0.17
11 132.68 179.28 -73.93 0.17
11 133.01 169.36 -73.93 0.17
11 141.6 177.79 -73.93 0.17
11 140.12 169.19 -73.93 0.17
11 151.86 179.11 -73.93 0.17
11 155.66 169.36 -73.93 0.17
11 163.93 181.43 -73.93 0.17
11 130.36 149.85 -63.1 0.17
11 104.23 157.78 -63.1 0.17
11 91.34 161.25 -64.31 0.17
11 94.31 151.99 -65.98 0.17
11 146.9 144.72 -68.63 0.17
11 141.44 158.94 -69.46 0.17
11 153.67 157.78 -73.55 0.17
11 127.88 161.75 -72.72 0.17
11 178.64 141.58 -72.72 0.17
11 131.35 103.08 -74.99 0.17
11 117.79 113.66 -73.93 0.17
11 102.25 88.69 -71.43 0.17
11 79.6 77.28 -70.52 0.17
11 81.25 51.82 -70.52 0.17
11 152.19 51.49 -73.55 0.17
11 183.77 69.34 -73.55 0.17
11 243.82 70.34 -75.6 0.17
11 246.3 82.24 -72.95 0.17
11 239.68 87.04 -72.95 0.17
11 247.12 93.98 -72.95 0.17
11 236.05 103.08 -71.96 0.17
11 244.15 108.2 -71.96 0.17
11 244.31 118.78 -71.13 0.17
11 230.75 124.07 -71.13 0.17
11 234.89 129.04 -71.13 0.17
11 228.27 143.26 -71.13 0.17
11 209.42 141.27 -71.13 0.17
11 218.02 150.53 -71.13 0.17
11 215.87 141.44 -71.13 0.17
11 198.35 127.55 -71.96 0.17
11 217.36 133 -73.17 0.17
11 208.43 121.43 -73.17 0.17
11 199.34 111.18 -73.17 0.17
11 203.8 95.63 -73.17 0.17
11 223.48 111.34 -74.24 0.17
11 225.63 101.59 -74.24 0.17
11 215.05 101.59 -74.24 0.17
11 213.39 113.16 -74.24 0.17
11 205.62 30.98 -75.22 0.17
11 224.14 35.12 -74.24 0.17
11 228.27 60.25 -74.24 0.17
11 221.33 49.83 -74.24 0.17
11 208.6 44.54 -74.24 0.17
11 218.52 56.45 -74.24 0.17
11 208.1 55.78 -76.96 0.17
11 215.54 65.87 -75.52 0.17
11 200.16 66.7 -74.69 0.17
11 208.43 74.3 -74.69 0.17
11 214.22 80.59 -74.69 0.17
11 221.83 77.11 -76.05 0.17
11 230.09 86.87 -76.05 0.17
11 220.01 89.52 -76.05 0.17
11 205.46 85.71 -76.96 0.17
11 195.04 74.63 -76.96 0.17
11 196.03 89.19 -76.96 0.17
11 192.39 100.93 -75.07 0.17
11 190.08 115.48 -75.07 0.17
11 186.44 127.05 -75.07 0.17
11 166.27 113 -75.07 0.17
11 198.51 50.82 -75.07 0.17
11 195.37 36.44 -75.07 0.17
11 189.25 56.78 -75.07 0.17
11 177.02 43.05 -75.07 0.17
11 177.02 56.45 -75.07 0.17
11 241.67 55.29 -71.13 0.17
11 220.34 122.26 -62.95 0.17
11 196.2 140.28 -62.95 0.17
11 240.35 105.89 -49.24 0.17
11 236.05 97.78 -49.24 0.17
11 242.16 92.99 -49.24 0.17
11 234.72 91.17 -49.24 0.17
11 223.15 89.52 -49.24 0.17
11 225.96 83.73 -49.24 0.17
11 234.39 85.22 -49.24 0.17
11 230.59 77.61 -49.24 0.17
11 243.16 81.74 -49.24 0.17
11 239.02 73.48 -49.24 0.17
11 231.75 60.58 -49.24 0.17
11 222.49 63.06 -49.24 0.17
11 229.93 55.62 -49.24 0.17
11 220.5 36.44 -49.24 0.17
11 210.58 34.12 -49.24 0.17
11 197.52 39.75 -49.24 0.17
11 198.35 50.16 -49.24 0.17
11 206.78 60.08 -49.24 0.17
11 202.31 65.21 -50.07 0.17
11 191.9 53.64 -50.07 0.17
11 183.8 58.1 -50.07 0.17
11 205.46 70.5 -50.07 0.17
11 205.13 105.39 -50.9 0.17
11 204.46 92.82 -50.9 0.17
11 221.33 106.05 -50.9 0.17
11 220.5 139.78 -50.9 0.17
11 224.64 131.35 -50.9 0.17
11 230.26 141.44 -50.9 0.17
11 222.65 151.36 -50.9 0.17
11 209.09 155.49 -50.9 0.17
11 213.23 143.59 -50.9 0.17
11 205.62 118.95 -50.9 0.17
11 197.02 115.81 -50.9 0.17
11 196.69 75.96 -51.81 0.17
11 187.43 80.75 -53.02 0.17
11 183.63 98.28 -53.86 0.17
11 191.9 90.51 -54.99 0.17
11 189.42 106.88 -54.99 0.17
11 184.79 115.97 -54.16 0.17
11 174.37 123.08 -54.16 0.17
11 163.46 126.89 -54.16 0.17
11 164.78 117.63 -54.16 0.17
11 159.16 110.19 -54.99 0.17
11 152.05 96.79 -54.99 0.17
11 174.04 137.96 -54.99 0.17
11 200 144.25 -54.99 0.17
11 184.62 152.02 -54.16 0.17
11 179.83 32.3 -54.16 0.17
11 174.87 46.69 -54.16 0.17
11 189.42 38.92 -54.16 0.17
11 163.13 53.3 -54.16 0.17
11 167.59 60.91 -54.16 0.17
11 152.38 41.4 -54.16 0.17
11 159.98 34.79 -54.16 0.17
11 154.86 21.39 -54.16 0.17
11 148.24 29.99 -54.16 0.17
11 146.26 52.31 -54.16 0.17
11 152.21 58.93 -54.16 0.17
11 149.57 62.73 -54.16 0.17
11 167.92 74.8 -54.16 0.17
11 175.03 81.25 -54.16 0.17
11 167.43 93.48 -54.16 0.17
11 215.87 97.29 -54.16 0.17
11 215.21 110.19 -54.16 0.17
11 214.88 116.96 -54.16 0.17
11 206.28 115.64 -54.16 0.17
11 230.92 106.88 -54.16 0.17
11 242.33 104.73 -54.16 0.17
11 230.92 122.42 -54.16 0.17
11 243.98 121.59 -54.16 0.17
11 234.56 131.52 -54.16 0.17
11 216.2 129.86 -54.16 0.17
11 208.43 132.34 -54.16 0.17
11 198.68 126.39 -59.01 0.17
11 187.43 140.78 -58.02 0.17
11 215.38 51.82 -57.19 0.17
11 210.09 83.4 -56.36 0.17
11 168.42 37.1 -45.9 0.17
11 108.37 14.78 -50.6 0.17
11 118.62 19.41 -55.3 0.17
11 146.9 11.8 -52.42 0.17
11 107.38 0.06 -50.37 0.17
11 95.64 5.52 -50.37 0.17
11 89.52 -5.23 -50.37 0.17
11 73.15 3.53 -51.36 0.17
11 61.57 1.22 -51.36 0.17
11 60.91 16.76 -52.19 0.17
11 52.81 12.13 -52.19 0.17
11 83.4 15.6 -51.28 0.17
11 52.81 24.37 -50.15 0.17
11 54.96 37.43 -49.24 0.17
11 52.48 46.86 -49.24 0.17
11 45.2 51.49 -49.24 0.17
11 36.28 58.1 -49.24 0.17
11 56.94 59.92 -49.24 0.17
11 60.75 54.13 -49.24 0.17
11 59.76 68.52 -50.9 0.17
11 86.71 77.94 -50.9 0.17
11 94.48 69.18 -52.19 0.17
11 104.4 50.16 -53.02 0.17
11 119.12 49.17 -53.02 0.17
11 124.9 58.26 -52.12 0.17
11 109.2 66.37 -52.12 0.17
11 120.11 88.52 -51.13 0.17
11 115.97 99.11 -49.99 0.17
11 130.86 83.73 -49.99 0.17
11 138.13 91.34 -48.78 0.17
11 118.29 31.48 -47.95 0.17
11 125.73 28.67 -47.95 0.17
11 103.9 36.11 -47.95 0.17
11 92.16 32.64 -47.95 0.17
11 96.13 41.73 -47.95 0.17
11 85.05 44.38 -47.95 0.17
11 80.09 29.66 -47.95 0.17
11 89.52 24.04 -47.95 0.17
11 99.77 25.19 -48.93 0.17
11 113.66 29.82 -49.84 0.17
11 111.34 41.73 -49.84 0.17
11 71 48.84 -50.68 0.17
11 80.59 54.3 -50.68 0.17
11 70.83 56.94 -50.68 0.17
11 70.01 66.2 -50.68 0.17
11 46.69 70 -49.09 0.17
11 24.7 77.94 -49.09 0.17
11 19.57 84.23 -49.09 0.17
11 32.97 36.27 -51.13 0.17
11 42.39 31.81 -56.06 0.17
11 39.58 25.19 -56.06 0.17
11 45.37 22.22 -56.96 0.17
11 41.9 41.56 -57.8 0.17
11 32.47 48.18 -57.8 0.17
11 40.91 96.3 -48.25 0.17
11 44.87 88.69 -48.25 0.17
11 28.83 96.79 -47.42 0.17
11 30.49 114.65 -48.71 0.17
11 39.58 119.94 -48.71 0.17
11 47.19 111.67 -50.53 0.17
11 54.3 126.72 -50.53 0.17
11 40.91 128.7 -50.53 0.17
11 45.37 139.29 -50.53 0.17
11 50 147.89 -50.53 0.17
11 51.49 154.33 -50.53 0.17
11 64.72 117.46 -50.53 0.17
11 71.16 127.55 -50.53 0.17
11 68.19 111.67 -50.53 0.17
11 77.94 120.77 -50.53 0.17
11 89.52 111.18 -50.53 0.17
11 74.64 107.87 -50.53 0.17
11 78.44 89.19 -50.53 0.17
11 88.36 92.16 -50.53 0.17
11 126.06 96.3 -47.87 0.17
11 119.28 107.21 -47.87 0.17
11 124.74 119.11 -49.62 0.17
11 134.99 112.5 -49.62 0.17
11 143.26 129.04 -56.28 0.17
11 144.58 81.74 -45.53 0.17
11 102.42 89.02 -46.36 0.17
11 106.71 104.4 -46.36 0.17
11 98.61 133.83 -48.25 0.17
11 86.87 143.59 -48.25 0.17
11 76.46 147.39 -48.25 0.17
11 67.86 143.92 -48.25 0.17
11 128.05 144.91 -50.45 0.17
11 112.17 147.55 -50.45 0.17
11 113.66 123.74 -50.45 0.17
11 157.64 134.99 -48.03 0.17
11 142.1 148.38 -45.83 0.17
11 142.93 155.16 -45.83 0.17
11 101.26 155.8 -50.22 0.17
11 110.85 164.89 -50.22 0.17
11 85.55 158.94 -51.13 0.17
11 98.12 166.71 -51.13 0.17
11 122.26 173.66 -51.13 0.17
11 123.08 155.8 -51.96 0.17
11 137.64 163.57 -51.96 0.17
11 145.41 171.67 -52.87 0.17
11 142.43 138.44 -53.71 0.17
11 95.97 123.89 -53.71 0.17
11 124.74 11.97 -45.45 0.17
11 98.28 56.61 -48.56 0.17
11 142.76 68.52 -50.68 0.17
11 43.22 56.78 -43.18 0.17
11 79.1 12.96 -53.25 0.17
11 71.66 13.29 -49.99 0.17
11 71.5 29.49 -58.33 0.17
11 68.68 40.24 -52.49 0.17
11 68.35 77.61 -56.13 0.17
11 70.67 95.63 -49.92 0.17
11 135.65 36.44 -53.18 0.17
11 173.35 104.07 -49.31 0.17
11 80.92 135.48 -53.78 0.17
11 56.94 134 -58.25 0.17
11 70.34 42.56 -31.13 0.17
11 59.76 39.58 -31.13 0.17
11 67.2 27.67 -31.13 0.17
11 62.24 19.24 -31.97 0.17
11 80.09 28.67 -31.97 0.17
11 83.57 15.77 -32.8 0.17
11 96.63 32.97 -33.78 0.17
11 93.98 65.87 -34.62 0.17
11 41.73 88.85 -34.62 0.17
11 45.2 97.78 -34.62 0.17
11 28.17 97.95 -35.45 0.17
11 32.31 78.27 -35.45 0.17
11 40.41 73.48 -35.45 0.17
11 49.17 79.76 -35.45 0.17
11 47.35 62.07 -35.45 0.17
11 54.46 49.67 -35.45 0.17
11 58.43 62.4 -35.45 0.17
11 65.54 53.14 -35.45 0.17
11 64.05 68.02 -35.45 0.17
11 77.45 66.37 -35.45 0.17
11 84.06 79.1 -35.45 0.17
11 83.24 57.44 -35.45 0.17
11 74.47 50.66 -35.45 0.17
11 91.17 50.16 -35.45 0.17
11 84.23 43.38 -35.45 0.17
11 100.27 43.38 -35.45 0.17
11 106.38 22.88 -35.45 0.17
11 114.16 27.67 -35.45 0.17
11 110.52 37.76 -35.45 0.17
11 116.97 41.9 -35.45 0.17
11 109.69 53.8 -36.28 0.17
11 107.05 64.22 -36.28 0.17
11 120.6 17.09 -36.28 0.17
11 111.51 11.8 -37.19 0.17
11 135.32 27.51 -38.18 0.17
11 127.88 33.3 -39.01 0.17
11 135.32 42.56 -39.01 0.17
11 122.59 57.44 -39.01 0.17
11 152.19 33.13 -39.92 0.17
11 143.59 19.41 -39.92 0.17
11 156.49 23.38 -39.92 0.17
11 36.44 113 -40.75 0.17
11 39.91 122.09 -40.75 0.17
11 44.87 129.86 -40.75 0.17
11 49.83 121.76 -41.74 0.17
11 53.8 130.19 -41.74 0.17
11 58.76 121.1 -41.74 0.17
11 74.64 89.52 -42.57 0.17
11 73.98 111.51 -42.57 0.17
11 76.12 119.44 -42.57 0.17
11 88.86 142.1 -42.57 0.17
11 87.37 156.98 -43.4 0.17
11 74.31 150.03 -43.4 0.17
11 70.01 137.47 -43.4 0.17
11 108.86 117.96 -43.4 0.17
11 100.76 131.52 -44.24 0.17
11 102.91 146.4 -44.24 0.17
11 118.79 153.51 -44.24 0.17
11 131.52 119.28 -44.24 0.17
11 139.45 145.57 -44.24 0.17
11 128.54 148.38 -44.24 0.17
11 141.11 86.37 -45.07 0.17
11 149.04 50.82 -45.07 0.17
11 163.1 42.56 -45.07 0.17
11 170.71 43.05 -44.16 0.17
11 169.22 31.81 -43.33 0.17
11 181.95 38.75 -43.33 0.17
11 179.3 28.17 -43.33 0.17
11 175.17 52.97 -42.5 0.17
11 181.29 62.73 -42.5 0.17
11 186.25 51.32 -41.51 0.17
11 156.98 102.25 -40.6 0.17
11 152.85 122.75 -40.6 0.17
11 155 142.76 -39.69 0.17
11 167.56 141.44 -39.69 0.17
11 170.54 129.53 -38.56 0.17
11 178.48 130.85 -38.56 0.17
11 126.06 135.65 -36.66 0.17
11 121.6 111.01 -35.75 0.17
11 163.1 86.54 -34.85 0.17
11 123.75 86.21 -34.85 0.17
11 129.04 98.11 -34.85 0.17
11 108.2 95.63 -33.56 0.17
11 138.3 107.21 -30.53 0.17
11 173.68 115.97 -31.44 0.17
11 161.12 114.65 -32.35 0.17
11 164.92 122.42 -32.5 0.17
11 183.27 111.67 -32.5 0.17
11 186.74 124.07 -33.33 0.17
11 188.89 103.74 -33.33 0.17
11 184.76 74.63 -33.33 0.17
11 142.1 61.24 -34.16 0.17
11 137.47 70.5 -34.16 0.17
11 154.34 67.69 -34.16 0.17
11 87.53 119.44 -35 0.17
11 87.86 100.59 -35 0.17
11 124.74 161.25 -39.16 0.17
11 109.86 158.11 -39.16 0.17
11 105.56 153.65 -39.16 0.17
11 82.08 143.23 -39.16 0.17
11 82.08 133.31 -40.07 0.17
11 148.55 138.6 -40.07 0.17
11 143.92 135.13 -40.07 0.17
11 134.49 127.85 -40.07 0.17
11 197.85 121.93 -34.39 0.17
11 198.35 108.7 -34.39 0.17
11 191.07 113.33 -37.42 0.17
11 188.59 91.34 -38.33 0.17
11 180.82 84.23 -38.33 0.17
11 202.31 96.46 -39.16 0.17
11 215.71 100.43 -39.16 0.17
11 212.9 112.5 -40 0.17
11 210.91 82.24 -40 0.17
11 214.39 65.87 -40 0.17
11 204.63 71.99 -40 0.17
11 200.5 64.88 -40 0.17
11 193.05 77.94 -40 0.17
11 193.22 69.18 -40 0.17
11 201.16 82.74 -40 0.17
11 198.51 51.82 -40 0.17
11 192.72 58.6 -40.83 0.17
11 210.09 56.45 -40.83 0.17
11 231.42 76.12 -40.83 0.17
11 239.19 71.16 -43.71 0.17
11 230.26 91 -45.53 0.17
11 224.64 106.22 -45.53 0.17
11 192.23 42.72 -44.47 0.17
11 242 79.6 -44.47 0.17
11 68.19 114.81 -15.45 0.17
11 60.91 120.6 -16.36 0.17
11 70.5 127.71 -17.27 0.17
11 81.09 123.08 -18.48 0.17
11 84.72 114.48 -18.48 0.17
11 99.11 134 -20.07 0.17
11 97.95 124.74 -20.07 0.17
11 104.9 129.37 -21.36 0.17
11 117.63 117.46 -21.36 0.17
11 116.47 107.21 -21.36 0.17
11 123.08 112.83 -21.36 0.17
11 107.05 106.55 -22.19 0.17
11 93.82 100.43 -22.19 0.17
11 82.74 108.37 -22.19 0.17
11 82.24 95.3 -23.1 0.17
11 83.9 88.03 -23.1 0.17
11 76.79 74.14 -23.1 0.17
11 65.38 69.67 -24.01 0.17
11 59.59 66.53 -24.01 0.17
11 51.16 62.73 -24.85 0.17
11 51.98 51.98 -24.85 0.17
11 67.03 54.63 -25.68 0.17
11 69.18 44.87 -25.68 0.17
11 67.86 38.42 -25.68 0.17
11 77.45 49.67 -26.51 0.17
11 81.91 41.9 -26.51 0.17
11 82.08 54.96 -27.35 0.17
11 79.76 60.75 -27.35 0.17
11 90.01 74.14 -27.35 0.17
11 94.48 65.87 -27.35 0.17
11 57.77 132.18 -28.25 0.17
11 50 125.4 -28.25 0.17
11 39.42 121.76 -28.25 0.17
11 71 137.14 -28.25 0.17
11 83.9 130.03 -28.25 0.17
11 41.73 89.68 -28.25 0.17
11 25.86 97.12 -28.25 0.17
11 44.05 77.78 -28.25 0.17
11 55.13 92.99 -28.25 0.17
11 70.34 83.07 -29.09 0.17
11 88.36 36.77 -29.09 0.17
11 77.28 32.64 -29.09 0.17
11 85.05 26.85 -29.09 0.17
11 68.85 25.36 -29.09 0.17
11 57.44 41.07 -29.09 0.17
11 63.72 14.78 -29.09 0.17
11 81.25 16.27 -29.09 0.17
11 96.79 36.11 -29.09 0.17
11 92.49 46.69 -29.09 0.17
11 82.41 64.71 -29.92 0.17
11 88.2 57.77 -29.92 0.17
11 99.27 77.11 -29.92 0.17
11 109.03 89.85 -29.92 0.17
11 136.81 156.32 -29.92 0.17
11 132.01 142.26 -29.92 0.17
11 104.23 154.33 -29.92 0.17
11 116.14 137.14 -29.92 0.17
11 123.58 128.04 -29.92 0.17
11 134.99 134 -29.92 0.17
11 138.96 127.88 -30.75 0.17
11 143.59 139.45 -30.75 0.17
11 152.68 146.89 -30.75 0.17
11 147.06 152.68 -30.75 0.17
11 148.88 127.38 -30.75 0.17
11 139.45 121.26 -30.75 0.17
11 139.79 110.19 -30.75 0.17
11 135.65 96.96 -30.75 0.17
11 127.88 91.67 -30.75 0.17
11 128.38 102.08 -30.75 0.17
11 132.51 79.6 -30.75 0.17
11 135.32 68.19 -30.75 0.17
11 121.76 60.25 -30.75 0.17
11 106.22 63.56 -30.75 0.17
11 103.74 58.43 -30.75 0.17
11 109.53 50 -30.75 0.17
11 115.48 48.18 -30.75 0.17
11 101.59 44.87 -31.59 0.17
11 119.78 37.93 -31.59 0.17
11 109.53 30.32 -31.59 0.17
11 101.59 26.35 -31.59 0.17
11 106.71 13.95 -31.59 0.17
11 118.79 24.2 -31.59 0.17
11 135.16 32.64 -32.42 0.17
11 149.87 50.33 -31.36 0.17
11 145.74 58.76 -31.36 0.17
11 156.32 62.56 -31.36 0.17
11 161.28 51.82 -31.36 0.17
11 153.18 39.91 -31.36 0.17
11 141.11 35.61 -31.36 0.17
11 137.14 47.02 -31.36 0.17
11 150.04 97.29 -30.53 0.17
11 153.34 107.04 -30.53 0.17
11 159.79 114.98 -30.53 0.17
11 165.41 131.68 -30.53 0.17
11 165.25 125.07 -30.53 0.17
11 175.83 125.56 -30.53 0.17
11 178.81 135.81 -30.53 0.17
11 172.86 146.89 -30.53 0.17
11 164.75 140.11 -30.53 0.17
11 185.75 128.37 -29.69 0.17
11 184.93 120.77 -29.69 0.17
11 179.14 114.15 -29.69 0.17
11 169.55 107.54 -29.69 0.17
11 168.23 118.62 -29.69 0.17
11 152.19 85.05 -26.97 0.17
11 161.94 78.93 -26.13 0.17
11 160.45 93.65 -26.13 0.17
11 166.24 67.52 -26.13 0.17
11 156.65 70.67 -26.13 0.17
11 171.04 60.75 -26.13 0.17
11 167.23 48.51 -26.13 0.17
11 178.15 66.37 -26.13 0.17
11 183.77 73.81 -26.13 0.17
11 187.08 65.87 -25.38 0.17
11 190.22 98.28 -25.38 0.17
11 190.38 112 -25.38 0.17
11 124.24 149.7 -24.32 0.17
11 116.31 87.7 -24.32 0.17
11 112.17 98.45 -24.32 0.17
11 209.76 78.77 -19.77 0.17
11 212.07 83.23 -19.77 0.17
11 201.49 84.06 -19.77 0.17
11 206.61 91.67 -20.6 0.17
11 198.68 95.63 -20.6 0.17
11 194.54 102.08 -20.6 0.17
11 185.61 84.06 -21.51 0.17
11 183.46 91.5 -21.51 0.17
11 179.66 85.88 -21.51 0.17
11 192.72 88.85 -21.51 0.17
11 190.24 72.82 -21.51 0.17
11 197.68 72.82 -22.42 0.17
11 193.05 65.71 -22.42 0.17
11 190.08 58.1 -23.26 0.17
11 197.52 62.73 -23.26 0.17
11 204.3 67.19 -23.26 0.17
11 170.57 76.45 -25.07 0.17
11 173.21 68.85 -25.07 0.17
11 153.87 115.31 -23.63 0.17
11 155.35 127.71 -23.63 0.17
11 120.44 156.46 -29.32 0.17
11 88.2 144.72 -29.32 0.17
11 139.62 87.2 -29.32 0.17
11 90.84 21.39 -29.16 0.17
11 119.71 106.16 -6.06 0.17
11 113.6 96.07 -6.06 0.17
11 110.45 105.82 -6.06 0.17
11 117.23 114.42 -6.06 0.17
11 99.87 93.42 -6.06 0.17
11 101.69 99.87 -6.06 0.17
11 101.69 110.45 -6.89 0.17
11 97.39 115.25 -6.89 0.17
11 104.67 125.17 -6.89 0.17
11 99.05 131.78 -6.89 0.17
11 83.67 113.27 -7.8 0.17
11 78.54 110.95 -7.8 0.17
11 72.42 115.08 -9.24 0.17
11 79.37 122.86 -9.24 0.17
11 73.25 125.5 -9.24 0.17
11 62.17 120.04 -9.24 0.17
11 81.68 92.6 -10.07 0.17
11 73.42 85.16 -10.07 0.17
11 86.15 70.11 -10.07 0.17
11 90.28 78.54 -10.07 0.17
11 85.98 58.04 -11.06 0.17
11 81.85 49.11 -11.06 0.17
11 74.9 62.83 -12.35 0.17
11 102.68 59.53 -13.41 0.17
11 108.47 47.79 -13.41 0.17
11 92.6 44.31 -13.41 0.17
11 90.94 53.9 -13.41 0.17
11 95.74 61.18 -12.57 0.17
11 97.06 69.12 -12.57 0.17
11 116.41 82.51 -12.57 0.17
11 122.86 88.13 -12.57 0.17
11 131.95 93.75 -11.74 0.17
11 130.3 105.33 -11.74 0.17
11 128.48 116.08 -11.74 0.17
11 134.27 120.54 -10.91 0.17
11 136.58 110.79 -10.91 0.17
11 98.05 122.19 -10.91 0.17
11 143.69 107.15 -10.07 0.17
11 141.38 99.71 -9.17 0.17
11 124.01 77.71 -6.82 0.17
11 118.89 74.41 -6.82 0.17
11 133.11 79.7 -7.65 0.17
11 136.25 73.09 -7.65 0.17
11 131.62 63.83 -7.65 0.17
11 125.17 59.86 -8.56 0.17
11 109.96 63.99 -8.56 0.17
11 119.38 55.23 -8.56 0.17
11 119.05 47.13 -8.56 0.17
11 125.34 39.35 -9.47 0.17
11 152.29 66.47 -9.47 0.17
11 152.29 52.91 -9.47 0.17
11 161.05 76.39 -9.47 0.17
11 160.39 88.13 -8.64 0.17
11 166.51 83.34 -8.64 0.17
11 162.54 97.56 -8.64 0.17
11 167.67 107.31 -8.64 0.17
11 162.04 113.43 -7.65 0.17
11 165.19 124.51 -7.65 0.17
11 176.76 117.4 -7.65 0.17
11 187.67 111.12 -7.65 0.17
11 173.95 61.68 -7.65 0.17
11 78.44 73.15 -14.92 0.17
11 68.85 69.01 -14.92 0.17
11 98.94 80.59 -14.92 0.17
11 84.72 131.02 -14.92 0.17
11 170.54 69.18 -14.92 0.17
11 164.59 60.08 -14.92 0.17
11 170.71 56.28 -15.76 0.17
11 165.08 53.47 -15.76 0.17
11 167.89 47.85 -15.76 0.17
11 154.01 46.19 -15.76 0.17
11 141.6 46.19 -15.76 0.17
11 178.31 74.97 -14.09 0.17
11 176.99 83.73 -14.09 0.17
11 182.28 81.91 -14.09 0.17
11 186.74 73.97 -14.09 0.17
11 183.44 66.2 -14.09 0.17
11 92.49 103.74 -12.2 0.17
11 121.6 122.59 -12.65 0.17
11 200.5 95.8 -13.48 0.17
11 189.58 99.27 -13.48 0.17
11 195.2 94.48 -13.48 0.17
11 194.87 87.86 -13.48 0.17
11 205.79 82.74 -13.48 0.17
11 199.01 66.7 -13.48 0.17
11 205.29 64.05 -14.32 0.17
11 197.35 56.61 -14.32 0.17
11 193.88 71.49 -14.32 0.17
11 207.77 74.63 -13.41 0.17
11 179 92.82 -11.89 0.17
11 155.99 120.27 -13.64 0.17
11 84.06 85.71 -13.64 0.17
11 77.61 101.75 -13.64 0.17
11 106.22 87.04 -13.64 0.17
12 176.35 57.27 -181.72 0.17
12 189.42 67.03 -183.39 0.17
12 168.42 83.07 -186.57 0.17
12 162.96 54.79 -190.28 0.17
12 147.42 58.6 -193.84 0.17
12 156.02 79.1 -195.21 0.17
12 201.16 93.15 -194.37 0.17
12 191.07 129.37 -189.07 0.17
12 177.84 109.52 -190.66 0.17
12 184.46 125.89 -191.57 0.17
12 166.43 135.98 -192.71 0.17
12 213.89 98.78 -193.54 0.17
12 165.11 113.16 -191.19 0.17
12 152.21 101.75 -191.19 0.17
12 102.42 111.84 -191.19 0.17
12 84.23 104.23 -191.19 0.17
12 93.82 94.81 -191.19 0.17
12 80.92 66.04 -199 0.17
12 69.51 54.63 -197.71 0.17
12 55.95 77.28 -195.28 0.17
12 68.35 95.8 -193.39 0.17
12 93.32 62.23 -193.39 0.17
12 93.82 37.93 -195.43 0.17
12 72.98 34.12 -196.65 0.17
12 102.75 64.22 -197.78 0.17
12 112.83 35.61 -195.36 0.17
12 125.9 98.11 -195.36 0.17
12 115.81 106.71 -197.33 0.17
12 141.27 135.81 -198.54 0.17
12 134.82 144.41 -196.12 0.17
12 122.26 132.18 -196.12 0.17
12 93.82 146.89 -196.12 0.17
12 93.16 134.33 -196.12 0.17
12 73.64 138.13 -198.84 0.17
12 151.19 143.09 -198.84 0.17
12 173.52 138.79 -197.56 0.17
12 154.17 87.37 -198.54 0.17
12 139.62 104.23 -197.18 0.17
12 60.09 60.58 -183.16 0.17
12 55.95 87.53 -188.24 0.17
12 90.68 164.23 -192.25 0.17
12 72.65 148.85 -193.47 0.17
12 54.96 126.7 -193.47 0.17
12 133.67 150.34 -191.8 0.17
12 55.29 84.39 -171.95 0.17
12 64.05 61.08 -171.95 0.17
12 94.97 59.92 -173.85 0.17
12 106.22 60.08 -173.85 0.17
12 108.2 68.35 -174.83 0.17
12 85.05 101.75 -176.65 0.17
12 71.33 101.92 -176.65 0.17
12 81.75 78.93 -178.32 0.17
12 94.15 36.6 -179.22 0.17
12 74.8 36.11 -180.29 0.17
12 149.87 66.37 -179.83 0.17
12 127.22 92 -179.83 0.17
12 104.57 103.9 -180.74 0.17
12 128.54 44.21 -182.56 0.17
12 120.11 27.67 -182.56 0.17
12 166.57 46.36 -183.39 0.17
12 180.79 57.6 -183.39 0.17
12 174.67 76.45 -183.39 0.17
12 143.42 133.17 -183.39 0.17
12 130.53 141.27 -183.39 0.17
12 100.27 141.11 -183.39 0.17
12 84.39 142.59 -184.75 0.17
12 151.53 118.62 -164.45 0.17
12 129.37 107.54 -168.62 0.17
12 172.86 119.94 -172.26 0.17
12 161.61 141.77 -175.74 0.17
12 165.58 151.52 -177.63 0.17
12 172.69 144.25 -177.63 0.17
12 187.08 143.26 -180.06 0.17
12 188.56 127.22 -180.06 0.17
12 188.4 109.85 -180.06 0.17
12 177.49 100.43 -180.06 0.17
12 159.79 95.14 -180.06 0.17
12 78.77 159.6 -180.06 0.17
12 92.33 153.65 -180.06 0.17
12 70.01 141.58 -180.89 0.17
12 55.13 130.5 -180.89 0.17
12 134.82 154.97 -180.89 0.17
12 128.21 164.73 -180.89 0.17
12 154.5 164.56 -180.89 0.17
12 203.64 81.74 -182.63 0.17
12 197.52 96.63 -183.47 0.17
12 196.03 132.67 -185.13 0.17
12 204.46 115.48 -186.12 0.17
12 214.55 99.77 -186.27 0.17
12 215.54 99.11 -155.74 0.17
12 207.77 109.69 -154.23 0.17
12 202.15 99.93 -154.23 0.17
12 193.72 91.83 -154.23 0.17
12 191.73 102.58 -155.67 0.17
12 195.04 122.75 -156.58 0.17
12 196.2 133 -156.58 0.17
12 179.66 78.6 -156.58 0.17
12 170.4 63.23 -156.58 0.17
12 178.83 59.09 -156.58 0.17
12 193.39 71.99 -156.58 0.17
12 207.27 65.71 -157.41 0.17
12 206.28 78.93 -157.41 0.17
12 156.02 58.1 -159.15 0.17
12 152.54 68.68 -159.15 0.17
12 150.06 38.59 -160.06 0.17
12 164.61 81.74 -160.97 0.17
12 148.08 107.54 -160.97 0.17
12 125.9 50.49 -156.58 0.17
12 121.27 34.79 -159.68 0.17
12 110.85 65.87 -162.48 0.17
12 98.94 53.8 -163.47 0.17
12 83.57 61.57 -163.47 0.17
12 64.55 59.42 -164.3 0.17
12 69.18 39.41 -164.3 0.17
12 52.65 83.07 -165.21 0.17
12 45.54 73.97 -165.21 0.17
12 60.25 96.96 -166.27 0.17
12 65.71 116.8 -162.03 0.17
12 51.65 112.17 -159.15 0.17
12 81.58 126.06 -159.15 0.17
12 74.64 137.14 -159.15 0.17
12 85.88 141.6 -159.15 0.17
12 92.83 152.85 -159.15 0.17
12 99.27 141.93 -159.15 0.17
12 87.53 96.96 -159.15 0.17
12 93.49 113.82 -159.15 0.17
12 104.07 75.63 -159.15 0.17
12 113.66 99.44 -159.15 0.17
12 110.02 114.15 -160.06 0.17
12 125.56 87.37 -160.06 0.17
12 140.28 82.24 -160.06 0.17
12 105.39 27.01 -161.27 0.17
12 85.38 17.59 -161.27 0.17
12 91.67 37.93 -161.27 0.17
12 153.18 122.59 -160.29 0.17
12 147.89 132.34 -160.29 0.17
12 129.04 141.44 -160.29 0.17
12 115.97 147.06 -160.29 0.17
12 155.33 154.83 -152.03 0.17
12 146.9 145.07 -152.03 0.17
12 179.97 145.74 -153.7 0.17
12 81.91 172.5 -156.88 0.17
12 68.68 157.62 -156.88 0.17
12 65.87 136.45 -157.71 0.17
12 51.98 127.85 -157.71 0.17
12 63.39 122.56 -157.71 0.17
12 152.19 163.07 -157.71 0.17
12 129.04 151.66 -157.71 0.17
12 138.3 132.65 -157.71 0.17
12 72.49 33.3 -149.83 0.17
12 68.85 55.62 -149 0.17
12 83.07 45.2 -146.65 0.17
12 89.85 57.44 -144.68 0.17
12 96.13 34.12 -145.89 0.17
12 108.86 34.95 -146.8 0.17
12 124.08 40.74 -148.09 0.17
12 107.38 71.33 -148.09 0.17
12 63.72 99.44 -148.92 0.17
12 59.42 88.85 -148.92 0.17
12 49.67 96.46 -148.92 0.17
12 76.46 118.78 -149.83 0.17
12 56.28 110.85 -149.83 0.17
12 49.34 129.2 -149.83 0.17
12 37.93 118.62 -149.83 0.17
12 43.39 66.37 -150.74 0.17
12 50.33 50 -151.58 0.17
12 59.26 21.39 -151.58 0.17
12 84.23 14.12 -152.71 0.17
12 118.95 17.26 -152.71 0.17
12 143.59 64.22 -152.71 0.17
12 141.27 85.05 -152.71 0.17
12 124.74 95.63 -153.7 0.17
12 108.53 110.68 -154.61 0.17
12 87.2 112.5 -154.61 0.17
12 88.36 92.33 -154.61 0.17
12 85.88 130.03 -154.61 0.17
12 83.24 142.43 -154.61 0.17
12 66.87 145.07 -155.44 0.17
12 89.02 153.01 -155.44 0.17
12 97.79 142.59 -155.44 0.17
12 114.98 139.45 -156.27 0.17
12 133.17 141.11 -156.27 0.17
12 145.08 129.7 -156.27 0.17
12 174.51 80.09 -156.27 0.17
12 179.8 61.57 -156.27 0.17
12 186.08 104.56 -156.27 0.17
12 175.67 120.93 -157.26 0.17
12 156.65 103.41 -157.26 0.17
12 154.5 120.6 -157.26 0.17
12 26.02 77.28 -134.83 0.17
12 46.03 26.68 -136.43 0.17
12 55.95 74.14 -136.88 0.17
12 69.18 9.82 -133.02 0.17
12 104.9 57.11 -139.15 0.17
12 116.97 122.42 -141.8 0.17
12 78.61 163.07 -150.52 0.17
12 68.35 167.54 -150.52 0.17
12 82.08 177.13 -149.08 0.17
12 110.68 163.73 -147.49 0.17
12 137.3 165.39 -145.59 0.17
12 143.26 152.99 -145.59 0.17
12 156.82 166.88 -145.59 0.17
12 156.82 148.36 -144.76 0.17
12 187.43 45.86 -138.7 0.17
12 194.87 25.19 -138.7 0.17
12 185.61 23.05 -139.61 0.17
12 166.1 26.85 -139.61 0.17
12 156.35 34.45 -139.61 0.17
12 152.54 27.18 -139.61 0.17
12 199.01 63.72 -141.27 0.17
12 197.52 79.6 -141.27 0.17
12 194.54 89.85 -141.27 0.17
12 203.14 96.3 -141.27 0.17
12 215.21 81.91 -141.27 0.17
12 211.74 68.35 -141.27 0.17
12 219.68 100.59 -141.27 0.17
12 200.16 114.32 -142.33 0.17
12 196.53 132.18 -142.33 0.17
12 208.6 113.82 -142.33 0.17
12 191.57 146.07 -142.33 0.17
12 213.72 87.53 -124.46 0.17
12 220.01 98.94 -124.46 0.17
12 210.91 61.9 -125.44 0.17
12 204.13 73.97 -126.35 0.17
12 199.34 51.98 -127.34 0.17
12 173.87 59.09 -127.34 0.17
12 183.63 48.67 -127.34 0.17
12 186.94 25.36 -127.34 0.17
12 193.72 38.26 -127.34 0.17
12 166.93 30.49 -128.47 0.17
12 157.34 24.7 -129.38 0.17
12 153.7 44.21 -129.38 0.17
12 171.89 82.08 -129.38 0.17
12 194.71 84.56 -130.21 0.17
12 196.36 101.92 -130.21 0.17
12 198.35 118.95 -130.21 0.17
12 196.36 137.8 -131.05 0.17
12 177.02 125.73 -131.05 0.17
12 212.24 114.98 -128.02 0.17
12 184.79 108.2 -128.02 0.17
12 167.76 108.37 -128.02 0.17
12 209.42 99.27 -128.02 0.17
12 203.47 27.34 -128.02 0.17
12 159.98 135.29 -130.52 0.17
12 169.57 134.96 -131.35 0.17
12 185.12 149.35 -131.35 0.17
12 175.36 162.08 -131.35 0.17
12 153.37 161.75 -131.35 0.17
12 147.91 121.74 -131.35 0.17
12 185.12 165.22 -131.35 0.17
12 121.1 10.81 -132.18 0.17
12 113 30.49 -130.9 0.17
12 127.05 37.27 -127.64 0.17
12 114.82 51.49 -129.38 0.17
12 111.51 71.66 -129.38 0.17
12 111.84 88.36 -129.38 0.17
12 124.9 93.48 -129.38 0.17
12 141.27 82.08 -129.38 0.17
12 139.45 117.13 -129.38 0.17
12 137.8 134 -129.38 0.17
12 134.16 153.51 -130.29 0.17
12 143.59 148.88 -130.29 0.17
12 122.75 147.89 -130.29 0.17
12 82.9 140.61 -130.29 0.17
12 67.36 121.26 -130.29 0.17
12 48.51 127.71 -130.29 0.17
12 35.61 116.47 -130.29 0.17
12 40.57 100.59 -131.27 0.17
12 56.78 92.82 -131.27 0.17
12 53.64 77.28 -131.27 0.17
12 31.48 71.16 -131.27 0.17
12 48.84 66.37 -131.27 0.17
12 40.24 51.15 -131.27 0.17
12 56.12 62.23 -131.27 0.17
12 67.03 52.81 -131.27 0.17
12 55.79 37.6 -130.44 0.17
12 67.86 28.17 -130.44 0.17
12 46.69 27.84 -130.44 0.17
12 60.91 21.39 -131.35 0.17
12 82.57 -1.26 -133.02 0.17
12 82.57 29 -133.02 0.17
12 85.55 44.87 -130.74 0.17
12 93.98 60.91 -129.91 0.17
12 83.4 89.02 -129 0.17
12 89.35 102.25 -129 0.17
12 95.14 116.8 -129 0.17
12 99.94 131.68 -129 0.17
12 67.53 143.42 -128.09 0.17
12 89.68 155.66 -128.09 0.17
12 65.38 157.48 -128.09 0.17
12 119.12 130.52 -125.82 0.17
12 84.72 94.97 -126.88 0.17
12 67.2 87.37 -126.88 0.17
12 78.44 71.99 -126.88 0.17
12 131.52 63.39 -126.88 0.17
12 63.06 107.7 -133.24 0.17
12 76.79 130.69 -133.24 0.17
12 105.56 152.51 -133.24 0.17
12 80.75 164.89 -131.58 0.17
12 69.84 171.51 -131.58 0.17
12 80.26 180.93 -130.52 0.17
12 101.59 174.15 -130.52 0.17
12 117.3 180.93 -130.52 0.17
12 132.34 160.1 -130.52 0.17
12 135.82 174.81 -129.68 0.17
12 31.31 63.89 -108.32 0.17
12 39.75 58.6 -108.32 0.17
12 35.78 47.68 -108.32 0.17
12 50.33 47.19 -108.32 0.17
12 61.41 35.94 -109.53 0.17
12 52.98 28.17 -110.44 0.17
12 44.05 39.58 -110.44 0.17
12 35.61 23.87 -110.44 0.17
12 107.38 72.98 -110.44 0.17
12 86.05 43.71 -110.44 0.17
12 83.24 32.3 -111.28 0.17
12 73.15 43.71 -111.28 0.17
12 67.2 54.46 -111.28 0.17
12 47.02 78.11 -111.28 0.17
12 58.43 88.03 -111.28 0.17
12 46.69 94.97 -112.11 0.17
12 36.94 105.72 -112.11 0.17
12 37.76 119.44 -112.11 0.17
12 51.16 124.9 -112.11 0.17
12 66.7 117.13 -112.94 0.17
12 76.29 131.85 -112.94 0.17
12 57.44 141.44 -112.94 0.17
12 67.69 155.16 -112.94 0.17
12 84.72 143.92 -112.94 0.17
12 89.52 137.96 -112.94 0.17
12 76.46 151.19 -113.78 0.17
12 95.14 121.93 -113.78 0.17
12 111.51 111.51 -113.78 0.17
12 127.71 93.98 -114.61 0.17
12 111.51 87.04 -114.61 0.17
12 121.1 75.13 -114.61 0.17
12 131.19 80.42 -118.93 0.17
12 105.39 27.84 -118.93 0.17
12 115.64 10.48 -118.93 0.17
12 97.79 23.54 -118.93 0.17
12 88.36 0.06 -118.93 0.17
12 69.35 11.8 -118.02 0.17
12 58.43 13.12 -118.02 0.17
12 106.38 2.38 -118.02 0.17
12 150.37 21.06 -118.02 0.17
12 166.08 25.03 -118.02 0.17
12 150.37 35.61 -118.02 0.17
12 158.97 46.52 -118.02 0.17
12 156.32 62.73 -118.02 0.17
12 129.37 47.19 -118.02 0.17
12 133.5 63.56 -118.02 0.17
12 110.68 56.12 -118.02 0.17
12 88.36 64.71 -118.02 0.17
12 95.97 53.8 -118.02 0.17
12 121.6 144.74 -118.02 0.17
12 157.64 118.45 -104.08 0.17
12 143.59 108.37 -104.08 0.17
12 177.65 131.18 -105.07 0.17
12 165.58 142.26 -106.43 0.17
12 148.38 151.36 -107.57 0.17
12 107.87 152.51 -107.57 0.17
12 96.79 149.87 -107.57 0.17
12 167.89 91.34 -108.55 0.17
12 175.83 70.83 -108.55 0.17
12 180.79 105.72 -108.55 0.17
12 70.83 99.44 -107.11 0.17
12 26.85 87.86 -107.11 0.17
12 31.15 78.6 -107.11 0.17
12 23.87 105.06 -108.1 0.17
12 139.29 22.71 -115.44 0.17
12 125.4 32.47 -115.44 0.17
12 179.47 46.36 -114.23 0.17
12 135.82 128.37 -110.29 0.17
12 113.83 132.01 -110.29 0.17
12 178.31 154.33 -110.29 0.17
12 90.51 170.18 -107.94 0.17
12 101.42 162.08 -107.94 0.17
12 104.4 173.66 -107.94 0.17
12 88.86 157.78 -107.94 0.17
12 71.99 166.55 -108.78 0.17
12 79.43 176.47 -108.78 0.17
12 127.22 178.29 -108.78 0.17
12 134.99 172.83 -109.76 0.17
12 120.77 171.51 -109.76 0.17
12 111.01 183.58 -109.76 0.17
12 131.19 160.59 -109.76 0.17
12 137.14 164.89 -109.76 0.17
12 142.6 178.12 -109.76 0.17
12 150.53 168.53 -109.76 0.17
12 153.51 158.77 -109.76 0.17
12 165.75 174.98 -104.69 0.17
12 173.19 181.59 -104.69 0.17
12 119.28 158.61 -107.26 0.17
12 36.77 143.89 -107.26 0.17
12 44.21 136.62 -108.17 0.17
12 63.39 129.67 -109 0.17
12 68.02 119.59 -109 0.17
12 86.54 93.32 -101.58 0.17
12 144.41 83.07 -101.58 0.17
12 144.91 65.21 -101.58 0.17
12 202.31 54.63 -101.58 0.17
12 195.37 45.53 -101.58 0.17
12 208.43 42.39 -101.58 0.17
12 213.23 50.99 -101.58 0.17
12 214.22 60.91 -101.58 0.17
12 222.82 45.04 -101.58 0.17
12 199.17 26.19 -101.58 0.17
12 202.31 17.42 -101.58 0.17
12 185.45 24.2 -101.58 0.17
12 186.44 34.12 -101.58 0.17
12 172.88 30.65 -101.58 0.17
12 179.33 17.59 -101.58 0.17
12 195.04 73.97 -104.08 0.17
12 201.49 93.48 -105.22 0.17
12 214.22 97.12 -105.22 0.17
12 218.19 89.19 -106.13 0.17
12 223.31 95.47 -106.13 0.17
12 220.5 112.67 -106.13 0.17
12 208.43 115.48 -106.13 0.17
12 199.5 136.81 -107.03 0.17
12 187.93 136.48 -107.03 0.17
12 191.9 118.45 -107.03 0.17
12 208.1 131.18 -107.03 0.17
12 194.38 151.36 -107.03 0.17
12 211.74 145.74 -107.03 0.17
12 214.05 76.78 -107.03 0.17
12 232.9 85.38 -107.03 0.17
12 232.41 70.67 -107.03 0.17
12 230.42 57.93 -107.03 0.17
12 234.06 104.89 -107.87 0.17
12 190.24 62.23 -107.87 0.17
12 185.28 88.69 -107.87 0.17
12 169.08 60.25 -107.87 0.17
12 168.58 53.3 -107.87 0.17
12 198.18 13.62 -93.4 0.17
12 203.64 20.56 -92.57 0.17
12 197.02 27.34 -92.57 0.17
12 183.46 21.56 -93.55 0.17
12 177.51 31.97 -94.38 0.17
12 174.54 41.07 -94.38 0.17
12 185.45 41.23 -95.29 0.17
12 194.05 49.5 -95.29 0.17
12 203.14 41.23 -94.46 0.17
12 210.58 32.47 -94.46 0.17
12 217.53 50.82 -95.6 0.17
12 214.55 63.72 -95.6 0.17
12 205.29 57.93 -94.54 0.17
12 226.95 57.27 -93.63 0.17
12 234.56 70.17 -93.63 0.17
12 216.04 82.74 -92.11 0.17
12 226.95 95.14 -92.11 0.17
12 237.04 76.12 -91.2 0.17
12 236.71 96.79 -93.55 0.17
12 212.24 101.92 -93.55 0.17
12 219.01 109.69 -93.55 0.17
12 204.13 114.48 -93.55 0.17
12 209.26 123.74 -94.46 0.17
12 204.3 137.14 -94.46 0.17
12 196.36 122.92 -94.46 0.17
12 188.59 135.98 -94.46 0.17
12 180.32 74.97 -95.37 0.17
12 174.54 59.09 -95.37 0.17
12 193.55 70 -95.37 0.17
12 172.72 81.08 -95.37 0.17
12 177.35 103.57 -95.37 0.17
12 161.14 52.31 -95.37 0.17
12 147.58 49.01 -95.37 0.17
12 159.98 75.79 -95.37 0.17
12 152.38 18.91 -95.37 0.17
12 147.58 34.62 -95.37 0.17
12 154.53 39.25 -95.37 0.17
12 171.56 44.21 -95.37 0.17
12 190.08 149.04 -95.37 0.17
12 178.83 159.27 -93.32 0.17
12 185.61 160.26 -93.32 0.17
12 181.31 179.11 -94.23 0.17
12 168.58 146.54 -94.23 0.17
12 156.18 154.31 -94.23 0.17
12 164.45 169.69 -94.23 0.17
12 193.39 170.02 -94.23 0.17
12 170.24 177.46 -94.23 0.17
12 173.05 122.07 -102.19 0.17
12 170.73 133.81 -102.19 0.17
12 214.55 92.82 -99.38 0.17
12 227.78 81.25 -99.38 0.17
12 191.07 86.04 -99.38 0.17
12 46.36 46.69 -99.38 0.17
12 55.79 37.27 -99.38 0.17
12 51.65 25.36 -101.88 0.17
12 61.24 11.8 -101.88 0.17
12 72.16 7.67 -104.91 0.17
12 88.69 40.08 -104.91 0.17
12 110.19 31.48 -104.91 0.17
12 110.52 17.26 -104 0.17
12 88.2 18.75 -104 0.17
12 94.15 -0.43 -104 0.17
12 122.26 10.48 -103.17 0.17
12 127.55 33.63 -102.94 0.17
12 136.31 22.71 -102.94 0.17
12 105.39 67.52 -102.94 0.17
12 111.51 56.12 -104.31 0.17
12 95.47 55.12 -104.31 0.17
12 127.05 76.12 -104.31 0.17
12 128.71 75.96 -105.97 0.17
12 127.22 97.29 -105.14 0.17
12 139.12 85.05 -105.14 0.17
12 142.27 100.43 -103.85 0.17
12 68.52 117.13 -103.85 0.17
12 75.63 130.19 -103.85 0.17
12 60.75 133.83 -103.85 0.17
12 49.34 125.07 -103.85 0.17
12 38.09 115.97 -102.94 0.17
12 31.15 111.51 -102.94 0.17
12 39.58 98.28 -102.94 0.17
12 41.73 90.51 -102.94 0.17
12 48.68 96.79 -102.94 0.17
12 30.65 85.71 -102.94 0.17
12 19.74 84.39 -103.93 0.17
12 33.46 76.95 -105.29 0.17
12 32.31 66.53 -105.52 0.17
12 23.21 60.08 -105.52 0.17
12 33.46 50.66 -105.52 0.17
12 44.21 58.1 -105.52 0.17
12 49.17 76.12 -105.52 0.17
12 59.26 85.88 -105.52 0.17
12 89.35 72.32 -105.52 0.17
12 103.24 74.3 -105.52 0.17
12 105.72 93.48 -106.5 0.17
12 101.26 119.28 -105.67 0.17
12 108.2 112.67 -105.67 0.17
12 90.51 135.81 -104.84 0.17
12 88.2 147.89 -104.84 0.17
12 65.05 154.83 -104.84 0.17
12 27.84 123.25 -104 0.17
12 97.95 155.82 -104 0.17
12 120.77 143.75 -104 0.17
12 124.74 153.34 -104 0.17
12 134.33 153.67 -104 0.17
12 100.6 132.67 -104 0.17
12 68.68 54.46 -104 0.17
12 85.72 95.14 -103.17 0.17
12 66.87 103.08 -103.17 0.17
12 67.86 88.85 -103.17 0.17
12 92.99 171.34 -102.26 0.17
12 80.92 179.77 -102.26 0.17
12 54.79 158.61 -102.26 0.17
12 32.31 151 -102.26 0.17
12 106.55 174.15 -102.26 0.17
12 106.22 167.21 -102.26 0.17
12 130.53 165.39 -102.26 0.17
12 127.88 181.43 -102.26 0.17
12 138.3 170.84 -102.26 0.17
12 149.21 175.14 -102.26 0.17
12 159.3 164.73 -102.26 0.17
12 144.75 145.38 -102.26 0.17
12 75.96 168.86 -102.26 0.17
12 65.38 175.97 -102.26 0.17
12 75.3 146.37 -102.26 0.17
12 81.75 156.79 -102.26 0.17
12 60.75 144.72 -102.26 0.17
12 69.35 122.07 -102.26 0.17
12 114.82 3.86 -103.55 0.17
12 78.94 43.71 -104.38 0.17
12 37.6 88.36 -76.73 0.17
12 29 83.73 -77.57 0.17
12 20.4 80.92 -78.48 0.17
12 36.44 67.03 -83.7 0.17
12 42.39 54.13 -83.7 0.17
12 51.16 48.84 -83.7 0.17
12 44.05 70.5 -83.7 0.17
12 61.08 22.38 -82.64 0.17
12 84.56 44.54 -81.73 0.17
12 93.65 41.9 -81.73 0.17
12 95.8 54.3 -81.73 0.17
12 87.2 68.85 -81.73 0.17
12 84.72 95.8 -81.73 0.17
12 70.01 94.31 -81.73 0.17
12 62.4 103.41 -81.73 0.17
12 69.84 110.68 -81.73 0.17
12 63.23 117.96 -81.73 0.17
12 71 129.7 -81.73 0.17
12 77.78 120.11 -81.73 0.17
12 78.77 136.48 -81.73 0.17
12 65.05 144.41 -81.73 0.17
12 63.89 151.36 -81.73 0.17
12 74.64 150.53 -81.73 0.17
12 59.09 131.68 -81.73 0.17
12 43.72 136.81 -81.73 0.17
12 47.02 123.08 -81.73 0.17
12 36.11 112.67 -81.73 0.17
12 28.17 112.17 -81.73 0.17
12 31.31 96.96 -81.73 0.17
12 16.6 95.96 -81.73 0.17
12 18.58 102.91 -81.73 0.17
12 42.23 29.99 -82.57 0.17
12 41.9 13.12 -82.57 0.17
12 31.31 38.26 -82.57 0.17
12 19.91 58.43 -82.57 0.17
12 67.53 1.55 -82.57 0.17
12 84.06 15.94 -82.57 0.17
12 75.96 13.95 -83.4 0.17
12 76.95 30.32 -83.4 0.17
12 116.47 60.08 -83.4 0.17
12 113.49 42.06 -83.4 0.17
12 118.79 10.81 -83.4 0.17
12 103.74 5.02 -83.4 0.17
12 147.72 29.66 -83.4 0.17
12 102.91 144.91 -84.23 0.17
12 95.14 130.36 -84.23 0.17
12 105.06 121.43 -84.23 0.17
12 92.99 104.56 -84.23 0.17
12 102.91 94.64 -84.23 0.17
12 116.97 108.04 -84.23 0.17
12 122.75 93.65 -84.23 0.17
12 141.93 99.44 -85.07 0.17
12 148.88 84.72 -85.07 0.17
12 160.95 94.48 -85.07 0.17
12 178.15 72.49 -85.07 0.17
12 165.08 57.77 -85.07 0.17
12 173.68 45.53 -85.07 0.17
12 157.64 18.25 -85.07 0.17
12 172.19 28.01 -85.07 0.17
12 184.6 27.67 -85.07 0.17
12 179.63 106.05 -85.07 0.17
12 143.59 123.41 -85.07 0.17
12 166.9 142.26 -85.9 0.17
12 133.83 142.26 -85.9 0.17
12 128.05 149.54 -86.73 0.17
12 98.28 75.96 -86.73 0.17
12 60.25 83.56 -86.73 0.17
12 64.88 71.49 -86.73 0.17
12 69.35 54.3 -86.73 0.17
12 49.83 97.62 -86.73 0.17
12 132.51 69.01 -86.73 0.17
12 146.9 64.71 -86.73 0.17
12 146.4 52.64 -86.73 0.17
12 131.19 46.86 -86.73 0.17
12 162.44 119.44 -84.16 0.17
12 170.38 117.79 -81.43 0.17
12 177.15 132.51 -80.6 0.17
12 150.7 148.38 -79.76 0.17
12 162.27 155.66 -79.76 0.17
12 90.01 153.51 -78.93 0.17
12 100.6 172.33 -76.81 0.17
12 97.29 161.75 -76.81 0.17
12 88.86 169.69 -76.81 0.17
12 74.47 162.25 -76.81 0.17
12 113.16 163.24 -76.81 0.17
12 116.31 172.99 -76.81 0.17
12 126.39 162.41 -76.81 0.17
12 131.35 173.66 -76.81 0.17
12 148.71 173.82 -76.81 0.17
12 138.46 161.75 -76.81 0.17
12 148.22 159.27 -76.81 0.17
12 175.17 150.67 -76.81 0.17
12 182.45 158.77 -76.81 0.17
12 119.61 133.64 -76.81 0.17
12 79.43 172.99 -76.81 0.17
12 123.58 184.57 -78.78 0.17
12 59.76 160.76 -77.11 0.17
12 49.83 150.84 -79.39 0.17
12 214.39 33.13 -85.22 0.17
12 242.99 68.68 -75.45 0.17
12 246.96 55.95 -75.45 0.17
12 241.17 78.44 -75.45 0.17
12 238.86 88.52 -75.45 0.17
12 235.55 98.45 -77.19 0.17
12 223.48 89.85 -77.19 0.17
12 221.83 73.81 -78.33 0.17
12 229.1 60.91 -78.33 0.17
12 216.2 58.26 -79.31 0.17
12 222.16 47.02 -78.4 0.17
12 204.63 47.85 -78.4 0.17
12 203.47 60.75 -78.4 0.17
12 194.21 66.7 -79.54 0.17
12 190.24 46.52 -79.54 0.17
12 207.77 77.45 -79.54 0.17
12 199.83 88.85 -78.48 0.17
12 213.56 102.58 -78.48 0.17
12 209.09 119.78 -79.46 0.17
12 197.02 111.34 -79.46 0.17
12 194.38 123.58 -79.46 0.17
12 191.9 137.14 -77.34 0.17
12 207.77 141.44 -74.77 0.17
12 218.35 146.07 -74.77 0.17
12 234.56 132.67 -76.13 0.17
12 237.86 123.41 -76.13 0.17
12 225.79 123.25 -76.13 0.17
12 226.46 113.66 -77.34 0.17
12 243.49 112 -78.33 0.17
12 234.72 107.7 -78.33 0.17
12 203.14 28.17 -84.08 0.17
12 196.03 9.82 -80.67 0.17
12 179.83 56.94 -77.34 0.17
12 187.1 79.43 -79.39 0.17
12 193.72 99.93 -84.08 0.17
12 209.09 110.52 -82.72 0.17
12 216.2 83.07 -78.33 0.17
12 230.09 77.61 -81.51 0.17
12 214.88 30.82 -61.21 0.17
12 208.6 25.69 -62.42 0.17
12 203.47 37.27 -62.42 0.17
12 228.77 51.49 -63.25 0.17
12 221 61.41 -63.25 0.17
12 225.63 69.84 -63.25 0.17
12 222.49 92 -63.25 0.17
12 206.45 79.1 -63.25 0.17
12 209.92 67.19 -63.25 0.17
12 220.67 72.49 -63.25 0.17
12 189.42 60.75 -64.08 0.17
12 175.53 57.44 -64.08 0.17
12 185.45 44.87 -64.08 0.17
12 178.5 35.28 -64.08 0.17
12 159.32 57.27 -64.92 0.17
12 158.83 83.56 -64.92 0.17
12 195.37 116.14 -64.92 0.17
12 175.36 129.37 -64.92 0.17
12 187.93 135.81 -64.92 0.17
12 225.96 113.16 -64.92 0.17
12 212.9 106.05 -65.75 0.17
12 240.18 94.97 -65.75 0.17
12 237.2 98.94 -65.75 0.17
12 231.91 112.5 -65.75 0.17
12 242.49 124.24 -65.75 0.17
12 243.49 63.06 -66.66 0.17
12 228.94 76.62 -66.66 0.17
12 195.04 80.26 -66.66 0.17
12 179.66 77.78 -66.66 0.17
12 167.76 37.6 -67.57 0.17
12 168.25 18.25 -67.57 0.17
12 203.8 141.93 -67.57 0.17
12 121.1 6.51 -67.57 0.17
12 104.9 2.05 -67.57 0.17
12 87.7 -4.07 -67.57 0.17
12 89.85 20.73 -67.57 0.17
12 100.1 14.78 -67.57 0.17
12 104.23 29.33 -67.57 0.17
12 114.49 19.74 -67.57 0.17
12 110.68 45.2 -67.57 0.17
12 93.32 46.03 -68.71 0.17
12 75.46 43.55 -71.81 0.17
12 61.9 23.71 -71.81 0.17
12 43.72 49.83 -75.37 0.17
12 121.27 58.1 -75.37 0.17
12 129.2 69.01 -75.37 0.17
12 138.79 100.1 -75.37 0.17
12 144.08 118.45 -74.54 0.17
12 147.72 127.05 -74.54 0.17
12 164.09 139.12 -74.54 0.17
12 134.16 139.45 -74.54 0.17
12 129.37 155.16 -74.54 0.17
12 137.47 144.58 -74.54 0.17
12 88.03 127.55 -74.54 0.17
12 72.65 132.84 -75.37 0.17
12 70.34 144.91 -75.37 0.17
12 60.42 154.17 -75.37 0.17
12 79.27 150.7 -75.37 0.17
12 32.8 94.81 -76.2 0.17
12 39.25 88.69 -76.2 0.17
12 27.84 87.2 -76.2 0.17
12 16.93 79.76 -76.2 0.17
12 29.5 63.89 -76.2 0.17
12 36.28 57.6 -76.2 0.17
12 37.6 74.63 -76.2 0.17
12 34.13 38.92 -76.2 0.17
12 41.73 16.1 -76.2 0.17
12 39.25 25.03 -76.2 0.17
12 46.03 36.27 -76.2 0.17
12 58.93 46.19 -76.2 0.17
12 48.84 64.38 -75.37 0.17
12 50.99 73.48 -75.37 0.17
12 59.42 78.77 -75.37 0.17
12 87.86 93.15 -74.54 0.17
12 100.43 97.95 -74.54 0.17
12 96.96 60.25 -74.54 0.17
12 106.38 76.95 -74.54 0.17
12 116.64 88.52 -74.54 0.17
12 71.16 92 -73.48 0.17
12 75.96 84.06 -73.48 0.17
12 53.31 99.93 -73.48 0.17
12 55.13 115.97 -73.48 0.17
12 42.56 109.69 -73.48 0.17
12 33.3 121.26 -73.48 0.17
12 67.2 116.47 -73.48 0.17
12 82.57 121.1 -73.48 0.17
12 62.4 134.82 -73.48 0.17
12 46.03 134.16 -73.48 0.17
12 101.09 145.57 -73.48 0.17
12 97.95 117.96 -72.64 0.17
12 110.52 130.36 -72.64 0.17
12 127.71 129.2 -72.64 0.17
12 133.67 50.66 -67.57 0.17
12 150.86 16.43 -67.57 0.17
12 134 25.19 -68.55 0.17
12 120.94 105.72 -69.39 0.17
12 129.53 112.5 -69.39 0.17
12 157.15 104.07 -68.55 0.17
12 74.14 150.51 -64.31 0.17
12 59.26 150.84 -64.31 0.17
12 48.18 153.48 -64.31 0.17
12 39.42 143.56 -65.14 0.17
12 88.03 155.96 -65.14 0.17
12 100.93 171.84 -65.14 0.17
12 99.6 162.08 -65.14 0.17
12 121.76 169.69 -65.14 0.17
12 127.05 165.39 -65.14 0.17
12 117.63 160.92 -65.14 0.17
12 131.35 172.5 -65.14 0.17
12 120.77 145.88 -65.14 0.17
12 112.67 154.97 -65.14 0.17
12 169.55 150.01 -65.14 0.17
12 101.59 128.02 -65.14 0.17
12 89.85 171.34 -74.24 0.17
12 79.93 134.96 -74.24 0.17
12 49.01 50.49 -43.18 0.17
12 49.17 64.38 -43.18 0.17
12 52.81 73.48 -43.18 0.17
12 39.91 74.47 -44.24 0.17
12 37.76 91 -44.24 0.17
12 28.83 75.3 -44.24 0.17
12 28.83 86.54 -44.24 0.17
12 24.04 99.27 -44.24 0.17
12 29.33 112 -45.07 0.17
12 32.97 103.57 -45.07 0.17
12 45.04 127.05 -45.07 0.17
12 55.46 118.62 -45.07 0.17
12 46.86 137.47 -45.07 0.17
12 56.94 33.79 -46.97 0.17
12 61.9 44.38 -46.97 0.17
12 74.97 39.75 -46.97 0.17
12 65.21 29.16 -46.97 0.17
12 57.94 22.88 -47.95 0.17
12 45.04 30.98 -47.95 0.17
12 56.45 8.82 -47.95 0.17
12 72.16 10.48 -47.95 0.17
12 77.94 15.27 -48.78 0.17
12 84.89 25.86 -48.78 0.17
12 90.84 45.2 -48.78 0.17
12 107.21 25.36 -48.78 0.17
12 105.56 10.81 -48.78 0.17
12 117.3 18.91 -48.78 0.17
12 122.42 10.64 -48.78 0.17
12 94.81 5.85 -48.78 0.17
12 85.72 -0.93 -48.78 0.17
12 126.72 36.6 -49.99 0.17
12 134.66 47.02 -49.99 0.17
12 132.68 56.28 -49.99 0.17
12 122.09 71.49 -49.99 0.17
12 114.16 61.24 -49.99 0.17
12 110.02 95.3 -50.83 0.17
12 109.2 109.69 -50.83 0.17
12 87.53 118.62 -50.83 0.17
12 91.01 133 -50.83 0.17
12 71.33 133.33 -50.83 0.17
12 75.46 108.04 -50.83 0.17
12 58.27 106.22 -51.66 0.17
12 61.74 95.47 -51.66 0.17
12 56.12 81.74 -51.66 0.17
12 77.45 96.63 -51.66 0.17
12 58.93 139.95 -52.57 0.17
12 63.39 151.19 -52.57 0.17
12 78.44 152.68 -52.57 0.17
12 90.68 151.52 -52.57 0.17
12 98.61 142.43 -53.4 0.17
12 125.56 128.7 -53.4 0.17
12 131.19 119.28 -53.4 0.17
12 132.01 140.11 -53.4 0.17
12 154.5 138.29 -53.4 0.17
12 151.03 128.04 -53.4 0.17
12 149.71 116.8 -53.4 0.17
12 176.16 130.52 -53.4 0.17
12 166.74 144.25 -53.4 0.17
12 175 148.05 -53.4 0.17
12 155.99 84.72 -46.28 0.17
12 158.64 60.25 -47.34 0.17
12 165.08 45.04 -48.4 0.17
12 174.18 58.93 -49.54 0.17
12 182.45 65.71 -49.54 0.17
12 182.61 49.17 -49.54 0.17
12 176.16 39.58 -49.54 0.17
12 157.81 29.99 -49.54 0.17
12 159.13 20.23 -49.54 0.17
12 143.75 19.24 -50.37 0.17
12 136.81 26.68 -50.37 0.17
12 146.23 42.06 -50.37 0.17
12 170.04 31.97 -50.37 0.17
12 131.35 106.05 -48.56 0.17
12 148.55 100.43 -48.56 0.17
12 166.9 108.37 -48.56 0.17
12 174.18 117.96 -48.56 0.17
12 112.67 139.45 -48.56 0.17
12 106.05 149.87 -39.92 0.17
12 108.37 128.37 -48.71 0.17
12 97.95 113.16 -48.71 0.17
12 140.78 153.67 -50.9 0.17
12 128.21 151.19 -50.9 0.17
12 161.12 153.67 -56.89 0.17
12 50.33 146.56 -56.89 0.17
12 53.64 153.81 -55.6 0.17
12 97.79 160.43 -56.74 0.17
12 89.35 162.25 -57.95 0.17
12 100.27 171.18 -57.95 0.17
12 109.53 155.96 -57.95 0.17
12 118.79 168.53 -57.95 0.17
12 125.23 163.07 -56.74 0.17
12 134.33 171.51 -56.74 0.17
12 150.7 172.66 -55.6 0.17
12 213.56 31.31 -57.65 0.17
12 204.13 37.6 -58.63 0.17
12 204.13 50 -53.93 0.17
12 202.81 58.6 -52.95 0.17
12 191.9 62.56 -51.66 0.17
12 225.3 55.62 -51.66 0.17
12 218.19 61.08 -51.66 0.17
12 212.57 71.16 -51.66 0.17
12 202.15 78.77 -50.83 0.17
12 208.76 100.59 -49.92 0.17
12 209.09 93.48 -49.92 0.17
12 195.87 111.18 -49.92 0.17
12 209.59 120.11 -53.48 0.17
12 191.4 124.24 -55.52 0.17
12 187.6 133.66 -56.43 0.17
12 198.02 139.95 -57.8 0.17
12 223.64 117.13 -60.9 0.17
12 232.74 105.72 -55.07 0.17
12 224.8 97.62 -55.07 0.17
12 238.53 90.18 -56.06 0.17
12 243.49 79.26 -57.19 0.17
12 235.88 71.49 -58.33 0.17
12 219.68 79.6 -58.33 0.17
12 243.16 62.07 -58.33 0.17
12 245.31 93.32 -55.37 0.17
12 243.32 107.04 -55.37 0.17
12 237.04 117.63 -55.37 0.17
12 243.32 120.93 -55.37 0.17
12 233.9 129.37 -54.54 0.17
12 190.24 72.65 -53.63 0.17
12 190.24 48.34 -54.84 0.17
12 204.79 25.36 -57.57 0.17
12 223.64 34.12 -57.57 0.17
12 226.13 70.17 -46.36 0.17
12 211.74 110.68 -50.45 0.17
12 207.44 120.93 -44.01 0.17
12 207.44 103.74 -44.01 0.17
12 219.18 106.38 -43.03 0.17
12 220.34 115.81 -42.19 0.17
12 221.5 71.66 -41.28 0.17
12 222.16 81.41 -41.28 0.17
12 210.09 74.47 -41.28 0.17
12 201.49 81.41 -40.45 0.17
12 209.09 90.18 -40.45 0.17
12 192.89 125.07 -40.45 0.17
12 193.55 116.63 -39.62 0.17
12 177.18 121.76 -39.62 0.17
12 184.79 117.46 -38.78 0.17
12 188.76 108.7 -38.78 0.17
12 173.87 96.3 -38.78 0.17
12 168.91 104.56 -37.65 0.17
12 184.13 98.11 -36.44 0.17
12 176.19 75.46 -36.44 0.17
12 175.69 67.03 -36.44 0.17
12 168.91 61.08 -36.44 0.17
12 158.99 75.13 -36.44 0.17
12 153.54 92.49 -36.44 0.17
12 204.96 61.9 -37.27 0.17
12 191.24 51.32 -38.25 0.17
12 182.14 56.61 -38.25 0.17
12 189.75 67.86 -38.25 0.17
12 187.43 133 -39.09 0.17
12 173.21 122.75 -39.09 0.17
12 168.09 132.34 -39.09 0.17
12 229.43 69.67 -38.48 0.17
12 205.62 41.4 -40.45 0.17
12 183.13 39.75 -44.09 0.17
12 179.83 49.01 -44.09 0.17
12 174.54 37.1 -44.09 0.17
12 163.29 44.21 -44.09 0.17
12 156.84 32.8 -44.09 0.17
12 147.42 16.76 -44.09 0.17
12 155.52 56.28 -44.09 0.17
12 148.41 46.03 -44.09 0.17
12 144.77 53.8 -44.09 0.17
12 156.18 85.22 -44.09 0.17
12 145.6 94.48 -44.09 0.17
12 146.76 115.81 -44.09 0.17
12 130.19 105.22 -42.95 0.17
12 123.08 122.59 -42.95 0.17
12 116.64 122.75 -42.95 0.17
12 118.62 108.2 -42.95 0.17
12 106.38 111.67 -42.95 0.17
12 104.73 126.39 -42.95 0.17
12 131.19 141.27 -42.95 0.17
12 131.19 155.33 -42.95 0.17
12 119.45 139.78 -42.95 0.17
12 111.51 148.22 -42.95 0.17
12 144.58 154.83 -42.95 0.17
12 150.7 147.22 -42.95 0.17
12 148.55 130.19 -42.95 0.17
12 128.05 74.63 -43.78 0.17
12 119.28 75.13 -43.78 0.17
12 130.53 60.75 -43.78 0.17
12 138.79 49.83 -43.78 0.17
12 140.45 32.14 -41.06 0.17
12 130.19 38.26 -40.15 0.17
12 136.15 17.42 -40.15 0.17
12 143.26 27.34 -41.59 0.17
12 149.38 41.07 -41.59 0.17
12 124.57 12.3 -41.59 0.17
12 105.56 12.13 -42.42 0.17
12 109.03 24.86 -42.42 0.17
12 120.44 34.62 -43.25 0.17
12 110.35 42.06 -43.25 0.17
12 114.32 56.61 -42.27 0.17
12 92.33 41.73 -42.27 0.17
12 90.84 28.67 -41.36 0.17
12 76.12 8.16 -35.15 0.17
12 61.74 14.45 -35.15 0.17
12 68.68 43.38 -37.72 0.17
12 57.11 36.6 -38.56 0.17
12 50 50.16 -37.65 0.17
12 75.3 55.12 -36.81 0.17
12 64.72 73.48 -35.75 0.17
12 54.63 72.15 -33.78 0.17
12 58.1 82.9 -32.8 0.17
12 47.68 70 -34.16 0.17
12 41.07 78.11 -35.15 0.17
12 37.27 88.19 -36.06 0.17
12 34.79 95.8 -36.06 0.17
12 28.5 89.19 -36.06 0.17
12 38.26 105.22 -36.97 0.17
12 29.5 112.33 -36.97 0.17
12 41.24 116.14 -36.97 0.17
12 50.83 111.84 -38.03 0.17
12 49.5 125.73 -36.21 0.17
12 45.7 134 -34.77 0.17
12 68.19 128.7 -33.48 0.17
12 62.73 115.31 -33.48 0.17
12 68.85 107.04 -35.15 0.17
12 64.55 93.65 -39.39 0.17
12 53.64 94.97 -39.39 0.17
12 59.76 99.44 -37.12 0.17
12 78.61 100.1 -37.12 0.17
12 94.81 87.2 -36.06 0.17
12 98.94 106.05 -36.06 0.17
12 93.32 126.06 -33.78 0.17
12 91.34 134.82 -33.78 0.17
12 97.62 135.65 -31.97 0.17
12 99.11 149.37 -31.13 0.17
12 79.1 125.89 -31.97 0.17
12 146.07 106.71 -32.95 0.17
12 135.98 97.29 -32.95 0.17
12 159.96 144.91 -34.39 0.17
12 160.62 132.84 -32.35 0.17
12 83.9 112.83 -29.32 0.17
12 112.17 72.82 -26.97 0.17
12 74.14 78.11 -42.04 0.17
12 71.66 63.06 -39.31 0.17
12 102.42 95.8 -34.09 0.17
12 94.48 159.44 -39.84 0.17
12 113.33 168.36 -40.75 0.17
12 119.78 161.09 -40.75 0.17
12 131.02 164.56 -41.59 0.17
12 62.07 143.73 -41.59 0.17
12 49.83 140.75 -42.57 0.17
12 66.04 151.83 -43.4 0.17
12 140.61 163.4 -44.47 0.17
12 151.86 156.79 -44.47 0.17
12 130.03 171.51 -44.47 0.17
12 177.98 143.89 -43.56 0.17
12 52.65 24.86 -42.72 0.17
12 197.19 79.43 -17.42 0.17
12 205.62 72.82 -17.42 0.17
12 191.24 72.65 -17.42 0.17
12 179.83 78.77 -18.48 0.17
12 175.86 72.32 -18.48 0.17
12 167.76 80.42 -18.48 0.17
12 171.23 86.04 -18.48 0.17
12 163.13 89.85 -18.48 0.17
12 157.01 84.56 -19.39 0.17
12 154.2 90.01 -19.39 0.17
12 161.47 101.09 -20.38 0.17
12 158.66 112.17 -20.38 0.17
12 153.21 121.59 -20.38 0.17
12 161.14 122.92 -20.38 0.17
12 166.27 113.33 -20.38 0.17
12 172.39 118.78 -20.38 0.17
12 173.21 113.66 -21.36 0.17
12 180.32 111.18 -21.36 0.17
12 183.96 105.89 -21.36 0.17
12 178.34 99.6 -21.36 0.17
12 185.45 101.26 -21.36 0.17
12 170.07 96.3 -21.36 0.17
12 192.72 110.85 -21.36 0.17
12 195.2 100.26 -21.36 0.17
12 200 93.32 -22.42 0.17
12 202.81 96.3 -22.42 0.17
12 210.58 87.53 -22.42 0.17
12 216.37 77.94 -24.24 0.17
12 203.8 61.57 -24.24 0.17
12 196.86 57.93 -24.24 0.17
12 180.16 59.59 -24.24 0.17
12 165.94 57.77 -24.24 0.17
12 187.6 57.11 -24.24 0.17
12 160.32 46.19 -24.24 0.17
12 154.2 57.77 -25.15 0.17
12 149.24 45.86 -25.15 0.17
12 145.1 54.63 -26.06 0.17
12 144.28 71.82 -26.06 0.17
12 143.28 93.15 -26.06 0.17
12 144.61 112.67 -26.06 0.17
12 178.5 122.75 -26.06 0.17
12 189.25 89.19 -27.8 0.17
12 148.71 133.33 -27.8 0.17
12 159.96 135.65 -27.8 0.17
12 151.53 142.59 -27.8 0.17
12 136.15 144.58 -27.8 0.17
12 145.9 146.4 -27.8 0.17
12 129.53 155 -28.63 0.17
12 114.82 150.37 -28.63 0.17
12 117.79 143.59 -28.63 0.17
12 107.87 135.32 -26.89 0.17
12 98.94 145.57 -26.89 0.17
12 92.49 133.17 -25.98 0.17
12 84.89 137.8 -25.98 0.17
12 77.12 129.37 -25.07 0.17
12 83.07 122.42 -25.07 0.17
12 78.11 114.81 -25.91 0.17
12 72.49 119.94 -25.91 0.17
12 69.35 126.39 -25.91 0.17
12 56.94 117.63 -25.91 0.17
12 51.65 111.67 -25.91 0.17
12 64.88 109.85 -25.91 0.17
12 61.24 99.77 -26.82 0.17
12 72.16 98.28 -26.82 0.17
12 62.24 86.37 -26.82 0.17
12 52.48 81.58 -26.82 0.17
12 54.46 74.97 -26.82 0.17
12 61.24 76.45 -26.82 0.17
12 73.64 65.87 -26.82 0.17
12 77.28 73.31 -26.82 0.17
12 68.68 58.93 -26.82 0.17
12 75.79 55.29 -26.82 0.17
12 65.71 50.82 -26.82 0.17
12 61.24 42.72 -26.82 0.17
12 70.5 44.38 -26.82 0.17
12 89.35 46.36 -26.82 0.17
12 114.65 71.33 -26.82 0.17
12 111.34 64.38 -26.82 0.17
12 124.57 72.65 -26.82 0.17
12 131.35 82.41 -26.82 0.17
12 115.31 79.1 -26.82 0.17
12 102.42 74.47 -26.82 0.17
12 91.17 87.04 -26.82 0.17
12 100.93 92 -27.65 0.17
12 95.14 107.87 -27.65 0.17
12 101.92 112.83 -27.65 0.17
12 103.9 120.93 -27.65 0.17
12 120.77 120.77 -27.65 0.17
12 113.99 113.82 -27.65 0.17
12 125.23 109.19 -27.65 0.17
12 116.64 102.25 -27.65 0.17
12 133.01 116.63 -27.65 0.17
12 137.8 60.58 -27.65 0.17
12 127.71 57.44 -27.65 0.17
12 133.01 44.04 -27.65 0.17
12 143.26 30.49 -27.65 0.17
12 134.49 24.53 -27.65 0.17
12 125.4 34.95 -27.65 0.17
12 111.18 42.06 -27.65 0.17
12 104.4 36.44 -27.65 0.17
12 114.16 30.49 -27.65 0.17
12 106.71 22.22 -27.65 0.17
12 88.03 32.8 -27.65 0.17
12 82.9 22.05 -27.65 0.17
12 74.31 32.64 -27.65 0.17
12 67.2 25.69 -27.65 0.17
12 44.21 68.85 -27.65 0.17
12 46.36 99.6 -26.51 0.17
12 34.95 95.3 -25.68 0.17
12 83.9 81.08 -24.54 0.17
12 91.67 69.84 -24.54 0.17
12 97.79 61.24 -24.54 0.17
12 75.96 11.97 -27.19 0.17
12 54.79 17.59 -27.19 0.17
12 51.82 52.81 -27.19 0.17
12 41.07 114.81 -27.19 0.17
12 105.72 54.13 -26.29 0.17
12 91.17 132.51 -7.2 0.17
12 92.16 114.15 -7.2 0.17
12 103.08 119.94 -8.11 0.17
12 119.78 117.3 -8.11 0.17
12 122.59 109.03 -8.11 0.17
12 94.81 93.48 -9.01 0.17
12 103.57 80.09 -9.01 0.17
12 110.52 84.06 -9.01 0.17
12 112.67 71.49 -9.01 0.17
12 106.88 66.2 -9.85 0.17
12 65.38 76.12 -10.76 0.17
12 78.11 72.15 -10.76 0.17
12 78.61 80.59 -10.76 0.17
12 84.72 75.3 -11.59 0.17
12 67.69 92.82 -11.59 0.17
12 80.59 96.79 -11.59 0.17
12 71.99 103.9 -11.59 0.17
12 62.24 98.61 -11.59 0.17
12 75.79 65.54 -12.35 0.17
12 83.73 66.7 -12.35 0.17
12 86.21 60.25 -12.35 0.17
12 136.97 92.49 -13.18 0.17
12 131.19 83.4 -13.18 0.17
12 136.97 80.92 -13.18 0.17
12 146.56 76.12 -13.18 0.17
12 143.92 70 -13.18 0.17
12 128.71 71 -13.18 0.17
12 71.99 57.11 -13.18 0.17
12 80.75 51.49 -13.18 0.17
12 75.96 42.56 -13.18 0.17
12 78.94 42.06 -13.18 0.17
12 68.85 83.07 -13.18 0.17
12 66.2 112.33 -13.18 0.17
12 79.27 118.78 -13.18 0.17
12 70.5 124.07 -13.18 0.17
12 87.53 125.56 -13.18 0.17
12 96.13 124.74 -13.18 0.17
12 176.82 120.93 -14.01 0.17
12 170.21 115.97 -14.01 0.17
12 160.95 121.76 -14.01 0.17
12 155.82 87.04 -14.01 0.17
12 146.73 62.23 -14.01 0.17
12 147.72 56.61 -14.01 0.17
12 138.63 58.1 -14.01 0.17
12 143.59 50.99 -14.01 0.17
12 122.09 56.28 -14.01 0.17
12 180.46 104.73 -14.92 0.17
12 179.47 99.11 -14.92 0.17
12 174.84 101.09 -14.92 0.17
12 169.88 92.16 -14.92 0.17
12 181.45 62.23 -14.92 0.17
12 173.02 76.12 -14.92 0.17
12 188.89 79.76 -14.92 0.17
12 185.42 117.63 -14.92 0.17
12 157.64 98.78 -14.92 0.17
12 160.45 107.04 -14.92 0.17
12 153.01 44.21 -14.92 0.17
12 116.47 90.18 -14.92 0.17
12 112.67 123.41 -14.92 0.17
12 197.35 80.42 -11.51 0.17
12 201.32 74.14 -11.51 0.17
12 205.13 90.01 -13.48 0.17
12 201.49 59.92 -14.39 0.17
12 193.05 63.23 -14.39 0.17
