11 151.84 138.93 -0.08 0.33
11 162.6 122.25 -0.08 0.33
11 151.84 110.81 -0.08 0.33
11 159.01 106.23 -0.08 0.33
11 145.98 86.29 -0.08 0.33
11 146.3 70.27 -0.08 0.33
11 156.73 74.52 -0.08 0.33
11 159.99 65.36 -0.08 0.33
11 158.69 50.32 -0.08 0.33
11 172.38 50.65 -0.08 0.33
11 168.14 56.21 -0.08 0.33
11 168.47 39.86 -0.08 0.33
11 172.7 27.11 -0.08 0.33
11 187.04 36.92 -0.08 0.33
11 190.3 27.44 -0.08 0.33
11 183.46 42.15 -0.08 0.33
11 187.37 50.32 -0.08 0.33
11 206.93 30.05 -0.08 0.33
11 212.14 25.15 -0.08 0.33
11 222.24 29.73 -0.08 0.33
11 202.36 45.09 -0.08 0.33
11 219.96 43.13 -0.08 0.33
11 233.98 37.9 -0.08 0.33
11 239.52 54.9 -0.08 0.33
11 230.39 54.57 -0.08 0.33
11 238.54 47.05 -0.08 0.33
11 255.49 38.55 -0.08 0.33
11 255.16 74.84 -0.08 0.33
11 266.9 75.17 -0.08 0.33
11 261.36 79.42 -0.08 0.33
11 272.44 73.86 -0.08 0.33
11 272.11 83.02 -0.08 0.33
11 281.24 95.77 -0.08 0.33
11 275.7 101.65 -0.08 0.33
11 276.67 114.73 -0.08 0.33
11 278.96 127.16 -0.08 0.33
11 277 135 -0.08 0.33
11 279.61 145.14 -0.08 0.33
11 288.73 150.04 -0.08 0.33
11 280.91 173.25 -0.08 0.33
11 279.93 178.16 -0.08 0.33
11 284.5 164.1 -0.08 0.33
11 286.13 187.31 -0.08 0.33
11 281.24 193.53 -0.08 0.33
11 276.35 232.1 -0.08 0.33
11 260.05 253.36 -0.08 0.33
11 241.15 250.74 -0.08 0.33
11 234.3 267.74 -0.08 0.33
11 227.79 264.47 -0.08 0.33
11 223.55 276.9 -0.08 0.33
11 222.24 283.44 -0.08 0.33
11 252.23 232.1 -0.08 0.33
11 256.14 216.08 -0.08 0.33
11 259.73 204.31 -0.08 0.33
11 252.23 201.05 -0.08 0.33
11 228.44 208.24 -0.08 0.33
11 246.36 181.43 -0.08 0.33
11 240.82 169 -0.08 0.33
11 240.82 154.62 -0.08 0.33
11 254.19 162.47 -0.08 0.33
11 258.42 156.25 -0.08 0.33
11 265.59 167.7 -0.08 0.33
11 234.63 234.39 -0.08 0.33
11 244.41 216.74 -0.08 0.33
11 223.55 245.51 -0.08 0.33
11 205.95 262.18 -0.08 0.33
11 197.8 271.34 -0.08 0.33
11 193.24 262.84 -0.08 0.33
11 189.65 255.64 -0.08 0.33
11 177.27 275.26 -0.08 0.33
11 175.96 258.59 -0.08 0.33
11 173.03 265.13 -0.08 0.33
11 162.6 252.05 -0.08 0.33
11 155.43 242.89 -0.08 0.33
11 149.24 247.8 -0.08 0.33
11 158.04 227.2 -0.08 0.33
11 144.35 233.41 -0.08 0.33
11 137.83 228.18 -0.08 0.33
11 136.85 216.08 -0.08 0.33
11 130.33 206.6 -0.08 0.33
11 157.06 212.49 -0.08 0.33
11 141.09 200.72 -0.08 0.33
11 136.53 191.56 -0.08 0.33
11 139.46 181.76 -0.08 0.33
11 131.31 176.52 -0.08 0.33
11 149.56 172.6 -0.08 0.33
11 159.99 175.87 -0.08 0.33
11 158.36 186.99 -0.08 0.33
11 165.21 192.87 -0.08 0.33
11 177.59 204.97 -0.08 0.33
11 197.15 219.35 -0.08 0.33
11 214.42 220.66 -0.08 0.33
11 220.94 182.08 -0.08 0.33
11 186.07 163.45 -0.08 0.33
11 187.7 172.6 -0.08 0.33
11 189.65 154.29 -0.08 0.33
11 207.25 143.5 -0.08 0.33
11 216.05 160.18 -0.08 0.33
11 186.07 135.66 -0.08 0.33
11 187.37 120.94 -0.08 0.33
11 180.53 110.48 -0.08 0.33
11 190.3 101.33 -0.08 0.33
11 177.27 92.17 -0.08 0.33
11 131.96 147.43 -0.08 0.33
11 132.94 159.52 -0.08 0.33
11 149.89 159.85 -0.08 0.33
11 141.74 150.04 -0.08 0.33
11 167.81 146.12 -0.08 0.33
11 167.49 137.29 -0.08 0.33
11 211.49 78.11 -0.08 0.33
11 206.6 67 -0.08 0.33
11 218.33 65.04 -0.08 0.33
11 253.53 103.29 -0.08 0.33
11 262.01 101.33 -0.08 0.33
11 268.85 109.17 -0.08 0.33
11 255.82 88.58 -0.08 0.33
11 244.08 134.02 -0.08 0.33
11 258.42 143.5 -0.08 0.33
11 225.18 105.9 -0.08 0.33
11 207.9 198.43 -0.08 0.33
11 199.76 206.6 -0.08 0.33
11 215.73 238.64 -0.08 0.33
11 181.5 231.45 -0.08 0.33
11 171.07 245.84 -0.08 0.33
11 173.68 218.7 -0.08 0.33
11 191.61 180.12 -0.08 0.33
11 197.8 192.22 -0.08 0.33
11 180.85 185.02 -0.08 0.33
11 203.01 176.52 -0.08 0.33
11 175.96 158.54 -0.08 0.33
11 200.41 131.41 -0.08 0.33
11 218.99 142.2 -0.08 0.33
11 217.03 131.08 -0.08 0.33
11 248.32 119.96 -0.08 0.33
11 240.5 104.27 -0.08 0.33
11 230.07 86.94 -0.08 0.33
11 207.25 95.44 -0.08 0.33
11 203.01 107.54 -0.08 0.33
11 189.65 241.91 -0.08 0.33
11 186.39 199.08 -0.08 0.33
11 188.67 64.38 -0.08 0.33
11 236.26 114.41 -0.08 0.33
11 212.79 112.12 -0.08 0.33
11 189 279.51 -0.08 0.33
11 182.16 267.74 -0.08 0.33
11 181.18 283.76 -0.08 0.33
11 205.62 279.84 -0.08 0.33
11 279.28 201.37 -0.08 0.33
11 277.98 172.6 15 0.33
11 284.17 164.43 15 0.33
11 283.52 191.24 15 0.33
11 276.67 232.1 15 0.33
11 276.67 218.05 15 0.33
11 286.13 220.66 15 0.33
11 291.02 153.31 15 0.33
11 292.97 144.48 15 0.33
11 276.67 144.16 15 0.33
11 272.44 140.89 15 0.33
11 278.3 134.35 15 0.33
11 281.56 116.04 15 0.33
11 282.54 97.4 15 0.33
11 281.89 89.56 15 0.33
11 277.98 82.36 15 0.33
11 271.13 62.42 15 0.33
11 251.58 45.75 15 0.33
11 250.27 51.63 15 0.33
11 235.28 54.57 15 0.33
11 213.12 24.82 15 0.33
11 207.9 24.82 15 0.33
11 188.35 28.42 15 0.33
11 163.9 35.61 15 0.33
11 167.16 42.15 15 0.33
11 171.4 23.84 15 0.33
11 188.35 37.9 15 0.33
11 173.68 52.29 15 0.33
11 170.1 61.11 15 0.33
11 157.38 50.32 15 0.33
11 153.47 55.56 15 0.33
11 152.82 63.07 15 0.33
11 161.62 70.59 15 0.33
11 143.7 71.9 15 0.33
11 146.3 79.1 15 0.33
11 141.41 85.63 15 0.33
11 151.52 71.58 15 0.33
11 129.35 152.98 15 0.33
11 130.01 146.12 15 0.33
11 151.19 247.47 15 0.33
11 166.18 270.03 15 0.33
11 171.73 268.4 15 0.33
11 171.4 278.86 15 0.33
11 174.33 284.74 15 0.33
11 223.22 282.45 15 0.33
11 260.7 255.64 15 0.33
11 253.86 233.41 15 0.33
11 158.69 106.23 15 0.33
11 159.01 210.85 15 0.33
11 142.39 217.39 15 0.33
11 138.81 210.2 15 0.33
11 127.72 206.28 15 0.33
11 127.4 177.51 15 0.33
11 140.44 116.37 15 0.33
11 162.6 125.52 15 0.33
11 271.46 101.33 15 0.33
11 269.83 84.65 15 0.33
11 265.27 75.17 15 0.33
11 274.39 75.5 15 0.33
11 207.58 40.52 15 0.33
11 216.05 37.57 15 0.33
11 203.67 34.63 15 0.33
11 241.15 216.41 15 0.33
11 231.04 207.26 15 0.33
11 253.86 214.45 15 0.33
11 259.4 204.97 15 0.33
11 234.63 267.09 15 0.33
11 239.19 252.7 15 0.33
11 193.24 270.68 15 0.33
11 205.95 266.76 15 0.33
11 215.73 268.4 15 0.33
11 187.37 254.66 15 0.33
11 178.24 257.93 15 0.33
11 195.84 219.03 15 0.33
11 181.18 220.66 15 0.33
11 186.72 236.68 15 0.33
11 181.5 245.18 15 0.33
11 160.32 227.85 15 0.33
11 166.51 236.03 15 0.33
11 164.23 248.78 15 0.33
11 158.36 182.74 15 0.33
11 145 157.56 15 0.33
11 144.02 181.43 15 0.33
11 156.73 143.18 15 0.33
11 183.46 131.73 15 0.33
11 177.59 111.14 15 0.33
11 193.89 150.37 15 0.33
11 216.38 109.17 15 0.33
11 230.72 107.21 15 0.33
11 242.78 132.71 15 0.33
11 234.3 132.71 15 0.33
11 229.74 139.25 15 0.33
11 237.56 150.7 15 0.33
11 237.89 163.12 15 0.33
11 247.02 164.75 15 0.33
11 261.36 178.49 15 0.33
11 257.45 192.87 15 0.33
11 247.34 198.1 15 0.33
11 209.53 72.56 15 0.33
11 202.36 66.34 15 0.33
11 187.04 74.84 15 0.33
11 187.7 87.6 15 0.33
11 197.47 84.65 15 0.33
11 187.04 106.56 15 0.33
11 232.02 62.42 15 0.33
11 221.27 61.44 15 0.33
11 214.75 64.38 15 0.33
11 210.84 57.84 15 0.33
11 219.64 52.61 15 0.33
11 207.9 50.32 15 0.33
11 196.5 41.17 15 0.33
11 192.91 51.96 15 0.33
11 195.52 182.41 15 0.33
11 218.33 203.01 15 0.33
11 196.17 203.66 15 0.33
11 212.79 237.34 15 0.33
11 228.76 234.72 15 0.33
11 201.06 248.13 15 0.33
11 170.42 214.78 15 0.33
11 175.31 169.99 15 0.33
11 188.35 166.72 15 0.33
11 182.48 185.68 15 0.33
11 177.59 147.1 15 0.33
11 195.52 125.52 15 0.33
11 203.01 130.75 15 0.33
11 205.3 99.04 15 0.33
11 232.67 118.98 15 0.33
11 250.27 151.35 15 0.33
11 246.69 90.87 15 0.33
11 199.1 111.14 15 0.33
11 178.57 98.06 15 0.33
11 205.3 167.7 15 0.33
11 206.93 195.16 15 0.33
11 246.04 183.72 15 0.33
11 176.61 83.35 15 0.33
11 175.64 77.13 15 0.33
11 150.54 203.66 15 0.33
11 192.26 282.45 15 0.33
11 205.62 290.95 15 0.33
11 211.16 285.4 15 0.33
11 243.76 271.67 15 0.33
11 144.67 235.05 15 0.33
11 145.33 229.16 15 0.33
11 138.81 227.53 15 0.33
11 138.81 135 15 0.33
11 138.48 144.16 15 0.33
11 178.57 41.17 15 0.33
11 185.41 46.07 15 0.33
11 257.12 36.27 15 0.33
11 267.22 47.38 15 0.33
11 200.41 25.15 15 0.33
11 248.97 66.02 15 0.33
11 272.76 128.14 15 0.33
11 254.19 177.18 15 0.33
11 247.67 176.2 15 0.33
11 196.82 141.21 15 0.33
11 252.88 85.96 15 0.33
11 257.45 101.98 15 0.33
11 257.77 94.13 15 0.33
11 207.25 209.55 15 0.33
11 173.36 225.57 15 0.33
11 173.68 178.49 15 0.33
11 164.23 156.58 15 0.33
11 160.97 172.93 15 0.33
11 153.15 174.56 15 0.33
11 275.7 251.07 15 0.33
11 265.27 167.7 15 0.33
11 218.99 192.22 15 0.33
11 214.75 196.14 15 0.33
11 212.79 188.62 15 0.33
11 166.18 258.26 15 0.33
11 172.7 250.09 15 0.33
11 171.4 243.55 15 0.33
11 174.66 235.37 15 0.33
11 162.27 264.8 15 0.33
11 155.43 262.18 15 0.33
11 164.23 280.49 15 0.33
11 159.99 274.61 15 0.33
11 157.38 269.7 15 0.33
11 269.83 239.62 15 0.33
11 254.84 229.82 30 0.33
11 255.16 213.14 30 0.33
11 254.84 205.3 30 0.33
11 249.62 254.01 30 0.33
11 238.22 248.13 30 0.33
11 238.54 265.45 30 0.33
11 216.38 278.86 30 0.33
11 217.03 285.07 30 0.33
11 204.97 267.41 30 0.33
11 203.01 274.61 30 0.33
11 196.5 276.24 30 0.33
11 188.67 270.68 30 0.33
11 250.27 187.31 30 0.33
11 249.3 172.6 30 0.33
11 243.76 160.83 30 0.33
11 235.61 162.14 30 0.33
11 237.24 153.97 30 0.33
11 156.08 143.18 30 0.33
11 171.4 142.52 30 0.33
11 168.14 134.02 30 0.33
11 169.12 183.06 30 0.33
11 175.64 232.43 30 0.33
11 176.61 241.91 30 0.33
11 165.86 232.1 30 0.33
11 157.38 226.87 30 0.33
11 161.95 214.45 30 0.33
11 146.95 246.49 30 0.33
11 161.62 254.34 30 0.33
11 155.43 260.88 30 0.33
11 164.88 269.7 30 0.33
11 171.07 278.86 30 0.33
11 174.33 268.4 30 0.33
11 155.75 240.61 30 0.33
11 144.02 213.14 30 0.33
11 137.83 184.04 30 0.33
11 137.18 170.97 30 0.33
11 138.48 177.83 30 0.33
11 138.81 151.68 30 0.33
11 139.46 158.54 30 0.33
11 139.78 144.48 30 0.33
11 128.7 152.33 30 0.33
11 138.48 132.39 30 0.33
11 139.46 125.52 30 0.33
11 140.76 117.67 30 0.33
11 270.16 63.07 30 0.33
11 272.11 74.19 30 0.33
11 268.2 81.38 30 0.33
11 277.65 89.23 30 0.33
11 274.72 92.83 30 0.33
11 279.28 96.1 30 0.33
11 282.87 90.54 30 0.33
11 251.9 49.34 30 0.33
11 252.88 56.54 30 0.33
11 269.18 52.29 30 0.33
11 270.81 43.79 30 0.33
11 237.89 35.28 30 0.33
11 279.28 250.41 30 0.33
11 273.42 253.68 30 0.33
11 267.22 263.49 30 0.33
11 288.41 194.83 30 0.33
11 289.71 151.68 30 0.33
11 291.34 145.79 30 0.33
11 285.48 180.77 30 0.33
11 288.08 188.29 30 0.33
11 279.93 191.24 30 0.33
11 278.63 185.35 30 0.33
11 213.77 14.69 30 0.33
11 143.04 89.56 30 0.33
11 129.68 172.6 30 0.33
11 126.42 180.12 30 0.33
11 127.4 144.81 30 0.33
11 162.93 206.6 30 0.33
11 153.8 214.78 30 0.33
11 171.07 258.26 30 0.33
11 182.48 255.97 30 0.33
11 268.85 236.68 30 0.33
11 279.28 238.32 30 0.33
11 285.48 234.07 30 0.33
11 274.72 218.05 30 0.33
11 287.76 215.76 30 0.33
11 285.8 225.24 30 0.33
11 280.26 222.62 30 0.33
11 209.86 258.26 30 0.33
11 223.87 258.59 30 0.33
11 192.59 221.32 30 0.33
11 192.26 144.48 30 0.33
11 278.3 169.99 30 0.33
11 277 143.18 30 0.33
11 273.42 137.62 30 0.33
11 287.43 138.93 30 0.33
11 284.5 130.43 30 0.33
11 281.24 78.44 30 0.33
11 216.38 42.8 30 0.33
11 230.72 49.67 30 0.33
11 235.93 50.98 30 0.33
11 216.7 26.46 30 0.33
11 209.53 26.46 30 0.33
11 205.3 24.82 30 0.33
11 207.25 19.92 30 0.33
11 204.32 15.67 30 0.33
11 198.13 14.03 30 0.33
11 184.44 24.17 30 0.33
11 179.22 22.86 30 0.33
11 162.93 32.34 30 0.33
11 166.51 35.94 30 0.33
11 162.93 38.88 30 0.33
11 148.91 58.82 30 0.33
11 151.19 64.38 30 0.33
11 145 67.98 30 0.33
11 141.41 75.83 30 0.33
11 164.56 107.87 30 0.33
11 156.73 104.6 30 0.33
11 162.93 114.41 30 0.33
11 233.98 107.87 30 0.33
11 223.87 112.12 30 0.33
11 217.36 108.19 30 0.33
11 221.59 95.12 30 0.33
11 234.96 81.38 30 0.33
11 209.21 75.17 30 0.33
11 206.6 84.98 30 0.33
11 187.7 79.75 30 0.33
11 188.02 84.65 30 0.33
11 178.57 83.02 30 0.33
11 175.64 95.77 30 0.33
11 185.41 105.25 30 0.33
11 178.24 110.48 30 0.33
11 193.24 127.48 30 0.33
11 186.72 133.04 30 0.33
11 242.13 219.68 30 0.33
11 234.3 213.47 30 0.33
11 228.11 139.25 30 0.33
11 231.7 190.26 30 0.33
11 202.04 209.22 30 0.33
11 189.33 211.18 30 0.33
11 189 234.07 30 0.33
11 226.81 182.41 30 0.33
11 216.7 185.02 30 0.33
11 196.82 188.29 30 0.33
11 215.73 158.22 30 0.33
11 229.09 147.43 30 0.33
11 193.56 106.56 30 0.33
11 255.82 82.69 30 0.33
11 168.47 188.62 30 0.33
11 156.73 169.66 30 0.33
11 156.73 192.22 30 0.33
11 161.3 198.1 30 0.33
11 141.41 202.68 30 0.33
11 128.7 209.22 30 0.33
11 153.15 251.07 30 0.33
11 153.15 244.86 30 0.33
11 279.61 229.16 30 0.33
11 272.76 232.1 30 0.33
11 269.5 101.33 30 0.33
11 277 132.06 30 0.33
11 281.89 123.56 30 0.33
11 274.72 176.2 30 0.33
11 221.27 62.75 30 0.33
11 220.94 50 30 0.33
11 213.77 36.92 30 0.33
11 202.04 34.96 30 0.33
11 193.24 42.15 30 0.33
11 158.36 47.71 30 0.33
11 162.27 98.06 30 0.33
11 182.81 224.59 30 0.33
11 214.1 203.33 30 0.33
11 236.59 203.33 30 0.33
11 246.69 226.87 30 0.33
11 249.3 219.68 30 0.33
11 222.57 150.04 30 0.33
11 202.69 145.46 30 0.33
11 236.26 123.56 30 0.33
11 204.64 102.64 30 0.33
11 220.29 73.21 30 0.33
11 173.36 119.96 30 0.33
11 213.12 175.54 30 0.33
11 246.69 203.66 30 0.33
11 253.53 194.83 30 0.33
11 266.25 203.33 30 0.33
11 223.55 243.55 30 0.33
11 196.5 257.28 30 0.33
11 196.5 267.41 30 0.33
11 189.65 254.99 30 0.33
11 159.67 274.28 30 0.33
11 179.22 281.8 30 0.33
11 172.38 286.38 30 0.33
11 194.21 97.73 30 0.33
11 195.84 83.02 30 0.33
11 186.07 169.66 30 0.33
11 183.13 188.29 30.07 0.33
11 261.36 156.91 30.07 0.33
11 238.54 95.44 30.07 0.33
11 143.37 227.85 30.07 0.33
11 283.52 188.62 45.15 0.33
11 286.78 220.99 45.15 0.33
11 279.93 226.55 45.15 0.33
11 285.15 233.09 45.15 0.33
11 279.28 246.16 45.15 0.33
11 277.33 253.36 45.15 0.33
11 285.15 165.41 45.15 0.33
11 270.48 163.77 45.15 0.33
11 276.67 142.2 45.15 0.33
11 276.35 135.98 45.15 0.33
11 281.56 125.85 45.15 0.33
11 273.74 93.81 45.15 0.33
11 270.48 101.98 45.15 0.33
11 271.13 74.84 45.15 0.33
11 265.92 74.52 45.15 0.33
11 270.16 68.63 45.15 0.33
11 265.92 61.11 45.15 0.33
11 258.42 38.23 45.15 0.33
11 203.99 18.61 45.15 0.33
11 207.25 23.84 45.15 0.33
11 213.44 28.09 45.15 0.33
11 169.77 26.78 45.15 0.33
11 181.83 34.3 45.15 0.33
11 182.16 21.55 45.15 0.33
11 165.53 35.28 45.15 0.33
11 170.75 56.54 45.15 0.33
11 165.86 61.11 45.15 0.33
11 231.37 274.93 45.15 0.33
11 189 274.61 45.15 0.33
11 166.84 272.65 45.15 0.33
11 168.47 281.47 45.15 0.33
11 168.79 256.63 45.15 0.33
11 160.97 245.84 45.15 0.33
11 167.81 245.18 45.15 0.33
11 152.82 261.53 45.15 0.33
11 151.52 249.76 45.15 0.33
11 146.63 241.91 45.15 0.33
11 153.8 226.22 45.15 0.33
11 150.87 219.35 45.15 0.33
11 163.58 217.39 45.15 0.33
11 157.06 218.37 45.15 0.33
11 161.95 204.64 45.15 0.33
11 160.32 191.24 45.15 0.33
11 139.13 203.66 45.15 0.33
11 130.98 214.12 45.15 0.33
11 125.12 205.95 45.15 0.33
11 138.81 183.72 45.15 0.33
11 127.4 186.33 45.15 0.33
11 134.57 188.29 45.15 0.33
11 136.2 170.31 45.15 0.33
11 133.59 175.87 45.15 0.33
11 138.81 156.58 45.15 0.33
11 129.03 153.31 45.15 0.33
11 143.7 143.18 45.15 0.33
11 134.24 145.46 45.15 0.33
11 137.18 129.77 45.15 0.33
11 133.59 124.21 45.15 0.33
11 141.74 124.21 45.15 0.33
11 140.44 116.69 45.15 0.33
11 134.57 114.08 45.15 0.33
11 160.97 73.86 45.15 0.33
11 150.21 74.84 45.15 0.33
11 169.44 70.59 45.15 0.33
11 175.96 70.59 45.15 0.33
11 219.96 43.79 45.15 0.33
11 213.44 40.52 45.15 0.33
11 196.5 34.96 45.15 0.33
11 187.7 36.92 45.15 0.33
11 191.93 45.42 45.15 0.33
11 271.46 245.84 45.15 0.33
11 273.74 224.26 45.15 0.33
11 145.33 65.69 45.15 0.33
11 145 61.11 45.15 0.33
11 272.76 172.27 45.15 0.33
11 266.9 179.79 45.15 0.33
11 255.82 211.18 45.15 0.33
11 279.61 202.03 45.15 0.33
11 249.62 231.45 45.15 0.33
11 261.03 248.45 45.15 0.33
11 271.79 234.07 45.15 0.33
11 266.57 266.11 45.15 0.33
11 259.07 268.4 45.15 0.33
11 240.5 262.51 45.15 0.33
11 223.22 261.86 45.15 0.33
11 213.12 287.03 45.15 0.33
11 212.47 276.57 45.15 0.33
11 258.42 138.6 45.15 0.33
11 254.19 123.89 45.15 0.33
11 269.5 116.37 45.15 0.33
11 260.7 111.79 45.15 0.33
11 261.68 86.29 45.15 0.33
11 271.46 82.36 45.15 0.33
11 261.03 76.81 45.15 0.33
11 257.12 80.73 45.15 0.33
11 262.99 93.48 45.15 0.33
11 265.92 88.58 45.15 0.33
11 259.07 97.08 45.15 0.33
11 254.51 88.58 45.15 0.33
11 257.45 65.69 45.15 0.33
11 255.82 59.15 45.15 0.33
11 253.21 53.27 45.15 0.33
11 266.57 47.38 45.15 0.33
11 266.9 41.5 45.15 0.33
11 262.99 40.52 45.15 0.33
11 229.74 24.82 45.15 0.33
11 215.07 12.73 45.15 0.33
11 205.3 11.09 45.15 0.33
11 210.84 17.3 45.15 0.33
11 200.41 39.53 45.15 0.33
11 202.04 67 45.15 0.33
11 156.73 114.08 45.15 0.33
11 153.15 123.56 45.15 0.33
11 169.44 145.46 45.15 0.33
11 163.9 142.2 45.15 0.33
11 180.2 152.33 45.15 0.33
11 266.57 191.89 45.15 0.33
11 271.46 199.41 45.15 0.33
11 253.21 154.95 45.15 0.33
11 255.16 160.5 45.15 0.33
11 255.82 175.22 45.15 0.33
11 249.62 187.31 45.15 0.33
11 233.98 137.62 45.15 0.33
11 239.19 119.31 45.15 0.33
11 218.01 58.5 45.15 0.33
11 229.09 40.19 45.15 0.33
11 239.52 31.69 45.15 0.33
11 226.81 29.73 45.15 0.33
11 217.68 29.73 45.15 0.33
11 225.83 141.54 45.15 0.33
11 223.22 130.1 45.15 0.33
11 194.21 141.54 45.15 0.33
11 197.15 150.7 45.15 0.33
11 201.06 123.89 45.15 0.33
11 217.36 76.48 45.15 0.33
11 206.6 68.31 45.15 0.33
11 205.62 78.44 45.15 0.33
11 202.04 83.02 45.15 0.33
11 224.53 91.19 45.15 0.33
11 178.57 84 45.15 0.33
11 185.09 80.08 45.15 0.33
11 174.33 90.54 45.15 0.33
11 226.48 197.78 45.15 0.33
11 239.19 206.93 45.15 0.33
11 237.89 216.74 45.15 0.33
11 231.7 190.91 45.15 0.33
11 223.87 233.74 45.15 0.33
11 202.36 208.56 45.15 0.33
11 186.39 207.91 45.15 0.33
11 194.21 222.3 45.15 0.33
11 188.35 231.45 45.15 0.33
11 208.88 142.52 45.15 0.33
11 233 172.6 45.15 0.33
11 220.61 181.76 45.15 0.33
11 233.98 149.06 45.15 0.33
11 197.15 163.12 45.15 0.33
11 204.64 171.62 45.15 0.33
11 213.77 161.81 45.15 0.33
11 216.38 170.64 45.15 0.33
11 237.56 186.01 45.15 0.33
11 232.35 248.13 45.15 0.33
11 202.69 243.55 45.15 0.33
11 220.29 246.49 45.15 0.33
11 241.47 246.16 45.15 0.33
11 259.07 238.64 45.15 0.33
11 248.32 275.59 45.15 0.33
11 239.52 280.82 45.15 0.33
11 232.02 285.72 45.15 0.33
11 200.41 290.63 45.15 0.33
11 180.53 285.07 45.15 0.33
11 199.43 234.72 45.15 0.33
11 205.62 224.26 45.15 0.33
11 210.51 220.01 45.15 0.33
11 227.79 213.8 45.15 0.33
11 215.73 189.6 45.15 0.33
11 205.95 181.1 45.15 0.33
11 187.04 186.66 45.15 0.33
11 184.11 174.56 45.15 0.33
11 176.94 163.12 45.15 0.33
11 213.12 151.02 45.15 0.33
11 275.7 127.81 45.15 0.33
11 282.22 132.39 45.15 0.33
11 282.22 138.27 45.15 0.33
11 278.96 148.41 45.15 0.33
11 282.54 172.27 45.15 0.33
11 241.47 81.06 45.15 0.33
11 238.87 68.96 45.15 0.33
11 222.57 54.9 45.15 0.33
11 209.53 63.07 45.15 0.33
11 206.6 47.38 45.15 0.33
11 197.47 48.04 45.15 0.33
11 173.68 40.19 45.15 0.33
11 161.62 49.67 45.15 0.33
11 161.62 55.56 45.15 0.33
11 156.73 56.86 45.15 0.33
11 159.34 60.46 45.15 0.33
11 173.36 64.38 45.15 0.33
11 146.63 81.38 45.15 0.33
11 139.46 82.04 45.15 0.33
11 142.07 89.88 45.15 0.33
11 139.78 96.42 45.15 0.33
11 170.1 125.85 45.15 0.33
11 161.3 122.58 45.15 0.33
11 167.81 134.02 45.15 0.33
11 173.68 139.58 45.15 0.33
11 179.22 145.14 45.15 0.33
11 190.63 122.25 45.15 0.33
11 183.46 130.1 45.15 0.33
11 181.5 196.79 45.15 0.33
11 259.4 148.41 45.15 0.33
11 261.36 153.64 45.15 0.33
11 245.06 150.37 45.15 0.33
11 245.06 124.87 45.15 0.33
11 242.78 131.73 45.15 0.33
11 216.38 102.64 45.15 0.33
11 223.55 115.71 45.15 0.33
11 217.03 109.83 45.15 0.33
11 230.07 110.15 45.15 0.33
11 208.88 103.94 45.15 0.33
11 202.69 110.81 45.15 0.33
11 201.71 96.1 45.15 0.33
11 214.42 92.83 45.15 0.33
11 188.67 100.35 45.15 0.33
11 190.63 91.52 45.15 0.33
11 244.08 90.87 45.15 0.33
11 234.96 91.85 45.15 0.33
11 228.76 158.87 45.15 0.33
11 151.84 210.2 45.15 0.33
11 158.36 235.05 45.15 0.33
11 155.75 239.62 45.15 0.33
11 147.93 234.72 45.15 0.33
11 145.33 227.53 45.15 0.33
11 279.93 211.83 45.15 0.33
11 264.29 204.64 45.15 0.33
11 264.94 214.12 45.15 0.33
11 255.82 198.76 45.15 0.33
11 200.73 249.11 45.15 0.33
11 188.67 250.09 45.15 0.33
11 190.63 242.24 45.15 0.33
11 280.91 140.23 59.84 0.33
11 277 136.31 59.84 0.33
11 268.53 150.37 59.84 0.33
11 261.36 152.98 59.84 0.33
11 254.19 151.68 59.84 0.33
11 279.28 225.24 59.84 0.33
11 285.15 227.53 59.84 0.33
11 282.54 233.09 59.84 0.33
11 281.89 248.13 59.84 0.33
11 262.33 250.74 59.84 0.33
11 259.07 231.78 59.84 0.33
11 271.46 244.86 59.84 0.33
11 270.81 100.67 59.84 0.33
11 269.18 87.92 59.84 0.33
11 269.83 71.25 59.84 0.33
11 260.7 61.44 59.84 0.33
11 264.62 65.36 59.84 0.33
11 265.27 55.56 59.84 0.33
11 206.93 24.17 59.84 0.33
11 208.88 17.63 59.84 0.33
11 203.34 17.63 59.84 0.33
11 197.47 17.3 59.84 0.33
11 196.5 29.4 59.84 0.33
11 155.43 40.52 59.84 0.33
11 155.1 45.42 59.84 0.33
11 176.61 38.55 59.84 0.33
11 174.01 30.05 59.84 0.33
11 171.4 25.15 59.84 0.33
11 166.18 30.38 59.84 0.33
11 165.53 34.96 59.84 0.33
11 143.7 61.11 59.84 0.33
11 157.06 106.89 59.84 0.33
11 166.18 144.81 59.84 0.33
11 139.78 87.92 59.84 0.33
11 140.11 99.04 59.84 0.33
11 135.55 130.1 59.84 0.33
11 135.55 152.66 59.84 0.33
11 133.92 157.23 59.84 0.33
11 126.42 183.72 59.84 0.33
11 139.13 178.81 59.84 0.33
11 130.98 190.26 59.84 0.33
11 130.66 203.99 59.84 0.33
11 135.22 212.16 59.84 0.33
11 135.55 208.24 59.84 0.33
11 143.37 227.53 59.84 0.33
11 149.89 226.87 59.84 0.33
11 165.86 239.95 59.84 0.33
11 165.86 244.86 59.84 0.33
11 165.21 266.11 59.84 0.33
11 192.91 277.22 59.84 0.33
11 241.47 184.04 60.68 0.33
11 237.24 193.85 60.68 0.33
11 273.74 195.81 60.68 0.33
11 266.25 197.12 60.68 0.33
11 266.57 188.29 60.68 0.33
11 272.76 188.29 60.68 0.33
11 280.59 195.49 60.68 0.33
11 285.15 220.33 60.68 0.33
11 245.71 250.74 60.68 0.33
11 237.56 254.66 60.68 0.33
11 243.43 258.26 60.68 0.33
11 237.89 247.14 60.68 0.33
11 222.9 252.7 60.68 0.33
11 209.21 256.3 60.68 0.33
11 210.51 243.55 60.68 0.33
11 221.92 224.91 60.68 0.33
11 215.73 234.39 60.68 0.33
11 209.53 228.51 60.68 0.33
11 204.64 223.28 60.68 0.33
11 213.77 222.62 60.68 0.33
11 203.67 238.64 60.68 0.33
11 199.43 244.53 60.68 0.33
11 191.28 244.86 60.68 0.33
11 198.45 270.68 60.68 0.33
11 189 261.2 60.68 0.33
11 231.7 204.64 59.99 0.33
11 238.22 213.8 59.99 0.33
11 238.22 205.3 59.99 0.33
11 243.1 154.62 59.99 0.33
11 246.04 160.18 59.99 0.33
11 244.73 141.87 59.99 0.33
11 253.21 142.85 59.99 0.33
11 259.4 142.2 59.99 0.33
11 263.96 140.23 59.99 0.33
11 269.18 133.69 59.99 0.33
11 245.39 128.46 59.99 0.33
11 255.82 125.52 59.99 0.33
11 260.7 118 59.99 0.33
11 228.11 142.85 59.99 0.33
11 206.93 160.83 59.99 0.33
11 219.31 174.89 59.99 0.33
11 217.68 180.77 59.99 0.33
11 226.81 192.87 59.99 0.33
11 201.39 166.06 59.99 0.33
11 191.93 151.35 59.99 0.33
11 199.1 155.93 59.99 0.33
11 190.96 159.85 59.99 0.33
11 192.91 164.75 59.99 0.33
11 191.61 136.31 59.99 0.33
11 163.9 127.48 59.99 0.33
11 140.76 167.04 59.99 0.33
11 148.26 172.27 59.99 0.33
11 153.15 164.75 59.99 0.33
11 146.3 164.75 59.99 0.33
11 154.78 153.31 59.99 0.33
11 147.28 152.33 59.99 0.33
11 147.61 140.56 59.99 0.33
11 183.78 115.39 59.99 0.33
11 183.78 107.87 59.99 0.33
11 218.99 105.58 59.99 0.33
11 216.05 125.19 59.99 0.33
11 201.71 124.54 59.99 0.33
11 196.82 114.73 59.99 0.33
11 241.47 116.69 59.99 0.33
11 229.09 89.23 59.99 0.33
11 228.44 81.38 59.99 0.33
11 218.66 72.56 59.99 0.33
11 214.1 86.29 59.99 0.33
11 209.53 95.44 59.99 0.33
11 198.45 84 59.99 0.33
11 165.53 95.77 59.99 0.33
11 169.12 109.17 59.99 0.33
11 165.86 120.94 59.99 0.33
11 170.75 168.02 59.99 0.33
11 170.42 179.14 59.99 0.33
11 162.93 180.77 59.99 0.33
11 160.97 190.26 59.99 0.33
11 186.72 205.95 59.99 0.33
11 180.53 214.45 59.99 0.33
11 177.27 230.8 59.99 0.33
11 168.47 257.28 59.99 0.33
11 168.14 251.72 59.99 0.33
11 178.9 273.95 59.99 0.33
11 178.9 279.18 59.99 0.33
11 233.98 286.05 59.99 0.33
11 232.67 266.43 59.99 0.33
11 203.34 289.97 59.99 0.33
11 206.6 148.73 59.99 0.33
11 214.1 168.68 59.99 0.33
11 245.71 73.21 59.99 0.33
11 239.19 69.29 59.99 0.33
11 249.62 66.34 59.99 0.33
11 256.47 73.86 59.99 0.33
11 262.99 77.13 59.99 0.33
11 261.36 84 59.99 0.33
11 228.44 66.34 59.99 0.33
11 238.87 50.65 59.99 0.33
11 232.02 44.44 59.99 0.33
11 186.72 80.08 59.99 0.33
11 206.27 68.63 59.99 0.33
11 208.88 81.38 59.99 0.33
11 214.1 75.5 59.99 0.33
11 218.99 58.5 59.99 0.33
11 168.47 70.27 59.99 0.33
11 160.97 62.09 59.99 0.33
11 151.84 72.23 59.99 0.33
11 207.9 203.33 59.99 0.33
11 205.3 193.53 59.99 0.33
11 199.43 202.35 59.99 0.33
11 199.76 214.45 59.99 0.33
11 236.26 234.72 59.99 0.33
11 226.16 235.37 59.99 0.33
11 247.99 238.64 59.99 0.33
11 239.52 220.33 59.99 0.33
11 193.24 92.5 59.99 0.33
11 265.27 206.6 59.99 0.33
11 190.96 226.87 59.99 0.33
11 194.21 186.01 59.99 0.33
11 181.5 185.68 59.99 0.33
11 180.2 172.6 59.99 0.33
11 232.02 116.04 59.99 0.33
11 246.36 93.48 59.99 0.33
11 237.56 95.77 59.99 0.33
11 202.36 102.96 59.99 0.33
11 178.57 95.77 59.99 0.33
11 184.44 89.23 59.99 0.33
11 220.61 113.75 59.99 0.33
11 210.51 109.5 59.99 0.33
11 243.76 169.66 59.99 0.33
11 232.35 163.12 59.99 0.33
11 228.44 154.29 59.99 0.33
11 246.69 194.51 59.99 0.33
11 255.82 206.93 59.99 0.33
11 258.75 218.05 59.99 0.33
11 142.39 188.29 59.99 0.33
11 135.55 195.16 59.99 0.33
11 174.33 84 59.99 0.33
11 165.53 82.69 59.99 0.33
11 177.27 61.11 59.99 0.33
11 223.55 131.41 59.99 0.33
11 200.08 254.01 59.99 0.33
11 203.01 265.45 59.99 0.33
11 212.79 291.94 59.99 0.33
11 213.44 282.45 59.99 0.33
11 273.74 215.76 59.99 0.33
11 271.13 120.29 59.99 0.33
11 255.16 48.36 59.99 0.33
11 254.19 40.19 59.99 0.33
11 246.36 32.34 59.99 0.33
11 230.07 32.34 59.99 0.33
11 236.59 29.73 59.99 0.33
11 227.13 16.98 59.99 0.33
11 216.38 20.25 59.99 0.33
11 164.56 41.82 59.99 0.33
11 152.17 55.88 59.99 0.33
11 144.67 81.38 59.99 0.33
11 225.18 102.96 59.99 0.33
11 219.31 96.75 59.99 0.33
11 250.6 84.33 59.99 0.33
11 145.98 215.1 59.99 0.33
11 145 220.01 59.99 0.33
11 268.2 161.49 74.84 0.33
11 261.36 154.29 74.84 0.33
11 239.84 199.74 74.84 0.33
11 233.65 197.45 74.84 0.33
11 256.14 234.07 74.84 0.33
11 262.01 236.36 74.84 0.33
11 275.05 239.62 74.84 0.33
11 269.5 255.64 74.84 0.33
11 256.47 274.93 74.84 0.33
11 240.17 267.09 74.84 0.33
11 213.44 282.13 74.84 0.33
11 213.44 291.28 74.84 0.33
11 223.22 287.69 74.84 0.33
11 222.24 280.82 74.84 0.33
11 205.95 289.65 74.84 0.33
11 200.41 285.4 74.84 0.33
11 199.76 281.47 74.84 0.33
11 179.87 282.13 74.84 0.33
11 192.59 274.93 74.84 0.33
11 188.35 269.05 74.84 0.33
11 173.68 269.38 74.84 0.33
11 163.9 267.09 74.84 0.33
11 173.36 254.66 74.84 0.33
11 168.47 249.76 74.84 0.33
11 175.64 237.99 74.84 0.33
11 162.93 242.89 74.84 0.33
11 151.19 227.2 74.84 0.33
11 145.33 229.49 74.84 0.33
11 160.64 221.64 74.84 0.33
11 155.75 216.41 74.84 0.33
11 148.58 211.18 74.84 0.33
11 165.21 212.49 74.84 0.33
11 166.51 203.66 74.84 0.33
11 152.17 200.39 74.84 0.33
11 144.67 203.33 74.84 0.33
11 140.11 198.1 74.84 0.33
11 147.61 192.87 74.84 0.33
11 168.47 196.14 74.84 0.33
11 158.36 195.49 74.84 0.33
11 159.01 186.01 74.84 0.33
11 167.49 181.43 74.84 0.33
11 167.16 168.68 74.84 0.33
11 155.75 172.27 74.84 0.33
11 143.04 171.62 74.84 0.33
11 138.48 177.18 74.84 0.33
11 145.65 176.85 74.84 0.33
11 136.53 162.79 74.84 0.33
11 144.02 154.62 74.84 0.33
11 136.85 149.06 74.84 0.33
11 163.25 156.91 74.84 0.33
11 158.69 148.08 74.84 0.33
11 152.17 148.41 74.84 0.33
11 146.95 139.25 74.84 0.33
11 154.45 137.95 74.84 0.33
11 161.95 140.89 74.84 0.33
11 159.99 136.96 74.84 0.33
11 161.62 120.29 74.84 0.33
11 156.41 118.66 74.84 0.33
11 150.87 116.37 74.84 0.33
11 143.7 121.27 74.84 0.33
11 149.89 102.64 74.84 0.33
11 135.55 101 74.84 0.33
11 143.7 103.62 74.84 0.33
11 147.93 90.54 74.84 0.33
11 153.8 95.12 74.84 0.33
11 156.73 106.89 74.84 0.33
11 260.7 127.81 74.84 0.33
11 266.25 115.06 74.84 0.33
11 256.14 118 74.84 0.33
11 261.03 72.88 74.84 0.33
11 260.05 62.09 74.84 0.33
11 248.97 74.19 74.84 0.33
11 217.68 36.59 74.84 0.33
11 206.6 30.71 74.84 0.33
11 195.19 30.71 74.84 0.33
11 180.2 29.4 74.84 0.33
11 170.75 28.75 74.84 0.33
11 164.88 43.79 74.84 0.33
11 167.49 34.96 74.84 0.33
11 269.5 207.91 74.84 0.33
11 242.78 185.02 74.84 0.33
11 200.41 210.2 74.84 0.33
11 203.01 223.28 74.84 0.33
11 211.49 225.24 74.84 0.33
11 212.47 234.07 74.84 0.33
11 220.61 228.84 74.84 0.33
11 216.7 242.57 74.84 0.33
11 211.81 258.91 74.84 0.33
11 285.15 225.24 74.84 0.33
11 275.37 223.6 74.84 0.33
11 280.91 216.08 74.84 0.33
11 279.93 210.2 74.84 0.33
11 283.19 235.37 74.84 0.33
11 229.09 139.25 74.84 0.33
11 223.87 143.18 74.84 0.33
11 225.18 157.23 74.84 0.33
11 227.79 172.27 74.84 0.33
11 233.98 162.79 74.84 0.33
11 247.02 164.1 74.84 0.33
11 247.67 143.83 74.84 0.33
11 243.1 136.31 74.84 0.33
11 247.67 129.44 74.84 0.33
11 254.84 122.25 74.84 0.33
11 256.79 103.94 74.84 0.33
11 256.47 111.46 74.84 0.33
11 252.23 107.54 74.84 0.33
11 195.84 119.31 74.84 0.33
11 193.89 145.79 74.84 0.33
11 183.13 201.37 74.84 0.33
11 210.84 165.41 74.84 0.33
11 218.66 165.74 74.84 0.33
11 195.84 168.35 74.84 0.33
11 249.62 224.59 74.84 0.33
11 251.58 217.07 74.84 0.33
11 253.53 242.24 74.84 0.33
11 201.39 270.36 74.84 0.33
11 210.51 270.68 74.84 0.33
11 206.27 276.24 74.84 0.33
11 163.25 279.51 74.84 0.33
11 187.04 290.3 74.84 0.33
11 185.41 296.19 74.84 0.33
11 172.7 288.34 74.84 0.33
11 185.74 225.24 74.84 0.33
11 209.21 202.68 74.84 0.33
11 218.99 217.39 74.84 0.33
11 228.44 222.3 74.84 0.33
11 234.96 232.76 74.84 0.33
11 236.59 217.07 74.84 0.33
11 232.02 87.27 74.84 0.33
11 215.07 76.48 74.84 0.33
11 210.84 85.63 74.84 0.33
11 204.64 74.84 74.84 0.33
11 194.54 76.15 74.84 0.33
11 248.32 52.61 74.84 0.33
11 247.02 40.52 74.84 0.33
11 231.7 30.38 74.84 0.33
11 221.27 53.27 74.84 0.33
11 190.3 54.9 74.84 0.33
11 189.98 46.07 74.84 0.33
11 211.16 39.53 74.84 0.33
11 204.64 39.53 74.84 0.33
11 205.95 45.42 74.84 0.33
11 199.76 47.05 74.84 0.33
11 199.76 196.79 74.84 0.33
11 225.5 261.86 74.84 0.33
11 225.5 269.38 74.84 0.33
11 238.54 250.74 74.84 0.33
11 240.82 224.91 74.84 0.33
11 247.34 206.6 74.84 0.33
11 222.9 203.99 74.84 0.33
11 210.84 129.77 74.84 0.33
11 218.33 122.91 74.84 0.33
11 229.74 124.87 74.84 0.33
11 241.15 126.5 74.84 0.33
11 238.22 116.04 74.84 0.33
11 219.64 101.98 74.84 0.33
11 221.59 80.4 74.84 0.33
11 177.92 70.92 74.84 0.33
11 166.84 55.56 74.84 0.33
11 168.79 49.34 74.84 0.33
11 216.7 58.5 74.84 0.33
11 251.9 65.04 74.84 0.33
11 253.21 71.25 74.84 0.33
11 244.73 68.31 74.84 0.33
11 199.43 84.65 74.84 0.33
11 213.44 96.42 74.84 0.33
11 213.12 142.52 74.84 0.33
11 188.35 129.12 74.84 0.33
11 176.61 135.98 74.84 0.33
11 179.87 153.31 74.84 0.33
11 174.66 162.47 74.84 0.33
11 189 197.78 74.84 0.33
11 174.33 186.33 74.84 0.33
11 183.13 188.62 74.84 0.33
11 210.19 188.95 74.84 0.33
11 207.58 176.85 74.84 0.33
11 195.84 186.99 74.84 0.33
11 194.54 178.16 74.84 0.33
11 185.41 176.2 74.84 0.33
11 180.53 169.33 74.84 0.33
11 196.82 156.91 74.84 0.33
11 202.04 139.58 74.84 0.33
11 211.49 151.68 74.84 0.33
11 184.44 135.66 74.84 0.33
11 221.92 110.48 74.84 0.33
11 211.16 112.44 74.84 0.33
11 230.72 103.94 74.84 0.33
11 247.02 92.17 74.84 0.33
11 235.28 93.15 74.84 0.33
11 241.8 82.04 74.84 0.33
11 169.77 99.69 74.84 0.33
11 176.61 90.87 74.84 0.33
11 171.73 79.75 74.84 0.33
11 184.11 122.25 74.84 0.33
11 176.94 116.04 74.84 0.33
11 169.12 126.18 74.84 0.33
11 189.98 104.6 74.84 0.33
11 261.68 224.59 74.84 0.33
11 260.7 213.14 74.84 0.33
11 148.91 249.43 74.84 0.33
11 152.5 239.62 74.84 0.33
11 158.04 248.78 74.84 0.33
11 164.23 257.28 74.84 0.33
11 136.85 211.18 74.84 0.33
11 130.66 200.06 74.84 0.33
11 172.05 38.55 74.84 0.33
11 162.93 35.94 74.84 0.33
11 269.18 135 74.84 0.33
11 275.7 138.27 74.84 0.33
11 276.02 131.41 74.84 0.33
11 274.39 181.1 74.84 0.33
11 266.57 175.54 74.84 0.33
11 184.11 63.4 74.84 0.33
11 167.81 65.36 74.84 0.33
11 166.18 242.57 89.84 0.33
11 199.76 283.11 89.84 0.33
11 206.93 287.36 89.84 0.33
11 215.73 290.63 89.84 0.33
11 223.22 284.09 89.84 0.33
11 210.51 294.55 89.84 0.33
11 262.01 258.59 89.84 0.33
11 268.85 253.68 89.84 0.33
11 261.68 247.47 89.84 0.33
11 266.9 245.18 89.84 0.33
11 278.63 218.37 89.84 0.33
11 281.24 234.72 89.84 0.33
11 275.7 200.06 89.84 0.33
11 267.22 218.37 89.84 0.33
11 250.93 188.29 89.84 0.33
11 256.79 196.47 89.84 0.33
11 253.21 115.71 89.84 0.33
11 234.96 126.83 89.84 0.33
11 256.79 73.21 89.84 0.33
11 257.45 63.07 89.84 0.33
11 246.04 64.38 89.84 0.33
11 240.82 72.88 89.84 0.33
11 239.19 51.3 89.84 0.33
11 245.06 48.04 89.84 0.33
11 242.45 44.11 89.84 0.33
11 218.01 53.27 89.84 0.33
11 209.53 47.71 89.84 0.33
11 217.03 45.09 89.84 0.33
11 211.16 40.19 89.84 0.33
11 205.95 35.94 89.84 0.33
11 199.43 35.94 89.84 0.33
11 197.8 47.05 89.84 0.33
11 192.26 50.98 89.84 0.33
11 189.65 41.5 89.84 0.33
11 186.07 36.92 89.84 0.33
11 182.48 56.54 89.84 0.33
11 168.14 68.63 89.84 0.33
11 164.88 63.73 89.84 0.33
11 170.75 75.83 89.84 0.33
11 196.17 77.13 89.84 0.33
11 192.26 82.36 89.84 0.33
11 203.99 89.88 89.84 0.33
11 209.86 96.1 89.84 0.33
11 216.05 95.12 89.84 0.33
11 207.58 82.69 89.84 0.33
11 235.61 89.56 89.84 0.33
11 254.84 105.58 89.84 0.33
11 245.71 92.83 89.84 0.33
11 247.67 109.17 89.84 0.33
11 243.76 102.64 89.84 0.33
11 228.44 109.5 89.84 0.33
11 239.52 119.96 89.84 0.33
11 246.36 118.33 89.84 0.33
11 233 122.25 89.84 0.33
11 219.64 128.46 89.84 0.33
11 214.1 132.39 89.84 0.33
11 207.25 137.29 89.84 0.33
11 204.64 141.87 89.84 0.33
11 219.96 146.77 89.84 0.33
11 253.21 150.7 89.84 0.33
11 250.27 147.75 89.84 0.33
11 241.8 154.95 89.84 0.33
11 234.3 150.04 89.84 0.33
11 240.5 169.33 89.84 0.33
11 234.96 172.93 89.84 0.33
11 230.07 176.52 89.84 0.33
11 224.85 174.24 89.84 0.33
11 241.8 187.31 89.84 0.33
11 242.78 181.43 89.84 0.33
11 243.76 203.66 89.84 0.33
11 240.5 207.91 89.84 0.33
11 240.17 195.49 89.84 0.33
11 234.63 201.7 89.84 0.33
11 234.96 197.12 89.84 0.33
11 233.65 210.2 89.84 0.33
11 249.62 207.26 89.84 0.33
11 245.71 212.49 89.84 0.33
11 248.64 217.72 89.84 0.33
11 269.5 206.28 89.84 0.33
11 263.64 190.58 89.84 0.33
11 279.93 209.55 89.84 0.33
11 286.13 224.59 89.84 0.33
11 236.26 228.84 89.84 0.33
11 228.76 231.78 89.84 0.33
11 223.55 229.82 89.84 0.33
11 240.5 243.55 89.84 0.33
11 236.91 273.3 89.84 0.33
11 203.99 256.95 89.84 0.33
11 205.62 277.22 89.84 0.33
11 212.14 259.9 89.84 0.33
11 177.59 280.49 89.84 0.33
11 184.44 265.78 89.84 0.33
11 185.09 232.1 89.84 0.33
11 176.29 214.45 89.84 0.33
11 157.06 173.58 89.84 0.33
11 158.36 190.91 89.84 0.33
11 164.56 198.76 89.84 0.33
11 150.87 198.1 89.84 0.33
11 211.49 226.55 89.84 0.33
11 203.99 221.97 89.84 0.33
11 209.86 220.66 89.84 0.33
11 205.62 202.68 89.84 0.33
11 198.45 200.39 89.84 0.33
11 196.82 196.47 89.84 0.33
11 189.65 210.53 89.84 0.33
11 173.36 207.26 89.84 0.33
11 195.19 287.36 89.84 0.33
11 200.73 290.3 89.84 0.33
11 165.21 119.31 89.84 0.33
11 165.21 125.85 89.84 0.33
11 168.79 130.1 89.84 0.33
11 174.01 133.37 89.84 0.33
11 181.18 136.64 89.84 0.33
11 185.09 138.93 89.84 0.33
11 196.5 156.25 89.84 0.33
11 192.26 162.79 89.84 0.33
11 167.81 146.45 89.84 0.33
11 160.64 151.02 89.84 0.33
11 149.89 147.1 89.84 0.33
11 153.15 166.06 89.84 0.33
11 156.08 159.52 89.84 0.33
11 149.56 170.64 89.84 0.33
11 141.74 171.62 89.84 0.33
11 153.8 121.92 89.84 0.33
11 149.24 118 89.84 0.33
11 147.61 101.98 89.84 0.33
11 157.71 111.14 89.84 0.33
11 160.64 92.17 89.84 0.33
11 165.86 44.77 89.84 0.33
11 161.62 41.82 89.84 0.33
11 167.49 33.98 89.84 0.33
11 170.75 39.53 89.84 0.33
11 174.01 116.69 89.84 0.33
11 182.48 121.27 89.84 0.33
11 182.48 114.41 89.84 0.33
11 182.81 98.06 89.84 0.33
11 184.44 108.52 89.84 0.33
11 199.43 107.54 89.84 0.33
11 206.93 117.67 89.84 0.33
11 210.19 125.85 89.84 0.33
11 204.97 131.08 89.84 0.33
11 200.41 135.33 89.84 0.33
11 193.89 131.08 89.84 0.33
11 193.24 140.23 89.84 0.33
11 188.02 125.52 89.84 0.33
11 190.96 117.67 89.84 0.33
11 198.13 123.56 89.84 0.33
11 223.55 97.4 89.84 0.33
11 229.09 93.48 89.84 0.33
11 221.59 88.9 89.84 0.33
11 221.27 116.04 89.84 0.33
11 219.96 104.92 89.84 0.33
11 211.49 106.89 89.84 0.33
11 217.68 154.62 89.84 0.33
11 221.27 159.52 89.84 0.33
11 217.03 167.04 89.84 0.33
11 212.47 180.45 89.84 0.33
11 199.1 173.58 89.84 0.33
11 229.74 189.28 89.84 0.33
11 225.18 180.77 89.84 0.33
11 194.21 186.66 89.84 0.33
11 183.78 188.29 89.84 0.33
11 176.94 176.52 89.84 0.33
11 163.9 178.49 89.84 0.33
11 180.53 195.81 89.84 0.33
11 193.24 218.7 89.84 0.33
11 191.93 235.7 89.84 0.33
11 193.24 251.39 89.84 0.33
11 191.61 241.91 89.84 0.33
11 189.65 260.55 89.84 0.33
11 226.16 263.82 89.84 0.33
11 222.9 255.32 89.84 0.33
11 240.17 256.95 89.84 0.33
11 239.84 251.07 89.84 0.33
11 262.33 159.85 89.84 0.33
11 263.31 175.87 89.84 0.33
11 254.19 165.08 89.84 0.33
11 253.53 95.12 89.84 0.33
11 251.9 84.98 89.84 0.33
11 244.08 84 89.84 0.33
11 230.72 145.14 89.84 0.33
11 238.54 138.6 89.84 0.33
11 233.33 134.68 89.84 0.33
11 186.39 171.29 89.84 0.33
11 216.05 173.91 89.84 0.33
11 223.22 213.14 89.84 0.33
11 229.74 220.99 89.84 0.33
11 219.31 221.32 89.84 0.33
11 217.03 270.68 89.84 0.33
11 195.84 274.61 89.84 0.33
11 178.9 248.45 89.84 0.33
11 174.01 254.99 89.84 0.33
11 180.2 240.61 89.84 0.33
11 174.66 265.45 89.84 0.33
11 182.16 271.67 89.84 0.33
11 186.39 275.92 89.84 0.33
11 158.69 208.56 89.84 0.33
11 158.69 215.1 89.84 0.33
11 163.25 220.33 89.84 0.33
11 165.86 228.51 89.84 0.33
11 167.81 234.39 89.84 0.33
11 159.34 231.78 89.84 0.33
11 159.01 237.99 89.84 0.33
11 164.88 253.36 89.84 0.33
11 168.79 273.63 89.84 0.33
11 162.27 265.78 89.84 0.33
11 159.34 250.41 89.84 0.33
11 153.47 249.76 89.84 0.33
11 147.61 227.2 89.84 0.33
11 150.21 238.64 89.84 0.33
11 142.39 198.76 89.84 0.33
11 152.5 92.5 89.84 0.33
11 259.4 204.31 105.97 0.33
11 270.81 205.62 105.97 0.33
11 266.57 197.78 105.97 0.33
11 258.42 244.2 105.97 0.33
11 243.43 240.61 105.97 0.33
11 238.22 241.59 105.97 0.33
11 225.83 256.3 105.97 0.33
11 218.99 268.07 105.97 0.33
11 210.19 265.13 105.97 0.33
11 221.27 261.53 105.97 0.33
11 218.66 234.07 105.97 0.33
11 226.81 233.74 105.97 0.33
11 232.35 237.01 105.97 0.33
11 238.54 212.82 105.97 0.33
11 230.72 213.14 105.97 0.33
11 243.1 219.03 105.97 0.33
11 247.99 219.03 105.97 0.33
11 255.82 182.41 105.97 0.33
11 248.97 193.85 105.97 0.33
11 232.67 193.85 105.97 0.33
11 234.63 185.35 105.97 0.33
11 212.79 205.62 105.97 0.33
11 205.3 204.31 105.97 0.33
11 197.8 199.41 105.97 0.33
11 197.47 206.6 105.97 0.33
11 198.13 194.83 105.97 0.33
11 210.51 224.26 105.97 0.33
11 204.32 220.33 105.97 0.33
11 205.3 225.24 105.97 0.33
11 209.21 216.41 105.97 0.33
11 230.72 263.82 105.97 0.33
11 232.02 271.01 105.97 0.33
11 243.1 270.68 105.97 0.33
11 236.26 250.74 105.97 0.33
11 236.59 257.28 105.97 0.33
11 235.28 207.58 105.97 0.33
11 246.36 118 105.97 0.33
11 246.36 105.9 105.97 0.33
11 233.98 105.9 105.97 0.33
11 240.5 124.21 105.97 0.33
11 235.93 58.82 105.97 0.33
11 225.18 57.84 105.97 0.33
11 214.1 53.92 105.97 0.33
11 194.21 57.52 105.97 0.33
11 172.38 56.21 105.97 0.33
11 166.84 67.98 105.97 0.33
11 172.38 69.61 105.97 0.33
11 179.87 69.29 105.97 0.33
11 186.39 70.27 105.97 0.33
11 189.98 45.75 105.97 0.33
11 181.83 59.48 105.97 0.33
11 179.87 53.27 105.97 0.33
11 167.16 74.84 105.97 0.33
11 171.73 90.21 105.97 0.33
11 170.75 81.38 105.97 0.33
11 167.49 86.61 105.97 0.33
11 179.87 89.88 105.97 0.33
11 182.48 84.33 105.97 0.33
11 189.98 91.85 105.97 0.33
11 200.08 98.38 105.97 0.33
11 197.47 89.23 105.97 0.33
11 197.15 81.06 105.97 0.33
11 153.8 84.98 105.97 0.33
11 157.06 105.25 105.97 0.33
11 169.12 119.96 105.97 0.33
11 169.12 126.18 105.97 0.33
11 166.18 129.12 105.97 0.33
11 160.64 131.41 105.97 0.33
11 161.95 141.21 105.97 0.33
11 167.81 151.35 105.97 0.33
11 174.33 159.52 105.97 0.33
11 190.3 156.58 105.97 0.33
11 194.21 146.45 105.97 0.33
11 199.43 135 105.97 0.33
11 186.39 130.43 105.97 0.33
11 179.22 133.69 105.97 0.33
11 184.44 136.64 105.97 0.33
11 173.36 131.73 105.97 0.33
11 212.79 126.18 105.97 0.33
11 232.67 135.98 105.97 0.33
11 230.07 127.16 105.97 0.33
11 228.44 119.64 105.97 0.33
11 220.29 134.35 105.97 0.33
11 209.86 148.08 105.97 0.33
11 242.45 88.9 104.91 0.33
11 243.43 81.38 104.91 0.33
11 230.72 86.61 104.91 0.33
11 230.07 76.15 104.91 0.33
11 202.36 67.98 104.91 0.33
11 207.58 106.56 104.91 0.33
11 191.28 100.02 104.91 0.33
11 177.27 217.07 104.91 0.33
11 166.51 196.14 104.91 0.33
11 162.27 188.95 104.91 0.33
11 156.73 173.58 104.91 0.33
11 181.5 197.78 104.91 0.33
11 173.36 185.35 104.91 0.33
11 174.01 169.33 104.91 0.33
11 187.7 173.91 104.91 0.33
11 199.76 173.25 104.91 0.33
11 212.14 173.58 104.91 0.33
11 225.83 183.72 104.91 0.33
11 194.87 185.02 104.91 0.33
11 186.39 185.02 104.91 0.33
11 184.44 193.85 104.91 0.33
11 176.94 176.85 104.91 0.33
11 183.13 166.72 104.91 0.33
11 221.59 160.18 104.91 0.33
11 233.65 152.98 104.91 0.33
11 243.76 153.31 104.91 0.33
11 251.58 161.16 104.91 0.33
11 257.45 169.99 104.91 0.33
11 251.9 148.08 104.91 0.33
11 232.02 169.33 104.91 0.33
11 242.45 140.56 104.91 0.33
11 191.28 268.07 104.91 0.33
11 198.13 268.72 104.91 0.33
11 198.45 260.22 104.91 0.33
11 188.35 254.34 104.91 0.33
11 179.22 248.13 104.91 0.33
11 211.16 251.72 104.91 0.33
11 257.12 230.14 104.91 0.33
11 273.09 218.37 104.91 0.33
11 273.42 229.16 104.91 0.33
11 234.63 279.18 104.91 0.33
11 226.81 276.9 104.91 0.33
11 212.79 273.95 104.91 0.33
11 218.33 277.55 104.91 0.33
11 212.14 281.15 104.91 0.33
11 186.39 209.55 104.91 0.33
11 186.07 219.68 104.91 0.33
11 167.81 208.24 104.91 0.33
11 209.21 161.81 104.91 0.33
11 240.5 68.96 104.91 0.33
11 253.86 70.92 104.91 0.33
11 247.99 60.13 104.91 0.33
11 181.83 43.13 104.91 0.33
11 175.31 45.42 104.91 0.33
11 167.81 41.82 104.91 0.33
11 184.11 136.96 119.91 0.33
11 184.76 125.85 119.91 0.33
11 201.39 138.93 119.91 0.33
11 211.16 128.14 119.91 0.33
11 217.03 130.43 119.91 0.33
11 213.77 121.27 119.91 0.33
11 188.67 96.42 119.91 0.33
11 197.15 91.19 119.91 0.33
11 196.82 82.69 119.91 0.33
11 182.81 80.73 119.91 0.33
11 184.11 68.96 119.91 0.33
11 192.59 54.9 119.91 0.33
11 174.33 90.21 119.91 0.33
11 150.54 87.92 119.91 0.33
11 223.87 231.45 119.91 0.33
11 242.78 241.91 119.91 0.33
11 225.18 263.82 119.91 0.33
11 210.84 224.91 119.91 0.33
11 211.81 215.43 119.91 0.33
11 216.7 210.85 119.91 0.33
11 210.84 195.49 119.91 0.33
11 215.07 203.99 119.91 0.33
11 232.67 214.78 119.91 0.33
11 234.96 207.58 119.91 0.33
11 231.37 198.1 119.91 0.33
11 242.13 196.79 119.91 0.33
11 229.42 120.94 119.91 0.33
11 224.53 112.77 119.91 0.33
11 201.71 177.18 119.91 0.33
11 202.69 158.54 119.91 0.33
11 192.26 158.87 119.91 0.33
11 177.27 159.2 119.91 0.33
11 168.79 151.35 119.91 0.33
11 167.81 127.48 119.91 0.33
11 160.64 132.06 119.91 0.33
11 162.6 141.21 119.91 0.33
11 188.35 109.83 119.91 0.33
11 208.23 114.08 119.91 0.33
11 206.93 102.96 119.91 0.33
11 198.45 71.58 119.91 0.33
11 202.04 62.09 119.91 0.33
11 170.75 72.23 119.91 0.33
11 163.25 77.13 119.91 0.33
11 168.47 80.73 119.91 0.33
11 164.56 68.31 119.91 0.33
11 249.95 176.85 119.91 0.33
11 232.35 178.81 119.91 0.33
11 238.54 168.68 119.91 0.33
11 230.39 162.47 119.91 0.33
11 227.13 151.02 119.91 0.33
11 214.75 156.58 119.91 0.33
11 218.33 171.95 119.91 0.33
11 224.85 182.41 119.91 0.33
11 212.14 181.43 119.91 0.33
11 206.6 167.7 119.91 0.33
11 251.25 222.3 119.91 0.33
11 249.3 233.09 119.91 0.33
11 241.47 249.76 119.91 0.33
11 240.17 259.24 119.91 0.33
11 236.26 267.74 119.91 0.33
11 208.88 253.68 119.91 0.33
11 205.62 236.03 119.91 0.33
11 197.8 248.13 119.91 0.33
11 188.35 223.6 119.91 0.33
11 182.16 194.18 119.91 0.33
11 241.8 150.04 119.91 0.33
11 228.11 128.79 119.91 0.33
11 162.6 119.64 119.91 0.33
11 217.03 59.48 119.91 0.33
12 160.32 236.68 0.08 0.33
12 154.13 254.34 0.08 0.33
12 169.12 231.45 0.08 0.33
12 199.1 90.21 0.08 0.33
12 158.36 204.31 0.08 0.33
12 162.6 209.22 0.08 0.33
12 149.24 188.29 0.08 0.33
12 140.76 174.89 0.08 0.33
12 161.62 158.87 0.08 0.33
12 153.15 160.18 0.08 0.33
12 153.15 151.35 0.08 0.33
12 155.75 144.81 0.08 0.33
12 169.77 129.44 0.08 0.33
12 158.69 119.64 0.08 0.33
12 152.82 115.39 0.08 0.33
12 165.53 106.89 0.08 0.33
12 187.7 77.79 0.08 0.33
12 176.61 68.63 0.08 0.33
12 166.51 70.59 0.08 0.33
12 157.71 60.46 0.08 0.33
12 151.52 79.75 0.08 0.33
12 151.52 88.9 0.08 0.33
12 168.14 87.6 0.08 0.33
12 160.32 93.15 0.08 0.33
12 145.98 97.4 0.08 0.33
12 144.02 126.5 0.08 0.33
12 174.01 57.19 0.08 0.33
12 164.88 47.05 0.08 0.33
12 169.12 30.38 0.08 0.33
12 197.15 45.75 0.08 0.33
12 201.06 31.69 0.08 0.33
12 219.96 54.25 0.08 0.33
12 247.99 58.5 0.08 0.33
12 247.34 74.84 0.08 0.33
12 248.97 69.29 0.08 0.33
12 236.59 66.67 0.08 0.33
12 228.44 64.71 0.08 0.33
12 236.91 77.79 0.08 0.33
12 224.2 97.08 0.08 0.33
12 264.94 89.88 0.08 0.33
12 259.73 93.81 0.08 0.33
12 260.05 110.15 0.08 0.33
12 272.11 119.96 0.08 0.33
12 283.19 118.33 0.08 0.33
12 270.48 129.77 0.08 0.33
12 261.03 138.27 0.08 0.33
12 267.55 148.08 0.08 0.33
12 275.7 146.77 0.08 0.33
12 278.63 151.35 0.08 0.33
12 280.26 162.79 0.08 0.33
12 279.28 170.31 0.08 0.33
12 275.7 181.76 0.08 0.33
12 268.2 183.72 0.08 0.33
12 269.5 202.35 0.08 0.33
12 266.57 194.83 0.08 0.33
12 274.39 211.18 0.08 0.33
12 265.59 211.51 0.08 0.33
12 263.31 243.22 0.08 0.33
12 253.86 243.22 0.08 0.33
12 247.67 246.16 0.08 0.33
12 248.32 221.97 0.08 0.33
12 262.99 218.37 0.08 0.33
12 272.11 223.93 0.08 0.33
12 232.35 241.59 0.08 0.33
12 221.27 252.05 0.08 0.33
12 231.7 256.3 0.08 0.33
12 236.91 260.55 0.08 0.33
12 245.06 263.16 0.08 0.33
12 258.42 262.84 0.08 0.33
12 213.12 262.18 0.08 0.33
12 206.93 268.07 0.08 0.33
12 202.69 256.95 0.08 0.33
12 239.52 234.72 0.08 0.33
12 222.57 72.23 0.08 0.33
12 199.76 66.02 0.08 0.33
12 242.45 52.61 0.08 0.33
12 255.82 47.71 0.08 0.33
12 238.54 138.27 0.08 0.33
12 238.54 163.77 0.08 0.33
12 242.13 174.56 0.08 0.33
12 235.28 179.79 0.08 0.33
12 233.65 187.97 0.08 0.33
12 246.36 190.58 0.08 0.33
12 242.45 199.74 0.08 0.33
12 236.59 200.72 0.08 0.33
12 227.13 220.01 0.08 0.33
12 212.47 152 0.08 0.33
12 199.43 160.5 0.08 0.33
12 233.98 131.08 0.08 0.33
12 174.33 195.49 0.08 0.33
12 166.18 181.1 0.08 0.33
12 170.75 175.54 0.08 0.33
12 155.43 179.14 0.08 0.33
12 193.56 223.93 0.08 0.33
12 202.69 241.59 0.08 0.33
12 208.23 229.49 0.08 0.33
12 206.93 124.21 0.08 0.33
12 223.55 116.69 0.08 0.33
12 215.73 187.64 0.08 0.33
12 279.61 149.06 15 0.33
12 279.93 168.02 15 0.33
12 273.42 199.41 15 0.33
12 273.74 206.6 15 0.33
12 274.72 191.89 15 0.33
12 279.28 196.79 15 0.33
12 264.94 188.62 15 0.33
12 271.79 183.06 15 0.33
12 270.16 161.16 15 0.33
12 262.66 159.52 15 0.33
12 278.3 111.46 15 0.33
12 268.85 113.75 15 0.33
12 271.46 120.62 15 0.33
12 262.33 89.23 15 0.33
12 256.47 68.31 15 0.33
12 266.25 56.86 15 0.33
12 260.38 48.69 15 0.33
12 252.56 56.54 15 0.33
12 247.02 45.09 15 0.33
12 242.13 50.98 15 0.33
12 236.91 60.46 15 0.33
12 234.96 67 15 0.33
12 226.48 57.19 15 0.33
12 221.92 46.4 15 0.33
12 202.69 45.75 15 0.33
12 192.26 43.79 15 0.33
12 185.41 35.61 15 0.33
12 139.78 126.18 15 0.33
12 159.01 138.27 15 0.33
12 146.3 149.06 15 0.33
12 155.75 150.04 15 0.33
12 153.15 157.56 15 0.33
12 159.67 123.56 15 0.33
12 151.84 127.48 15 0.33
12 152.5 120.29 15 0.33
12 158.04 110.15 15 0.33
12 151.19 114.73 15 0.33
12 145.33 108.52 15 0.33
12 144.02 98.38 15 0.33
12 148.58 99.69 15 0.33
12 140.44 106.56 15 0.33
12 162.6 95.44 15 0.33
12 152.17 84.98 15 0.33
12 154.13 92.5 15 0.33
12 161.3 85.96 15 0.33
12 162.27 76.48 15 0.33
12 154.45 76.15 15 0.33
12 166.18 69.94 15 0.33
12 160.97 61.44 15 0.33
12 173.68 58.17 15 0.33
12 177.59 50.98 15 0.33
12 228.76 75.5 15 0.33
12 262.66 244.86 15 0.33
12 252.88 261.53 15 0.33
12 247.34 266.76 15 0.33
12 248.97 244.53 15 0.33
12 182.48 238.64 15 0.33
12 182.48 265.78 15 0.33
12 182.81 277.55 15 0.33
12 196.82 276.57 15 0.33
12 205.95 275.26 15 0.33
12 217.68 275.92 15 0.33
12 230.39 265.78 15 0.33
12 233.33 256.63 15 0.33
12 241.8 256.3 15 0.33
12 163.58 234.07 15 0.33
12 159.34 239.62 15 0.33
12 165.21 243.55 15 0.33
12 156.08 255.64 15 0.33
12 161.95 252.38 15 0.33
12 132.94 225.57 15 0.33
12 133.92 217.72 15 0.33
12 126.42 214.78 15 0.33
12 155.1 211.83 15 0.33
12 159.67 205.3 15 0.33
12 150.21 195.81 15 0.33
12 148.58 186.33 15 0.33
12 140.44 194.18 15 0.33
12 132.94 181.43 15 0.33
12 140.44 173.58 15 0.33
12 138.81 184.7 15 0.33
12 217.68 86.29 15 0.33
12 235.61 86.29 15 0.33
12 228.11 87.6 15 0.33
12 252.56 109.5 15 0.33
12 265.59 146.77 15 0.33
12 264.94 138.93 15 0.33
12 263.31 221.97 15 0.33
12 274.39 225.24 15 0.33
12 263.31 212.82 15 0.33
12 260.7 233.09 15 0.33
12 249.62 221.64 15 0.33
12 193.24 100.02 15 0.33
12 193.89 90.87 15 0.33
12 170.42 90.21 15 0.33
12 234.63 168.68 15 0.33
12 197.15 158.87 15 0.33
12 231.7 181.1 15 0.33
12 228.76 190.58 15 0.33
12 225.5 222.62 15 0.33
12 242.13 233.41 15 0.33
12 222.24 251.07 15 0.33
12 202.69 239.3 15 0.33
12 206.27 258.91 15 0.33
12 215.07 258.91 15 0.33
12 182.48 202.03 15 0.33
12 171.07 190.58 15 0.33
12 172.38 158.87 15 0.33
12 170.1 141.87 15 0.33
12 216.05 152 15 0.33
12 203.99 144.16 15 0.33
12 221.59 165.41 15 0.33
12 226.81 152.98 15 0.33
12 213.77 179.14 15 0.33
12 219.64 128.14 15 0.33
12 207.9 222.3 15 0.33
12 181.5 112.77 15 0.33
12 207.25 121.6 15 0.33
12 247.67 120.94 15 0.33
12 262.01 126.18 15 0.33
12 254.19 138.27 15 0.33
12 227.46 96.1 15 0.33
12 218.01 96.42 15 0.33
12 241.15 102.64 15 0.33
12 245.06 74.52 15 0.33
12 270.81 67.98 15 0.33
12 232.02 42.8 15 0.33
12 211.16 33.32 15 0.33
12 198.78 30.71 15 0.33
12 192.59 65.36 15 0.33
12 187.04 79.42 15 0.33
12 270.81 159.85 30 0.33
12 270.16 145.79 30 0.33
12 266.9 169.99 30 0.33
12 284.17 168.02 30 0.33
12 280.26 138.93 30 0.33
12 281.24 113.42 30 0.33
12 277.33 110.15 30 0.33
12 277.33 101.98 30 0.33
12 263.31 90.87 30 0.33
12 223.22 45.09 30 0.33
12 237.56 46.07 30 0.33
12 242.45 43.46 30 0.33
12 243.76 50.32 30 0.33
12 238.54 54.9 30 0.33
12 233.65 60.46 30 0.33
12 235.93 66.67 30 0.33
12 257.12 70.59 30 0.33
12 273.09 69.61 30 0.33
12 267.87 69.61 30 0.33
12 262.66 39.86 30 0.33
12 224.85 20.25 30 0.33
12 191.93 23.51 30 0.33
12 192.59 33.65 30 0.33
12 184.44 33.98 30 0.33
12 185.74 39.21 30 0.33
12 259.4 144.16 30 0.33
12 253.21 144.81 30 0.33
12 249.62 138.27 30 0.33
12 273.74 196.14 30 0.33
12 276.35 205.3 30 0.33
12 272.11 188.62 30 0.33
12 268.85 217.07 30 0.33
12 266.9 229.16 30 0.33
12 273.42 224.59 30 0.33
12 272.11 238.32 30 0.33
12 261.68 243.22 30 0.33
12 264.29 252.05 30 0.33
12 261.36 254.01 30 0.33
12 240.82 253.03 30 0.33
12 237.89 255.97 30 0.33
12 254.84 256.63 30 0.33
12 254.51 263.49 30 0.33
12 249.62 266.11 30 0.33
12 225.83 279.84 30 0.33
12 229.74 282.45 30 0.33
12 218.99 277.88 30 0.33
12 221.27 288.34 30 0.33
12 209.21 275.26 30 0.33
12 204.97 282.13 30 0.33
12 198.13 281.8 30 0.33
12 200.41 289.32 30 0.33
12 194.87 289.32 30 0.33
12 191.28 282.45 30 0.33
12 182.81 271.34 30 0.33
12 176.29 272.97 30 0.33
12 178.57 260.55 30 0.33
12 171.4 263.82 30 0.33
12 184.44 243.55 30 0.33
12 178.9 247.14 30 0.33
12 163.25 228.51 30 0.33
12 169.12 241.91 30 0.33
12 160.97 247.8 30 0.33
12 159.01 251.72 30 0.33
12 160.32 237.66 30 0.33
12 157.71 232.43 30 0.33
12 147.61 241.26 30 0.33
12 146.95 255.97 30 0.33
12 136.2 186.99 30 0.33
12 137.18 195.16 30 0.33
12 134.24 202.68 30 0.33
12 150.87 210.2 30 0.33
12 147.28 203.66 30 0.33
12 155.43 206.6 30 0.33
12 155.43 215.76 30 0.33
12 151.84 175.54 30 0.33
12 159.67 159.52 30 0.33
12 156.73 151.68 30 0.33
12 158.04 136.64 30 0.33
12 157.71 128.14 30 0.33
12 151.84 132.39 30 0.33
12 142.07 124.87 30 0.33
12 136.2 122.25 30 0.33
12 151.19 112.44 30 0.33
12 206.27 120.29 30 0.33
12 217.36 126.5 30 0.33
12 206.27 135.33 30 0.33
12 221.59 136.64 30 0.33
12 239.84 161.16 30 0.33
12 241.47 176.2 30 0.33
12 226.81 207.58 30 0.33
12 263.96 178.81 30 0.33
12 262.66 189.28 30 0.33
12 257.77 183.39 30 0.33
12 246.69 237.99 30 0.33
12 239.84 237.99 30 0.33
12 206.27 254.99 30 0.33
12 228.11 266.76 30 0.33
12 202.69 239.62 30 0.33
12 204.97 222.3 30 0.33
12 218.66 230.47 30 0.33
12 228.44 231.45 30 0.33
12 173.68 178.81 30 0.33
12 175.96 149.06 30 0.33
12 182.81 200.39 30 0.33
12 180.53 208.89 30 0.33
12 169.12 201.05 30 0.33
12 171.73 102.31 30 0.33
12 251.58 110.48 30 0.33
12 269.5 117.02 30 0.33
12 273.42 127.48 30 0.33
12 259.07 127.16 30 0.33
12 266.57 129.12 30 0.33
12 250.93 128.14 30 0.33
12 240.17 86.94 30 0.33
12 247.67 77.13 30 0.33
12 244.08 59.15 30 0.33
12 258.1 57.84 30 0.33
12 258.1 52.94 30 0.33
12 209.86 46.4 30 0.33
12 232.67 70.59 30 0.33
12 149.56 97.73 30 0.33
12 140.76 99.04 30 0.33
12 140.76 107.54 30 0.33
12 148.91 106.56 30 0.33
12 157.38 83.35 30 0.33
12 148.91 82.36 30 0.33
12 164.56 86.94 30 0.33
12 162.93 70.59 30 0.33
12 163.25 74.52 30 0.33
12 168.14 77.46 30 0.33
12 134.9 219.03 30 0.33
12 200.41 67.98 30 0.33
12 202.36 61.77 30 0.33
12 202.04 57.52 30 0.33
12 191.28 64.71 30 0.33
12 175.96 74.84 30 0.33
12 219.31 87.6 30 0.33
12 206.6 90.87 30 0.33
12 221.59 167.04 30 0.33
12 203.34 193.85 30 0.33
12 195.52 179.14 30 0.33
12 201.39 170.64 30 0.33
12 197.8 156.25 30 0.33
12 186.39 156.91 30 0.33
12 177.27 50.65 30 0.33
12 165.21 52.29 30 0.33
12 160.64 53.27 30 0.33
12 161.95 59.81 30 0.33
12 168.79 61.11 30 0.33
12 170.75 57.84 30 0.33
12 270.48 146.77 45.15 0.33
12 267.22 142.52 45.15 0.33
12 281.56 157.56 45.15 0.33
12 281.89 160.18 45.15 0.33
12 265.27 107.54 45.15 0.33
12 265.27 113.42 45.15 0.33
12 278.63 109.5 45.15 0.33
12 278.63 78.77 45.15 0.33
12 257.45 50.98 45.15 0.33
12 242.13 38.88 45.15 0.33
12 238.54 45.42 45.15 0.33
12 246.04 45.75 45.15 0.33
12 251.9 45.75 45.15 0.33
12 240.5 54.25 45.15 0.33
12 235.61 52.29 45.15 0.33
12 231.7 59.48 45.15 0.33
12 248.97 65.36 45.15 0.33
12 218.99 38.88 45.15 0.33
12 216.05 49.34 45.15 0.33
12 220.94 24.82 45.15 0.33
12 224.85 18.94 45.15 0.33
12 238.22 25.15 45.15 0.33
12 183.13 26.78 45.15 0.33
12 191.28 37.25 45.15 0.33
12 191.61 32.02 45.15 0.33
12 174.66 33.98 45.15 0.33
12 174.98 47.38 45.15 0.33
12 167.49 52.29 45.15 0.33
12 154.13 64.71 45.15 0.33
12 159.01 68.96 45.15 0.33
12 231.37 81.71 45.15 0.33
12 257.77 72.56 45.15 0.33
12 172.38 78.77 45.15 0.33
12 166.18 83.35 45.15 0.33
12 162.6 89.56 45.15 0.33
12 169.12 96.1 45.15 0.33
12 170.1 102.64 45.15 0.33
12 186.72 71.25 45.15 0.33
12 159.67 82.04 45.15 0.33
12 153.8 84.98 45.15 0.33
12 153.15 94.46 45.15 0.33
12 146.63 95.44 45.15 0.33
12 142.39 102.96 45.15 0.33
12 148.91 108.19 45.15 0.33
12 144.67 114.41 45.15 0.33
12 152.17 114.41 45.15 0.33
12 144.67 129.77 45.15 0.33
12 154.78 132.06 45.15 0.33
12 151.84 146.77 45.15 0.33
12 146.3 147.43 45.15 0.33
12 162.27 162.14 45.15 0.33
12 157.38 161.81 45.15 0.33
12 153.47 157.56 45.15 0.33
12 147.93 173.91 45.15 0.33
12 147.93 181.1 45.15 0.33
12 151.84 175.54 45.15 0.33
12 143.04 176.85 45.15 0.33
12 146.63 168.68 45.15 0.33
12 162.27 179.47 45.15 0.33
12 125.77 178.16 45.15 0.33
12 132.29 166.39 45.15 0.33
12 146.95 189.6 45.15 0.33
12 148.58 196.47 45.15 0.33
12 148.91 201.37 45.15 0.33
12 134.24 197.78 45.15 0.33
12 142.39 208.56 45.15 0.33
12 163.9 226.87 45.15 0.33
12 168.14 230.8 45.15 0.33
12 160.32 251.07 45.15 0.33
12 176.61 255.64 45.15 0.33
12 236.91 254.99 45.15 0.33
12 267.55 230.47 45.15 0.33
12 273.74 205.62 45.15 0.33
12 264.29 244.86 45.15 0.33
12 257.12 257.28 45.15 0.33
12 250.27 253.03 45.15 0.33
12 236.26 267.09 45.15 0.33
12 197.15 271.34 45.15 0.33
12 225.5 280.49 45.15 0.33
12 224.2 284.74 45.15 0.33
12 216.05 283.11 45.15 0.33
12 190.3 289.32 45.15 0.33
12 194.54 283.11 45.15 0.33
12 180.2 261.86 45.15 0.33
12 173.36 270.36 45.15 0.33
12 240.82 158.87 45.15 0.33
12 248.97 142.52 45.15 0.33
12 249.62 135 45.15 0.33
12 266.25 126.18 45.15 0.33
12 251.9 109.5 45.15 0.33
12 252.23 101.98 45.15 0.33
12 248.64 221.32 45.15 0.33
12 261.36 223.93 45.15 0.33
12 244.41 234.72 45.15 0.33
12 219.64 229.82 45.15 0.33
12 205.95 253.68 45.15 0.33
12 195.84 262.18 45.15 0.33
12 177.59 244.53 45.15 0.33
12 178.57 233.09 45.15 0.33
12 203.67 216.74 45.15 0.33
12 192.59 198.76 45.15 0.33
12 184.76 227.2 45.15 0.33
12 181.5 217.39 45.15 0.33
12 173.68 204.97 45.15 0.33
12 168.47 190.58 45.15 0.33
12 173.68 156.58 45.15 0.33
12 163.25 145.79 45.15 0.33
12 163.9 110.48 45.15 0.33
12 233.33 70.59 45.15 0.33
12 258.1 183.06 45.15 0.33
12 280.26 177.18 45.15 0.33
12 273.09 215.43 45.15 0.33
12 224.85 168.02 45.15 0.33
12 222.57 152.66 45.15 0.33
12 243.76 175.54 45.15 0.33
12 195.84 189.6 45.15 0.33
12 195.84 179.79 45.15 0.33
12 175.64 173.25 45.15 0.33
12 226.16 205.95 45.15 0.33
12 213.12 203.66 45.15 0.33
12 203.67 203.01 45.15 0.33
12 247.99 203.99 45.15 0.33
12 247.99 192.22 45.15 0.33
12 229.09 228.51 45.15 0.33
12 215.07 260.88 45.15 0.33
12 227.46 256.63 45.15 0.33
12 207.25 119.31 45.15 0.33
12 201.06 102.96 45.15 0.33
12 192.91 113.1 45.15 0.33
12 238.22 100.35 45.15 0.33
12 229.42 102.31 45.15 0.33
12 191.61 56.86 45.15 0.33
12 202.36 58.5 45.15 0.33
12 185.09 42.48 45.15 0.33
12 176.94 110.15 45.15 0.33
12 174.66 118.66 45.15 0.33
12 168.47 116.04 45.15 0.33
12 277.98 169 59.84 0.33
12 275.7 153.64 59.84 0.33
12 277.65 162.14 59.84 0.33
12 265.92 92.17 59.84 0.33
12 261.68 102.31 59.84 0.33
12 262.33 113.42 59.84 0.33
12 265.59 82.69 59.84 0.33
12 263.96 59.81 59.84 0.33
12 254.51 55.88 59.84 0.33
12 245.06 46.73 59.84 0.33
12 236.59 36.92 59.84 0.33
12 225.83 28.42 59.84 0.33
12 219.64 28.42 59.84 0.33
12 218.01 38.88 59.84 0.33
12 231.04 57.84 59.84 0.33
12 221.27 52.61 59.84 0.33
12 175.64 51.96 59.84 0.33
12 193.56 52.61 59.84 0.33
12 187.37 52.61 59.84 0.33
12 186.07 64.71 59.84 0.33
12 185.41 71.58 59.84 0.33
12 177.92 73.86 59.84 0.33
12 168.47 50.32 60.68 0.33
12 161.95 54.9 60.68 0.33
12 158.04 51.3 60.68 0.33
12 167.16 76.15 60.68 0.33
12 159.34 84.98 60.68 0.33
12 160.64 91.85 60.68 0.33
12 150.21 92.5 60.68 0.33
12 145.33 93.48 60.68 0.33
12 150.54 99.37 60.68 0.33
12 144.67 107.54 60.68 0.33
12 144.67 114.73 60.68 0.33
12 145.65 121.27 60.68 0.33
12 155.43 122.91 60.68 0.33
12 159.01 119.31 60.68 0.33
12 152.82 115.06 60.68 0.33
12 144.02 143.5 60.68 0.33
12 153.8 173.25 60.68 0.33
12 158.36 176.52 60.68 0.33
12 157.06 201.05 60.68 0.33
12 147.93 198.43 60.68 0.33
12 149.56 180.12 60.68 0.33
12 145 179.47 60.68 0.33
12 142.07 199.08 60.68 0.33
12 164.88 228.84 60.68 0.33
12 156.73 244.2 60.68 0.33
12 158.36 236.03 60.68 0.33
12 145.33 240.28 60.68 0.33
12 159.34 254.34 60.68 0.33
12 181.18 266.11 60.68 0.33
12 188.67 269.38 60.68 0.33
12 214.1 273.63 60.68 0.33
12 222.24 282.78 60.68 0.33
12 260.7 258.26 60.68 0.33
12 259.4 268.07 60.68 0.33
12 248.97 270.03 60.68 0.33
12 194.54 282.78 60.68 0.33
12 191.61 289.97 60.68 0.33
12 170.75 282.13 60.68 0.33
12 281.89 214.12 60.68 0.33
12 267.22 224.26 60.68 0.33
12 275.05 230.8 60.68 0.33
12 274.07 206.93 60.68 0.33
12 226.16 171.29 60.68 0.33
12 245.71 210.85 60.68 0.33
12 249.3 221.32 60.68 0.33
12 217.68 262.51 60.68 0.33
12 185.74 232.1 60.68 0.33
12 173.36 242.24 60.68 0.33
12 174.01 248.45 60.68 0.33
12 172.38 208.56 60.68 0.33
12 183.13 220.01 60.68 0.33
12 174.33 194.83 60.68 0.33
12 166.51 194.83 60.68 0.33
12 199.1 139.91 60.68 0.33
12 210.19 142.2 60.68 0.33
12 252.88 103.94 60.68 0.33
12 249.62 119.64 60.68 0.33
12 250.27 135.98 60.68 0.33
12 268.85 143.5 60.68 0.33
12 261.68 146.77 60.68 0.33
12 266.57 128.46 60.68 0.33
12 258.1 88.9 60.68 0.33
12 253.86 85.63 60.68 0.33
12 169.44 151.02 60.68 0.33
12 201.71 60.46 60.68 0.33
12 194.54 61.11 60.68 0.33
12 200.41 44.77 60.68 0.33
12 198.45 37.57 60.68 0.33
12 193.89 41.5 60.68 0.33
12 181.18 47.38 60.68 0.33
12 182.81 50.65 60.68 0.33
12 179.55 43.13 60.68 0.33
12 182.81 36.92 60.68 0.33
12 182.16 26.13 60.68 0.33
12 228.76 98.71 59.99 0.33
12 241.8 106.56 59.99 0.33
12 255.16 178.16 59.99 0.33
12 259.4 180.12 59.99 0.33
12 248.32 177.18 59.99 0.33
12 281.24 188.62 59.99 0.33
12 276.02 182.08 59.99 0.33
12 262.99 245.51 59.99 0.33
12 265.27 236.36 59.99 0.33
12 271.46 253.03 59.99 0.33
12 243.43 243.22 59.99 0.33
12 235.61 241.26 59.99 0.33
12 247.02 233.09 59.99 0.33
12 219.64 234.07 59.99 0.33
12 236.91 228.51 59.99 0.33
12 237.56 270.36 59.99 0.33
12 231.37 275.92 59.99 0.33
12 237.24 261.2 59.99 0.33
12 177.92 261.53 59.99 0.33
12 172.38 261.53 59.99 0.33
12 166.84 271.99 59.99 0.33
12 163.58 162.14 59.99 0.33
12 230.72 129.12 59.99 0.33
12 200.08 68.96 59.99 0.33
12 135.87 118.98 59.99 0.33
12 152.17 63.73 59.99 0.33
12 155.75 69.94 59.99 0.33
12 207.25 37.9 59.99 0.33
12 212.79 44.11 59.99 0.33
12 203.99 48.36 59.99 0.33
12 212.14 50.65 59.99 0.33
12 211.16 28.75 59.99 0.33
12 230.07 50.32 59.99 0.33
12 174.01 139.58 59.99 0.33
12 174.01 131.73 59.99 0.33
12 172.7 125.19 59.99 0.33
12 220.94 151.68 59.99 0.33
12 179.87 162.14 59.99 0.33
12 185.41 154.29 59.99 0.33
12 194.54 175.87 59.99 0.33
12 213.77 196.79 59.99 0.33
12 232.67 194.83 59.99 0.33
12 156.73 228.84 59.99 0.33
12 186.72 153.97 74.84 0.33
12 206.27 159.2 74.84 0.33
12 227.13 161.81 74.84 0.33
12 222.24 169 74.84 0.33
12 230.39 174.56 74.84 0.33
12 254.84 174.56 74.84 0.33
12 251.25 179.14 74.84 0.33
12 258.75 179.79 74.84 0.33
12 261.68 164.1 74.84 0.33
12 279.61 168.02 74.84 0.33
12 275.37 152.98 74.84 0.33
12 269.18 145.79 74.84 0.33
12 261.68 144.81 74.84 0.33
12 257.12 136.64 74.84 0.33
12 261.36 116.37 74.84 0.33
12 264.29 85.96 74.84 0.33
12 262.33 78.11 74.84 0.33
12 254.51 90.54 74.84 0.33
12 253.86 83.67 74.84 0.33
12 253.86 52.61 74.84 0.33
12 242.45 54.9 74.84 0.33
12 241.15 44.77 74.84 0.33
12 234.63 56.54 74.84 0.33
12 226.48 56.54 74.84 0.33
12 197.15 41.5 74.84 0.33
12 221.59 161.16 74.84 0.33
12 228.76 145.14 74.84 0.33
12 217.03 146.12 74.84 0.33
12 224.85 135.33 74.84 0.33
12 228.76 131.73 74.84 0.33
12 216.7 44.44 74.84 0.33
12 262.01 101.33 74.84 0.33
12 246.69 103.62 74.84 0.33
12 240.5 107.54 74.84 0.33
12 203.99 97.4 74.84 0.33
12 184.44 45.09 74.84 0.33
12 156.73 50 74.84 0.33
12 163.58 76.15 74.84 0.33
12 146.63 98.38 74.84 0.33
12 159.67 93.48 74.84 0.33
12 147.93 109.83 74.84 0.33
12 172.05 108.85 74.84 0.33
12 162.93 107.87 74.84 0.33
12 161.62 100.35 74.84 0.33
12 182.48 111.14 74.84 0.33
12 191.28 122.25 74.84 0.33
12 202.04 113.75 74.84 0.33
12 221.92 122.58 74.84 0.33
12 229.42 207.91 74.84 0.33
12 217.03 193.85 74.84 0.33
12 274.72 188.62 74.84 0.33
12 252.88 198.1 74.84 0.33
12 247.34 191.56 74.84 0.33
12 240.17 189.28 74.84 0.33
12 261.36 190.26 74.84 0.33
12 267.87 196.14 74.84 0.33
12 265.59 201.7 74.84 0.33
12 273.74 205.62 74.84 0.33
12 283.19 212.16 74.84 0.33
12 272.76 216.41 74.84 0.33
12 268.2 221.32 74.84 0.33
12 267.22 231.45 74.84 0.33
12 256.47 221.97 74.84 0.33
12 255.16 228.18 74.84 0.33
12 257.45 258.26 74.84 0.33
12 256.47 266.43 74.84 0.33
12 249.95 269.38 74.84 0.33
12 252.88 272.32 74.84 0.33
12 275.05 252.7 74.84 0.33
12 250.27 255.64 74.84 0.33
12 247.02 260.55 74.84 0.33
12 236.59 260.55 74.84 0.33
12 230.07 261.86 74.84 0.33
12 237.24 254.34 74.84 0.33
12 227.13 250.09 74.84 0.33
12 217.36 250.41 74.84 0.33
12 219.64 240.28 74.84 0.33
12 234.96 226.55 74.84 0.33
12 248.32 212.49 74.84 0.33
12 194.21 251.39 74.84 0.33
12 201.71 251.39 74.84 0.33
12 196.5 231.12 74.84 0.33
12 182.16 220.66 74.84 0.33
12 149.89 222.62 74.84 0.33
12 164.23 215.1 74.84 0.33
12 167.16 220.66 74.84 0.33
12 166.51 227.53 74.84 0.33
12 162.6 234.39 74.84 0.33
12 172.7 243.87 74.84 0.33
12 177.59 243.55 74.84 0.33
12 178.24 253.03 74.84 0.33
12 180.2 261.2 74.84 0.33
12 171.73 262.51 74.84 0.33
12 185.09 272.65 74.84 0.33
12 189.33 284.42 74.84 0.33
12 225.18 282.45 74.84 0.33
12 234.63 280.49 74.84 0.33
12 169.77 283.76 74.84 0.33
12 152.5 272.32 74.84 0.33
12 143.7 263.16 74.84 0.33
12 131.31 187.64 74.84 0.33
12 152.17 194.18 74.84 0.33
12 155.43 189.93 74.84 0.33
12 151.19 124.21 74.84 0.33
12 150.87 134.02 74.84 0.33
12 194.54 68.63 74.84 0.33
12 206.27 59.48 74.84 0.33
12 211.49 60.13 74.84 0.33
12 234.63 66.34 74.84 0.33
12 227.46 72.88 74.84 0.33
12 180.85 82.36 74.84 0.33
12 183.46 87.27 74.84 0.33
12 166.84 88.25 74.84 0.33
12 195.84 90.21 74.84 0.33
12 168.47 138.93 74.84 0.33
12 165.53 149.72 74.84 0.33
12 178.9 146.12 74.84 0.33
12 185.74 145.14 74.84 0.33
12 217.36 180.45 74.84 0.33
12 218.66 184.37 74.84 0.33
12 226.48 181.1 74.84 0.33
12 186.39 210.85 74.84 0.33
12 212.14 218.7 74.84 0.33
12 220.29 222.3 74.84 0.33
12 188.67 239.3 74.84 0.33
12 204.32 241.59 74.84 0.33
12 239.19 241.59 74.84 0.33
12 245.71 242.24 74.84 0.33
12 229.42 96.42 74.84 0.33
12 239.52 74.52 74.84 0.33
12 255.82 67.65 74.84 0.33
12 161.3 182.08 74.84 0.33
12 156.73 177.51 74.84 0.33
12 163.9 173.58 74.84 0.33
12 180.85 265.13 74.84 0.33
12 212.79 264.47 74.84 0.33
12 221.27 141.21 89.84 0.33
12 224.53 146.12 89.84 0.33
12 215.4 147.1 89.84 0.33
12 210.19 146.77 89.84 0.33
12 271.46 192.54 89.84 0.33
12 248.97 79.1 89.84 0.33
12 245.06 76.81 89.84 0.33
12 246.36 70.92 89.84 0.33
12 250.6 59.81 89.84 0.33
12 243.1 59.81 89.84 0.33
12 232.67 58.17 89.84 0.33
12 232.35 64.06 89.84 0.33
12 233 68.31 89.84 0.33
12 226.48 64.06 89.84 0.33
12 220.61 61.44 89.84 0.33
12 226.16 69.94 89.84 0.33
12 211.16 63.4 89.84 0.33
12 208.88 58.17 89.84 0.33
12 203.67 61.11 89.84 0.33
12 201.71 55.88 89.84 0.33
12 199.1 59.48 89.84 0.33
12 220.61 278.86 89.84 0.33
12 188.67 282.78 89.84 0.33
12 188.02 268.4 89.84 0.33
12 234.3 269.05 89.84 0.33
12 236.26 263.49 89.84 0.33
12 244.08 266.76 89.84 0.33
12 238.54 277.22 89.84 0.33
12 251.25 271.67 89.84 0.33
12 256.47 266.11 89.84 0.33
12 252.88 262.51 89.84 0.33
12 254.51 254.34 89.84 0.33
12 259.07 241.26 89.84 0.33
12 245.06 237.01 89.84 0.33
12 256.47 228.84 89.84 0.33
12 254.19 222.95 89.84 0.33
12 270.48 222.95 89.84 0.33
12 267.55 230.14 89.84 0.33
12 268.85 235.05 89.84 0.33
12 228.76 251.39 89.84 0.33
12 214.42 250.09 89.84 0.33
12 211.81 246.49 89.84 0.33
12 217.36 244.2 89.84 0.33
12 205.3 250.74 89.84 0.33
12 203.67 241.26 89.84 0.33
12 202.04 232.1 89.84 0.33
12 182.81 221.32 89.84 0.33
12 178.9 227.2 89.84 0.33
12 177.92 233.74 89.84 0.33
12 176.29 237.66 89.84 0.33
12 172.38 221.64 89.84 0.33
12 163.9 216.08 89.84 0.33
12 169.77 213.14 89.84 0.33
12 163.9 193.2 89.84 0.33
12 166.84 190.26 89.84 0.33
12 165.21 185.68 89.84 0.33
12 206.27 192.87 89.84 0.33
12 211.81 193.53 89.84 0.33
12 215.73 202.68 89.84 0.33
12 225.5 198.76 89.84 0.33
12 221.27 197.12 89.84 0.33
12 262.99 198.43 89.84 0.33
12 272.44 186.33 89.84 0.33
12 206.27 162.47 89.84 0.33
12 175.96 164.75 89.84 0.33
12 166.51 168.68 89.84 0.33
12 167.16 162.14 89.84 0.33
12 149.56 189.6 89.84 0.33
12 145.65 192.87 89.84 0.33
12 154.13 183.39 89.84 0.33
12 150.87 136.31 89.84 0.33
12 166.84 106.89 89.84 0.33
12 172.38 100.35 89.84 0.33
12 164.56 100.02 89.84 0.33
12 176.94 106.89 89.84 0.33
12 178.9 87.92 89.84 0.33
12 169.44 87.92 89.84 0.33
12 172.38 91.85 89.84 0.33
12 166.18 81.38 89.84 0.33
12 163.9 77.79 89.84 0.33
12 173.68 67.33 89.84 0.33
12 171.4 58.5 89.84 0.33
12 168.14 51.3 89.84 0.33
12 179.55 36.27 89.84 0.33
12 182.48 47.05 89.84 0.33
12 183.78 50.65 89.84 0.33
12 200.41 41.17 89.84 0.33
12 226.48 57.84 89.84 0.33
12 230.07 104.6 89.84 0.33
12 238.22 97.73 89.84 0.33
12 214.1 119.64 89.84 0.33
12 241.15 108.85 89.84 0.33
12 235.61 107.87 89.84 0.33
12 253.86 126.18 89.84 0.33
12 249.95 130.75 89.84 0.33
12 251.9 134.35 89.84 0.33
12 260.7 139.25 89.84 0.33
12 254.51 145.14 89.84 0.33
12 237.24 160.83 89.84 0.33
12 233.98 157.56 89.84 0.33
12 196.82 162.79 89.84 0.33
12 203.99 158.54 89.84 0.33
12 205.3 151.02 89.84 0.33
12 199.1 149.72 89.84 0.33
12 197.15 112.77 89.84 0.33
12 193.89 103.94 89.84 0.33
12 195.52 95.44 89.84 0.33
12 227.46 84 89.84 0.33
12 217.03 79.1 89.84 0.33
12 224.85 133.37 89.84 0.33
12 226.48 162.47 89.84 0.33
12 226.48 167.37 89.84 0.33
12 249.62 172.6 89.84 0.33
12 256.14 186.01 89.84 0.33
12 256.14 175.22 89.84 0.33
12 189.65 201.37 89.84 0.33
12 187.04 195.49 89.84 0.33
12 187.7 153.64 89.84 0.33
12 181.18 152.98 89.84 0.33
12 189 145.46 89.84 0.33
12 172.7 138.93 89.84 0.33
12 167.16 137.29 89.84 0.33
12 176.94 128.14 89.84 0.33
12 207.58 267.09 89.84 0.33
12 204.97 264.8 89.84 0.33
12 192.91 77.46 89.84 0.33
12 191.93 66.02 89.84 0.33
12 183.46 71.58 89.84 0.33
12 184.11 65.04 89.84 0.33
12 184.76 59.48 89.84 0.33
12 175.96 58.17 89.84 0.33
12 188.35 67.33 89.84 0.33
12 188.67 151.02 104.91 0.33
12 186.39 156.91 104.91 0.33
12 219.31 146.12 104.91 0.33
12 223.87 141.21 104.91 0.33
12 232.02 140.56 104.91 0.33
12 235.93 137.62 104.91 0.33
12 246.04 124.54 104.91 0.33
12 237.24 117.02 104.91 0.33
12 232.02 113.1 104.91 0.33
12 238.54 111.79 104.91 0.33
12 239.52 101.98 104.91 0.33
12 229.42 97.73 104.91 0.33
12 219.64 117.02 104.91 0.33
12 237.56 94.13 104.91 0.33
12 223.55 126.5 104.91 0.33
12 239.84 132.71 104.91 0.33
12 229.74 133.69 104.91 0.33
12 211.49 120.29 104.91 0.33
12 190.63 124.54 104.91 0.33
12 191.61 118.98 104.91 0.33
12 174.66 123.89 104.91 0.33
12 177.59 117.02 104.91 0.33
12 180.53 108.85 104.91 0.33
12 179.55 102.31 104.91 0.33
12 174.66 101.65 104.91 0.33
12 166.18 94.79 104.91 0.33
12 164.88 100.67 104.91 0.33
12 160.32 99.37 104.91 0.33
12 152.82 109.5 104.91 0.33
12 154.45 89.23 104.91 0.33
12 146.63 82.69 104.91 0.33
12 153.8 79.75 104.91 0.33
12 153.15 76.15 104.91 0.33
12 187.7 80.73 104.91 0.33
12 189 74.84 104.91 0.33
12 195.19 71.58 104.91 0.33
12 214.42 87.27 104.91 0.33
12 216.05 94.79 104.91 0.33
12 221.59 83.67 104.91 0.33
12 220.94 92.17 104.91 0.33
12 224.2 74.84 104.91 0.33
12 210.51 75.5 104.91 0.33
12 203.67 75.5 104.91 0.33
12 204.64 59.48 104.91 0.33
12 201.71 54.57 104.91 0.33
12 212.79 67.65 104.91 0.33
12 222.9 67.98 104.91 0.33
12 217.36 75.17 104.91 0.33
12 179.22 37.57 104.91 0.33
12 190.3 61.11 104.91 0.33
12 166.84 53.92 104.91 0.33
12 247.67 186.01 104.91 0.33
12 242.13 186.33 104.91 0.33
12 239.19 191.89 104.91 0.33
12 226.16 197.78 104.91 0.33
12 215.73 197.45 104.91 0.33
12 207.25 192.22 104.91 0.33
12 209.21 196.14 104.91 0.33
12 195.52 215.1 104.91 0.33
12 199.43 217.72 104.91 0.33
12 224.2 221.32 104.91 0.33
12 218.99 225.57 104.91 0.33
12 218.01 221.32 104.91 0.33
12 236.91 231.45 104.91 0.33
12 244.73 234.07 104.91 0.33
12 241.15 235.37 104.91 0.33
12 237.56 246.16 104.91 0.33
12 247.67 251.72 104.91 0.33
12 241.8 256.95 104.91 0.33
12 240.5 260.22 104.91 0.33
12 237.56 265.78 104.91 0.33
12 226.16 269.7 104.91 0.33
12 222.24 271.01 104.91 0.33
12 227.46 264.15 104.91 0.33
12 217.68 248.13 104.91 0.33
12 216.38 238.64 104.91 0.33
12 213.77 241.59 104.91 0.33
12 201.39 237.34 104.91 0.33
12 230.72 248.13 104.91 0.33
12 225.18 240.93 104.91 0.33
12 211.16 269.38 104.91 0.33
12 202.36 145.46 104.91 0.33
12 198.78 148.73 104.91 0.33
12 194.87 152.66 104.91 0.33
12 212.14 142.2 104.91 0.33
12 193.24 133.37 104.91 0.33
12 169.44 137.62 104.91 0.33
12 174.33 147.43 104.91 0.33
12 179.55 142.52 104.91 0.33
12 181.5 150.37 104.91 0.33
12 176.94 152.66 104.91 0.33
12 171.73 153.97 104.91 0.33
12 171.07 111.79 104.91 0.33
12 165.21 108.85 104.91 0.33
12 157.71 116.37 104.91 0.33
12 157.06 124.87 104.91 0.33
12 208.56 90.54 104.91 0.33
12 214.1 102.64 104.91 0.33
12 225.83 109.5 104.91 0.33
12 221.59 112.12 104.91 0.33
12 199.43 120.29 104.91 0.33
12 185.09 54.57 104.91 0.33
12 191.28 53.27 104.91 0.33
12 201.71 114.73 104.91 0.33
12 195.84 113.75 104.91 0.33
12 187.7 115.71 104.91 0.33
12 184.44 120.62 104.91 0.33
12 206.6 120.62 104.91 0.33
12 216.7 210.85 104.91 0.33
12 223.22 214.45 104.91 0.33
12 235.61 202.68 104.91 0.33
12 247.34 202.68 104.91 0.33
12 246.36 207.26 104.91 0.33
12 213.77 185.02 104.91 0.33
12 192.59 232.1 104.91 0.33
12 175.64 234.07 104.91 0.33
12 267.22 232.76 104.91 0.33
12 242.78 167.37 104.91 0.33
12 248.32 173.58 104.91 0.33
12 224.85 169.66 104.91 0.33
12 187.37 244.53 104.91 0.33
12 185.74 234.72 104.91 0.33
12 193.89 246.82 104.91 0.33
12 202.04 250.41 104.91 0.33
12 202.69 241.91 104.91 0.33
12 204.32 278.86 104.91 0.33
12 216.05 285.4 104.91 0.33
12 253.21 268.07 104.91 0.33
12 246.69 267.41 104.91 0.33
12 199.76 283.76 104.91 0.33
12 193.56 281.47 104.91 0.33
12 197.15 285.72 104.91 0.33
12 226.81 204.64 119.91 0.33
12 233.33 208.89 119.91 0.33
12 226.48 197.78 119.91 0.33
12 237.89 220.99 119.91 0.33
12 233.33 227.2 119.91 0.33
12 242.13 234.39 119.91 0.33
12 232.02 241.59 119.91 0.33
12 218.66 236.03 119.91 0.33
12 228.76 248.78 119.91 0.33
12 221.59 249.11 119.91 0.33
12 195.84 230.8 119.91 0.33
12 191.61 234.39 119.91 0.33
12 212.79 141.87 119.91 0.33
12 232.02 136.31 119.91 0.33
12 229.09 114.41 119.91 0.33
12 216.05 116.37 119.91 0.33
12 223.22 102.64 119.91 0.33
12 210.51 86.61 119.91 0.33
12 211.49 73.54 119.91 0.33
12 205.62 84.98 119.91 0.33
12 186.07 89.23 119.91 0.33
12 182.16 88.58 119.91 0.33
12 175.96 101.98 119.91 0.33
12 175.31 124.54 119.91 0.33
12 193.24 131.41 119.91 0.33
12 190.63 121.27 119.91 0.33
12 202.04 123.23 119.91 0.33
12 217.68 123.23 119.91 0.33
12 236.59 109.5 119.91 0.33
12 190.3 146.77 119.91 0.33
12 185.74 172.27 119.91 0.33
12 193.89 190.26 119.91 0.33
12 207.9 191.56 119.91 0.33
12 216.7 196.14 119.91 0.33
12 220.94 205.3 119.91 0.33
12 220.94 220.01 119.91 0.33
12 212.47 242.24 119.91 0.33
12 248.97 186.33 119.91 0.33
12 196.5 125.52 119.91 0.33
12 158.36 97.08 119.91 0.33
12 155.75 107.87 119.91 0.33
12 167.81 108.85 119.91 0.33
12 222.9 84 119.91 0.33
12 221.92 74.52 119.91 0.33
12 238.22 101.65 119.91 0.33
12 179.87 150.7 119.91 0.33
12 172.05 169.66 119.91 0.33
12 238.87 190.91 119.91 0.33
12 204.97 221.97 119.91 0.33
12 197.8 215.1 119.91 0.33
12 198.45 198.43 119.91 0.33
12 189.65 209.55 119.91 0.33
12 183.46 208.24 119.91 0.33
12 215.73 221.97 119.91 0.33
12 249.3 206.6 119.91 0.33
12 254.84 199.08 119.91 0.33
12 216.38 250.41 119.91 0.33
12 174.01 184.7 119.91 0.33
