11    30.67  -103.07    15.01     0.33
11    61.68  -130.14    19.39     0.33
11    51.56  -181.03    19.61     0.33
11    35.88  -114.81    20.58     0.33
11    35.55  -150.36    14.89     0.33
11    19.89  -160.47    14.89     0.33
11    65.90  -206.14    14.78     0.33
11    81.24  -171.89    14.78     0.33
11    84.83  -156.88    14.78     0.33
11    99.19  -175.15    14.78     0.33
11   -12.09  -132.42    15.46     0.33
11     0.96  -107.96    15.63     0.33
11    65.58  -111.22    16.09     0.33
11    81.89  -116.76    16.54     0.33
11    93.97  -110.89    20.92     0.33
11    83.85   -97.52    20.92     0.33
11   133.45  -132.09    13.93     0.33
11   118.12  -129.16    14.16     0.33
11   126.60  -114.48    14.16     0.33
11   114.53  -105.67    14.16     0.33
11   103.76   -86.10    14.38     0.33
11    97.88   -97.19    14.38     0.33
11    76.35   -80.89    14.44     0.33
11    49.26   -80.56    16.88     0.33
11    34.25   -84.15    16.88     0.33
11    -3.60  -151.01    17.00     0.33
11    70.80   -60.99    18.93     0.33
11    87.11   -61.64    18.93     0.33
11    74.06   -47.94    18.93     0.33
11    48.28   -61.31    18.93     0.33
11    33.27   -67.51    18.93     0.33
11    99.51   -71.43    18.99     0.33
11   121.70   -71.43    18.99     0.33
11    20.54  -125.57    20.12     0.33
11    60.68  -180.69    20.47     0.33
11    54.16   -90.02    23.02     0.33
11   120.73  -151.99    23.02     0.33
11   135.08  -163.41    23.02     0.33
11    71.78  -181.35    23.88     0.33
11    72.10  -193.09    23.93     0.33
11    59.05  -192.76    23.93     0.33
11    42.08  -207.77    23.88     0.33
11    68.84   -83.49    24.16     0.33
11   118.44  -118.39    24.50     0.33
11   105.06  -108.94    24.56     0.33
11   113.22  -100.78    24.56     0.33
11   130.84  -113.50    24.56     0.33
11   130.52  -132.09    24.45     0.33
11   101.80   -88.39    24.84     0.33
11    88.09   -81.86    24.84     0.33
11    74.06   -71.43    25.01     0.33
11    14.34  -161.45    25.01     0.33
11    80.91  -173.84    25.01     0.33
11    82.55  -164.06    25.01     0.33
11   100.49  -185.59    25.01     0.33
11    93.31  -177.11    24.96     0.33
11   108.65  -178.41    25.07     0.33
11   108.33  -164.39    25.07     0.33
11   101.80  -154.27    25.07     0.33
11   119.75  -175.15    25.07     0.33
11    30.99  -102.41    25.36     0.33
11    37.19  -154.93    25.36     0.33
11    83.20  -125.24    25.36     0.33
11     6.19  -107.63    25.98     0.33
11    -1.65  -112.85    25.98     0.33
11   -10.78  -131.44    26.09     0.33
11    15.65  -154.27    26.21     0.33
11    62.31  -206.46    26.26     0.33
11    62.31  -110.89    26.32     0.33
11    53.50   -77.30    27.97     0.33
11    35.88   -78.60    28.08     0.33
11   100.82  -124.92    29.62     0.33
11    91.68  -119.05    29.68     0.33
11    66.23  -134.70    29.79     0.33
11    70.15  -126.88    29.79     0.33
11    45.34  -118.07    29.79     0.33
11    42.41   -93.61    29.79     0.33
11     1.62  -151.01    29.85     0.33
11    69.17  -170.26    29.85     0.33
11    48.61  -180.04    29.85     0.33
11    92.99  -145.47    29.90     0.33
11    94.62  -164.06    29.96     0.33
11    77.00   -89.37    29.85     0.33
11    80.59  -151.34    29.96     0.33
11   129.54  -143.51    30.13     0.33
11   135.41  -154.60    30.19     0.33
11   123.34  -195.70    30.19     0.33
11   116.16  -188.20    30.19     0.33
11   107.02  -193.74    30.13     0.33
11   100.49  -207.77    30.24     0.33
11   138.35  -176.13    30.24     0.33
11   127.91  -184.93    30.30     0.33
11   119.09  -124.27    30.30     0.33
11   137.04  -125.24    30.30     0.33
11    92.99   -91.32    30.30     0.33
11    83.20  -111.87    30.41     0.33
11    57.74  -174.17    30.59     0.33
11    71.12  -203.53    30.59     0.33
11    33.27  -111.87    30.59     0.33
11    15.00   -99.48    30.64     0.33
11    16.63  -190.81    31.27     0.33
11    86.46  -188.20    31.32     0.33
11   108.98   -77.30    31.44     0.33
11   111.59   -63.27    31.44     0.33
11    83.52   -54.14    31.44     0.33
11   112.24  -133.73    32.01     0.33
11    55.13   -88.06    34.56     0.33
11    73.73   -81.54    34.56     0.33
11   112.89  -111.87    34.56     0.33
11   113.22   -99.80    34.56     0.33
11   128.88  -111.22    34.56     0.33
11   127.25  -129.48    34.56     0.33
11   117.46  -148.73    34.56     0.33
11   127.58  -166.67    34.62     0.33
11    71.45  -184.28    34.62     0.33
11    53.83  -186.89    34.62     0.33
11    93.31  -104.70    34.62     0.33
11    77.00  -157.54    35.02     0.33
11    97.23  -183.30    35.02     0.33
11    83.20   -78.93    35.02     0.33
11   102.13   -86.10    35.02     0.33
11    72.43   -65.88    35.02     0.33
11    43.39  -105.67    35.08     0.33
11   111.92  -166.02    35.19     0.33
11   101.15  -156.56    35.19     0.33
11   106.69  -147.75    35.19     0.33
11   139.98  -164.06    35.19     0.33
11   139.98  -137.31    35.19     0.33
11   114.20   -88.71    35.30     0.33
11    98.86  -172.54    35.30     0.33
11   113.55  -177.11    35.30     0.33
11    31.96  -129.48    35.30     0.33
11    -1.97  -127.20    35.36     0.33
11    89.72  -133.73    35.47     0.33
11    70.80  -111.55    35.42     0.33
11    81.24  -100.46    35.47     0.33
11     0.96  -113.50    36.33     0.33
11     4.55  -101.43    36.61     0.33
11   -13.07  -111.22    36.73     0.33
11   -11.11  -137.31    36.84     0.33
11   -13.39  -121.33    36.84     0.33
11    17.28  -155.58    36.84     0.33
11    41.10  -204.18    36.84     0.33
11    58.72  -202.87    36.84     0.33
11    22.83  -200.26    36.84     0.33
11    59.38  -111.55    36.84     0.33
11    63.62   -75.01    36.90     0.33
11    30.33   -98.82    36.90     0.33
11    16.95  -164.39    37.07     0.33
11    -4.91  -159.82    37.07     0.33
11    52.20  -130.79    37.24     0.33
11    37.84   -74.36    38.49     0.33
11    39.14  -138.29    39.62     0.33
11    16.63  -107.31    39.74     0.33
11    99.19  -124.92    39.85     0.33
11    88.09  -120.68    39.91     0.33
11    75.69  -123.94    39.91     0.33
11    65.25  -135.03    40.02     0.33
11    93.97  -148.40    40.14     0.33
11   131.49  -145.14    40.14     0.33
11     4.55  -147.10    40.48     0.33
11    -9.48  -149.38    40.48     0.33
11    99.51  -212.98    40.48     0.33
11   110.94  -206.46    40.48     0.33
11   104.74  -198.31    40.48     0.33
11   126.27  -192.11    40.48     0.33
11   137.37  -184.93    40.48     0.33
11   140.31  -173.52    40.48     0.33
11    84.50  -211.68    40.53     0.33
11    71.45  -213.64    40.53     0.33
11    71.12  -166.67    40.59     0.33
11    52.52  -177.11    40.59     0.33
11    74.71  -195.70    40.59     0.33
11    92.01   -90.34    40.59     0.33
11   134.76  -121.98    40.59     0.33
11   112.57  -124.27    40.59     0.33
11   127.91  -154.27    40.59     0.33
11    42.41  -119.37    40.53     0.33
11    11.41  -119.37    40.53     0.33
11     7.82  -136.01    40.59     0.33
11    28.38  -148.40    40.59     0.33
11    15.32  -176.13    40.59     0.33
11    -2.30  -171.23    40.70     0.33
11    -6.54  -184.28    40.70     0.33
11   -32.65  -147.75    41.56     0.33
11   -25.79  -141.88    41.56     0.33
11   -21.55  -169.28    41.56     0.33
11    14.02  -189.50    41.61     0.33
11    45.02  -195.05    41.78     0.33
11    86.79  -156.23    41.84     0.33
11   120.73  -136.66    42.30     0.33
11    88.09   -65.88    42.64     0.33
11    81.24   -51.53    42.69     0.33
11    53.50   -63.27    42.75     0.33
11    32.29   -88.71    42.75     0.33
11    48.93   -73.71    42.75     0.33
11   -18.62   -87.73    42.75     0.33
11   -10.78   -77.95    42.75     0.33
11    21.52   -74.69    42.75     0.33
11    37.84   -62.62    42.75     0.33
11   108.98   -70.77    42.81     0.33
11   116.48   -60.34    42.81     0.33
11   126.60   -94.91    42.81     0.33
11   114.53  -187.87    42.92     0.33
11    67.21  -122.96    42.92     0.33
11    33.60  -111.87    42.98     0.33
11    17.28   -91.65    42.98     0.33
11    83.85  -187.22    42.98     0.33
11    76.02  -135.03    42.98     0.33
11   -23.51  -131.44    42.86     0.33
11    68.84   -51.53    42.92     0.33
11    94.95   -75.99    42.92     0.33
11    93.64   -54.14    42.92     0.33
11   119.42   -75.34    42.92     0.33
11   124.32   -66.86    42.92     0.33
11   107.35   -52.51    42.92     0.33
11    99.84   -63.92    42.92     0.33
11    54.48   -52.83    42.92     0.33
11   130.84   -82.19    42.92     0.33
11   100.82   -97.52    42.92     0.33
11   101.47  -113.50    42.92     0.33
11   108.33  -134.70    42.92     0.33
11    74.71  -145.79    42.92     0.33
11    43.71   -92.30    42.92     0.33
11   124.64  -177.43    42.92     0.33
11   141.61  -151.34    42.92     0.33
11   150.10  -139.27    42.92     0.33
11   145.85  -126.55    42.92     0.33
11    89.72  -199.29    42.92     0.33
11    33.60  -189.50    42.92     0.33
11   -20.90  -156.23    44.17     0.33
11    -8.17   -98.17    44.17     0.33
11     0.64   -85.13    44.23     0.33
11     4.55   -68.49    44.23     0.33
11    25.11   -62.62    44.23     0.33
11    61.01  -145.79    44.23     0.33
11   123.66  -202.87    44.29     0.33
11   -32.00  -114.15    44.80     0.33
11    55.13   -86.43    44.80     0.33
11    70.80   -87.73    44.80     0.33
11   113.87  -103.06    44.80     0.33
11   120.40  -113.18    44.80     0.33
11   129.21  -129.81    44.80     0.33
11   127.25  -166.02    44.80     0.33
11   116.48  -150.69    44.80     0.33
11    71.12  -182.00    44.91     0.33
11    57.09  -187.87    44.97     0.33
11    85.81   -77.62    45.03     0.33
11    73.41   -69.80    45.03     0.33
11    64.27   -62.29    45.14     0.33
11    16.63  -142.86    45.14     0.33
11     5.53  -161.45    45.14     0.33
11     3.90  -181.67    45.14     0.33
11    98.54  -185.59    45.20     0.33
11   112.57  -161.45    45.20     0.33
11   100.82  -157.86    45.20     0.33
11   102.78   -85.13    45.20     0.33
11    53.83  -101.43    45.20     0.33
11   138.02  -161.78    45.20     0.33
11   138.67  -136.99    45.20     0.33
11   114.85   -90.34    45.37     0.33
11   110.94  -175.47    45.37     0.33
11    98.86  -173.52    45.37     0.33
11    -0.02  -112.52    46.50     0.33
11    -2.63  -127.20    46.50     0.33
11    89.72  -135.68    46.56     0.33
11     4.88  -100.78    46.84     0.33
11   -10.78  -139.60    46.84     0.33
11    54.48  -114.81    46.84     0.33
11    92.01  -105.35    46.84     0.33
11    59.38  -200.59    47.07     0.33
11    40.12  -207.44    47.07     0.33
11    24.79  -201.89    47.07     0.33
11    61.66   -77.30    47.19     0.33
11   -10.13  -160.80    47.36     0.33
11    54.48  -128.83    47.41     0.33
11   -12.09  -114.15    47.47     0.33
11   -29.71   -99.80    47.64     0.33
11    50.24  -212.33    47.75     0.33
11    35.55   -76.32    48.72     0.33
11    18.26  -159.17    48.72     0.33
11    56.11  -165.69    48.83     0.33
11    49.59  -141.88    48.83     0.33
11    24.79  -100.13    48.83     0.33
11    90.05  -121.33    50.14     0.33
11    29.68  -164.71    50.31     0.33
11   140.96  -178.08    50.71     0.33
11   109.63  -206.79    50.71     0.33
11    90.38  -213.31    50.77     0.33
11    68.51  -206.14    50.77     0.33
11    69.82  -168.95    50.77     0.33
11    -2.95  -147.42    50.77     0.33
11    37.51  -129.48    50.77     0.33
11   133.45  -118.07    50.77     0.33
11   116.81  -123.94    50.77     0.33
11    12.39  -121.98    50.77     0.33
11    89.40   -90.34    50.77     0.33
11    -2.63  -169.28    50.77     0.33
11    -8.50  -183.30    50.77     0.33
11    32.62  -144.49    50.77     0.33
11   129.86  -145.14    50.77     0.33
11    73.73  -156.56    50.77     0.33
11   -20.57  -141.23    52.02     0.33
11   -32.65  -149.71    52.02     0.33
11    14.67  -181.02    52.02     0.33
11     8.47  -196.68    52.02     0.33
11    44.69  -196.68    52.02     0.33
11   133.45  -193.74    52.02     0.33
11    27.07  -115.46    53.38     0.33
11   108.98  -136.01    53.44     0.33
11   111.26   -77.62    53.44     0.33
11   110.61   -67.51    53.44     0.33
11   120.73   -70.77    53.44     0.33
11   122.03   -58.38    53.44     0.33
11    82.87   -57.07    53.38     0.33
11    92.99   -49.25    53.38     0.33
11    72.43   -49.57    53.44     0.33
11    74.06  -140.90    53.44     0.33
11    25.44  -190.15    53.44     0.33
11   122.36  -182.65    53.44     0.33
11   108.98  -192.11    53.44     0.33
11    94.62   -67.84    53.44     0.33
11    48.61   -75.67    53.44     0.33
11    57.09   -51.20    53.44     0.33
11    37.84   -55.44    53.44     0.33
11    12.71   -86.76    53.44     0.33
11   -14.37   -81.21    53.44     0.33
11   -18.29   -95.56    53.44     0.33
11   -23.18  -172.54    53.50     0.33
11    70.80  -195.05    53.67     0.33
11    80.59  -182.65    53.67     0.33
11    98.54  -202.22    53.67     0.33
11    79.28  -130.14    53.67     0.33
11   -20.25  -153.95    54.58     0.33
11   -31.34  -125.24    54.58     0.33
11    17.61   -65.23    54.58     0.33
11    22.83   -54.14    54.58     0.33
11    -5.24   -66.21    54.58     0.33
11    -9.15  -101.11    54.58     0.33
11    65.90   -89.04    55.20     0.33
11    85.48   -79.25    55.20     0.33
11    70.47   -73.71    55.20     0.33
11   122.03  -112.85    55.20     0.33
11   112.89  -102.41    55.20     0.33
11   129.21   -93.61    54.86     0.33
11   126.60  -103.39    55.03     0.33
11   123.34  -132.75    55.03     0.33
11    49.91   -87.73    55.03     0.33
11    40.78  -116.11    55.03     0.33
11    58.72  -148.73    55.03     0.33
11    63.62  -136.01    55.03     0.33
11    55.79  -189.17    55.03     0.33
11    31.31   -65.56    55.03     0.33
11   127.58  -173.19    55.03     0.33
11   142.59  -147.42    55.03     0.33
11    68.84  -218.20    55.03     0.33
11    29.35   -88.39    55.03     0.33
11   113.87  -146.12    55.03     0.33
11    13.36  -149.38    55.32     0.33
11     3.57  -160.47    55.32     0.33
11    24.79  -151.66    55.32     0.33
11    51.87  -103.06    55.32     0.33
11    64.60   -96.87    55.26     0.33
11    43.06   -94.91    55.32     0.33
11    60.68   -68.49    55.37     0.33
11    70.47   -61.31    55.37     0.33
11    80.59   -70.77    55.37     0.33
11    98.54   -86.76    55.37     0.33
11   121.38   -85.78    55.37     0.33
11   134.76  -132.75    55.37     0.33
11   146.51  -132.42    55.37     0.33
11   142.26  -163.73    55.37     0.33
11   131.82  -162.43    55.43     0.33
11   101.80  -164.39    55.43     0.33
11    96.58  -153.62    55.43     0.33
11   121.70  -195.70    55.43     0.33
11    81.57  -205.48    55.43     0.33
11     1.94  -182.00    55.43     0.33
11   -35.58  -111.87    55.43     0.33
11   100.49   -59.03    55.43     0.33
11   109.30   -50.88    55.43     0.33
11   109.96   -91.32    55.83     0.33
11     0.31  -116.44    56.74     0.33
11    -2.63  -125.57    56.74     0.33
11    75.69   -85.78    56.79     0.33
11    98.54   -76.32    56.79     0.33
11   103.43  -109.91    56.96     0.33
11     0.96   -98.50    56.96     0.33
11    -9.80  -137.64    56.96     0.33
11    57.09  -118.39    57.02     0.33
11    32.94  -202.87    57.36     0.33
11    18.26  -203.20    57.36     0.33
11    83.52   -44.03    57.36     0.33
11    41.75  -164.71    57.36     0.33
11    51.54  -127.85    57.70     0.33
11    56.44  -201.57    57.70     0.33
11    55.13  -221.79    57.70     0.33
11    -8.17  -157.86    57.70     0.33
11    21.20  -134.70    57.70     0.33
11    56.44  -212.33    58.04     0.33
11   -12.09  -114.81    58.10     0.33
11   -21.88  -128.18    58.73     0.33
11    43.71  -140.90    59.01     0.33
11    72.76  -112.52    59.07     0.33
11    87.44  -234.84    60.49     0.33
11    96.90  -218.53    60.20     0.33
11    74.06  -168.63    61.17     0.33
11    64.27  -160.14    61.17     0.33
11   141.61  -178.41    61.17     0.33
11   146.83  -186.56    61.17     0.33
11    26.42  -163.41    61.17     0.33
11    52.85  -159.49    61.17     0.33
11    -0.99  -148.40    61.17     0.33
11    14.34  -119.70    61.17     0.33
11   140.96  -113.50    61.17     0.33
11   125.95  -122.96    61.17     0.33
11   140.63  -122.64    61.17     0.33
11    87.11   -90.34    61.17     0.33
11    28.38  -103.72    61.00     0.33
11    41.10  -129.81    61.17     0.33
11    30.33  -139.92    61.17     0.33
11    32.94  -151.66    61.17     0.33
11    -2.63  -170.26    61.17     0.33
11    -8.17  -186.24    61.17     0.33
11   112.89  -206.46    61.17     0.33
11    85.81  -216.25    61.17     0.33
11   -26.77   -78.93    61.17     0.33
11   -32.32   -99.15    61.17     0.33
11    66.23  -207.11    61.17     0.33
11   128.23  -143.51    61.17     0.33
11   113.55  -125.24    61.17     0.33
11    98.54  -131.44    61.17     0.33
11    74.71  -157.86    61.17     0.33
11    40.12   -69.80    61.17     0.33
11    15.32  -182.65    62.48     0.33
11    26.09  -173.52    62.48     0.33
11     8.14  -194.39    62.48     0.33
11    43.71  -194.07    62.48     0.33
11   -30.69  -146.77    62.48     0.33
11   -17.31  -142.21    62.53     0.33
11     0.64  -138.94    62.48     0.33
11   136.39  -190.81    62.53     0.33
11    75.37  -228.64    62.53     0.33
11   -24.16   -91.00    63.67     0.33
11   -12.09   -91.00    63.67     0.33
11    11.41   -87.08    63.67     0.33
11    62.97   -49.57    63.67     0.33
11    49.91   -48.92    63.67     0.33
11    81.24   -57.40    63.67     0.33
11    91.68   -51.86    63.67     0.33
11    90.38   -65.23    63.67     0.33
11   108.98   -66.53    63.96     0.33
11   120.40   -68.16    63.96     0.33
11   122.36   -54.79    63.96     0.33
11   111.26   -76.97    63.96     0.33
11   111.26  -137.31    63.96     0.33
11   119.09  -179.39    63.96     0.33
11   128.23  -183.63    63.96     0.33
11   106.37  -197.65    63.96     0.33
11    95.60  -210.05    63.96     0.33
11   103.76  -210.38    63.96     0.33
11    85.16  -186.56    63.96     0.33
11    74.06  -194.07    63.96     0.33
11    72.76  -182.32    63.96     0.33
11    28.70  -192.44    63.96     0.33
11    18.59  -191.78    63.96     0.33
11    34.58  -222.44    63.96     0.33
11    74.71  -142.53    63.96     0.33
11    27.40  -114.81    63.96     0.33
11    50.24   -74.04    63.96     0.33
11   -16.66  -103.39    64.92     0.33
11   -32.97  -125.57    64.92     0.33
11   -22.21  -154.93    64.92     0.33
11   -22.21  -181.02    64.92     0.33
11    18.26   -65.88    65.09     0.33
11    10.75   -57.40    65.09     0.33
11    31.31   -64.25    65.09     0.33
11    60.36  -131.44    65.09     0.33
11    60.36  -146.45    65.09     0.33
11   123.01   -99.48    65.09     0.33
11   132.80   -94.26    65.09     0.33
11   133.45  -106.65    65.09     0.33
11   144.55  -144.49    65.09     0.33
11   120.73  -135.03    65.09     0.33
11   136.72  -152.32    65.38     0.33
11   117.46  -109.59    65.43     0.33
11    84.18   -74.04    65.43     0.33
11    73.73   -67.84    65.43     0.33
11    71.45   -42.72    65.43     0.33
11   103.76   -55.44    65.43     0.33
11   120.73   -88.71    65.43     0.33
11    99.51   -89.04    65.43     0.33
11    70.80   -53.49    65.43     0.33
11    52.85  -100.13    65.43     0.33
11    71.78   -99.15    65.43     0.33
11    58.07   -89.69    65.43     0.33
11    16.63  -148.08    65.43     0.33
11     3.25  -159.17    65.43     0.33
11    96.58  -156.56    65.43     0.33
11   102.13  -166.34    65.43     0.33
11   144.22  -165.36    65.43     0.33
11   131.49  -168.95    65.43     0.33
11   135.08  -135.36    65.43     0.33
11   150.10  -133.07    65.43     0.33
11   121.38  -194.07    65.60     0.33
11    82.22  -205.81    65.60     0.33
11    73.73  -217.22    65.60     0.33
11    59.05  -189.50    65.60     0.33
11     3.57  -180.69    65.60     0.33
11   -35.91  -111.55    65.60     0.33
11    63.62   -63.27    65.66     0.33
11   110.94   -97.19    66.00     0.33
11   109.96   -87.08    66.00     0.33
11    -0.02  -114.15    67.08     0.33
11    -0.02  -106.33    67.08     0.33
11    96.90   -75.67    67.08     0.33
11   133.45   -73.71    67.08     0.33
11    57.74  -118.72    67.14     0.33
11    30.99  -207.77    67.77     0.33
11    19.56  -203.85    67.77     0.33
11    85.16   -42.72    67.77     0.33
11     0.31   -72.40    67.77     0.33
11    21.20   -49.57    67.77     0.33
11    54.81  -199.94    67.77     0.33
11    -7.52  -158.84    67.77     0.33
11    40.12  -165.36    67.77     0.33
11   -12.09  -117.42    69.30     0.33
11   -21.55  -129.81    69.30     0.33
11    77.00  -119.37    69.30     0.33
11    46.98  -139.60    69.30     0.33
11    53.50  -213.31    69.30     0.33
11    99.51   -42.07    69.30     0.33
11    -0.67   -93.28    70.15     0.33
11    98.21  -221.79    70.55     0.33
11   108.98  -153.62    70.89     0.33
11   127.25  -125.24    70.78     0.33
11   139.65  -121.00    71.29     0.33
11   115.83  -125.90    71.35     0.33
11    69.17  -167.65    71.46     0.33
11    58.07  -161.45    71.46     0.33
11    29.35  -154.60    71.46     0.33
11    32.29  -136.66    71.46     0.33
11    47.30  -121.66    71.57     0.33
11    84.83   -86.76    71.57     0.33
11    87.11  -115.79    71.86     0.33
11    -2.95  -188.20    72.20     0.33
11    -5.89  -169.28    72.20     0.33
11    62.64  -204.83    72.26     0.33
11    60.68  -222.77    72.37     0.33
11    24.13  -170.58    72.48     0.33
11    18.26  -180.69    72.77     0.33
11     1.29  -148.08    72.88     0.33
11    20.87  -126.88    72.88     0.33
11   146.18  -181.67    73.00     0.33
11   135.74  -196.02    73.05     0.33
11   117.46  -206.46    73.05     0.33
11   145.85  -109.59    73.11     0.33
11   -29.06   -75.99    73.11     0.33
11   -38.52   -98.50    73.11     0.33
11    76.67  -159.49    73.11     0.33
11   128.56  -145.14    73.17     0.33
11    -3.60  -136.01    73.39     0.33
11    62.31   -75.34    73.45     0.33
11    73.73   -80.89    73.45     0.33
11    73.73  -111.22    73.45     0.33
11    66.88  -125.24    73.45     0.33
11    23.15  -140.90    73.51     0.33
11    17.93  -158.19    73.51     0.33
11     7.16  -194.39    73.56     0.33
11    48.61  -224.07    73.62     0.33
11   150.10  -154.60    73.68     0.33
11    93.31   -64.25    73.73     0.33
11    82.55   -54.79    73.73     0.33
11    83.20   -63.60    73.73     0.33
11    57.74   -50.55    73.79     0.33
11    75.69   -36.20    73.79     0.33
11   111.92   -48.27    73.79     0.33
11    61.33   -41.09    73.79     0.33
11    46.98   -42.40    73.79     0.33
11    43.39   -64.58    73.79     0.33
11    10.75   -91.00    73.79     0.33
11    20.22  -100.46    73.79     0.33
11   -27.10   -99.80    73.79     0.33
11   -19.92  -141.23    73.79     0.33
11   -12.09  -181.02    73.79     0.33
11    83.52  -218.20    73.79     0.33
11    31.96  -219.83    74.13     0.33
11    33.92  -193.74    74.13     0.33
11    22.50  -192.11    74.13     0.33
11    75.04  -200.59    74.13     0.33
11    75.04  -186.24    74.13     0.33
11    76.02  -174.82    74.13     0.33
11   100.49  -202.87    74.13     0.33
11   119.75  -180.04    74.13     0.33
11   133.13  -180.69    74.13     0.33
11   113.22  -143.18    74.13     0.33
11   121.05   -69.14    74.13     0.33
11   124.64   -57.73    74.13     0.33
11   110.28   -62.95    74.13     0.33
11   106.37   -75.67    74.13     0.33
11   116.16   -75.34    74.13     0.33
11    47.63   -79.25    74.13     0.33
11    32.29  -116.44    74.13     0.33
11    38.82  -128.18    74.13     0.33
11    92.34   -51.86    74.13     0.33
11   109.63  -211.68    74.13     0.33
11   110.28  -197.98    74.13     0.33
11    90.70  -211.35    74.13     0.33
11   129.54  -158.51    74.13     0.33
11    86.46  -185.59    74.13     0.33
11    37.19  -147.42    74.13     0.33
11    48.93  -161.12    74.13     0.33
11    13.36  -166.02    74.19     0.33
11    61.33   -98.50    74.19     0.33
11    53.83   -71.10    74.19     0.33
11    93.31  -122.96    74.19     0.33
11    46.98  -151.01    74.19     0.33
11    51.87  -129.48    74.19     0.33
11    51.22  -109.59    74.19     0.33
11    67.21  -194.72    74.19     0.33
11    92.99  -166.99    74.19     0.33
11    -8.83   -64.58    74.19     0.33
11   -32.00   -88.06    74.19     0.33
11   -22.21   -69.14    74.19     0.33
11   -28.08  -121.00    74.93     0.33
11   -16.98  -157.86    74.93     0.33
11   -12.42  -132.09    74.93     0.33
11    -1.65   -83.17    74.93     0.33
11   101.80  -146.12    74.99     0.33
11    62.64  -137.97    75.21     0.33
11    57.74  -151.34    75.21     0.33
11   123.01   -97.85    75.21     0.33
11   132.15  -104.37    75.21     0.33
11   137.69   -97.19    75.21     0.33
11   131.82   -90.02    75.21     0.33
11   141.94  -142.86    75.21     0.33
11   120.40  -134.70    75.21     0.33
11     2.27   -51.86    75.33     0.33
11   140.96  -170.58    75.67     0.33
11   152.05  -165.04    75.67     0.33
11   152.05  -138.94    75.67     0.33
11   152.05  -125.90    75.67     0.33
11   139.65  -133.07    75.67     0.33
11   115.50  -107.31    75.67     0.33
11    89.07   -74.36    75.67     0.33
11    77.98   -73.06    75.67     0.33
11    69.82   -60.66    75.67     0.33
11    73.08   -46.96    75.67     0.33
11    61.33   -64.90    75.67     0.33
11     9.77  -148.40    75.67     0.33
11    90.70  -151.66    75.67     0.33
11   103.76  -163.41    75.67     0.33
11   124.64  -194.39    75.67     0.33
11    85.16  -202.22    75.67     0.33
11    68.19  -213.96    75.67     0.33
11     6.19  -182.00    75.67     0.33
11   -35.26  -109.59    75.67     0.33
11    56.44   -85.78    75.67     0.33
11    95.27   -91.00    75.67     0.33
11    45.34   -96.22    75.67     0.33
11   138.67  -159.49    75.67     0.33
11   110.61   -96.22    76.29     0.33
11   109.96   -87.73    76.29     0.33
11   119.42   -88.39    76.29     0.33
11   100.49   -54.14    76.46     0.33
11     2.92  -106.98    77.43     0.33
11     0.96  -115.79    77.37     0.33
11   -11.11  -103.39    77.37     0.33
11    94.29   -98.17    77.37     0.33
11   102.13  -103.39    77.37     0.33
11   132.47   -67.19    77.37     0.33
11    16.63  -202.22    77.94     0.33
11    28.05  -206.79    77.94     0.33
11   130.52  -169.60    77.94     0.33
11    87.11   -38.48    77.94     0.33
11    25.76   -45.33    78.00     0.33
11    15.97   -54.47    78.00     0.33
11     4.88   -74.69    78.00     0.33
11    68.19  -152.32    78.00     0.33
11   157.93  -186.56    78.00     0.33
11   135.74   -79.91    78.00     0.33
11    27.72  -182.32    78.79     0.33
11    32.62  -163.73    78.79     0.33
11    51.22  -202.55    78.85     0.33
11   -10.13  -114.81    79.87     0.33
11   -18.94  -122.31    79.87     0.33
11    46.98  -140.57    79.87     0.33
11   -39.50  -121.33    79.93     0.33
11    -2.30   -96.54    80.39     0.33
11    77.32   -96.22    80.44     0.33
11    31.96   -96.22    80.44     0.33
11    99.84   -41.09    80.50     0.33
11   124.97  -114.48    80.50     0.33
11    74.06  -118.72    80.50     0.33
11   106.69  -187.87    80.50     0.33
11    94.29  -192.11    80.50     0.33
11    54.81  -212.98    80.56     0.33
11   -26.12  -177.11    80.67     0.33
11    44.69   -54.47    80.67     0.33
11   110.94  -171.23    80.73     0.33
11    57.42  -118.72    80.73     0.33
11   112.57  -153.95    81.01     0.33
11   129.21  -125.24    81.01     0.33
11   -41.78  -131.77    81.07     0.33
11    28.70  -151.34    81.81     0.33
11    87.44  -115.13    81.86     0.33
11   139.00  -119.05    81.86     0.33
11    83.52   -87.08    81.86     0.33
11    32.62  -136.99    82.49     0.33
11    -5.56  -196.35    82.49     0.33
11    61.33  -202.87    82.83     0.33
11   147.16  -180.37    83.17     0.33
11   135.08  -187.87    83.23     0.33
11   145.20  -112.20    83.46     0.33
11   130.19  -148.08    83.51     0.33
11    17.93  -140.57    83.51     0.33
11    24.13  -123.61    83.57     0.33
11     7.49  -196.68    83.57     0.33
11    15.32  -177.76    83.57     0.33
11    77.98  -157.21    84.02     0.33
11    68.19  -161.12    84.08     0.33
11    97.56   -63.92    84.19     0.33
11    84.18   -64.25    84.19     0.33
11    84.83   -50.23    84.25     0.33
11   106.04   -77.95    84.25     0.33
11   119.09   -75.67    84.25     0.33
11   122.36   -67.51    84.25     0.33
11   122.03   -57.40    84.25     0.33
11   112.89   -49.90    84.25     0.33
11    62.64   -38.81    84.25     0.33
11    61.66   -48.59    84.25     0.33
11    54.48   -48.92    84.25     0.33
11   -23.84   -77.30    84.25     0.33
11   -30.69   -94.91    84.25     0.33
11    74.71  -196.68    84.37     0.33
11    84.83  -185.91    84.37     0.33
11    77.00  -175.15    84.37     0.33
11    32.29  -222.12    84.42     0.33
11   -12.09  -170.58    84.42     0.33
11    61.66   -97.52    84.42     0.33
11    50.89  -104.37    84.48     0.33
11    41.75  -129.16    84.65     0.33
11    56.11  -128.83    84.71     0.33
11   121.70  -178.74    84.76     0.33
11   108.65  -200.59    84.76     0.33
11    96.25  -207.77    84.76     0.33
11    82.22  -218.86    84.76     0.33
11   113.55  -214.62    84.76     0.33
11   100.82  -219.51    84.76     0.33
11   144.87  -197.00    84.76     0.33
11   154.01  -151.01    84.76     0.33
11   109.96   -63.27    84.82     0.33
11    45.02   -39.14    84.82     0.33
11    43.06   -65.88    84.88     0.33
11    18.91   -93.61    84.88     0.33
11    31.31  -194.39    84.93     0.33
11   -15.03  -185.59    84.93     0.33
11    -9.80  -154.60    84.93     0.33
11   -29.06  -123.94    85.05     0.33
11    75.69  -128.51    85.10     0.33
11   103.10  -123.94    85.10     0.33
11   123.66  -204.50    85.10     0.33
11    42.41  -213.31    85.10     0.33
11    47.95  -182.98    85.10     0.33
11    37.84  -149.06    85.10     0.33
11   118.44  -145.14    85.10     0.33
11    71.45   -38.48    85.39     0.33
11   129.54   -92.63    85.39     0.33
11   137.04  -100.46    85.39     0.33
11   118.77   -97.52    85.39     0.33
11   129.21  -106.65    85.39     0.33
11    56.44  -145.79    85.39     0.33
11    63.62  -134.05    85.39     0.33
11   128.56  -135.68    85.45     0.33
11   142.59  -144.16    85.45     0.33
11    45.34  -115.13    85.45     0.33
11    34.90  -119.37    85.45     0.33
11    24.46   -82.52    85.96     0.33
11   -31.67  -113.83    85.96     0.33
11   -38.20  -105.67    85.96     0.33
11     7.16  -147.75    85.96     0.33
11    54.16   -86.10    85.96     0.33
11    74.06   -67.84    85.96     0.33
11    77.32   -77.95    85.96     0.33
11    74.06   -55.44    85.96     0.33
11    87.77   -73.38    85.96     0.33
11   151.07  -134.70    85.96     0.33
11   139.65  -133.73    86.13     0.33
11   148.46  -162.10    86.30     0.33
11   150.10  -172.54    86.30     0.33
11   138.02  -164.06    87.09     0.33
11   138.67  -152.97    87.78     0.33
11   119.75  -190.81    87.89     0.33
11    82.22  -206.79    87.89     0.33
11    65.58  -213.64    87.95     0.33
11    89.07  -150.36    88.00     0.33
11    96.58  -101.76    88.00     0.33
11   115.18   -86.76    88.00     0.33
11   132.15   -66.53    88.00     0.33
11    84.18   -40.77    88.00     0.33
11    11.08  -115.46    88.00     0.33
11     0.96  -121.66    88.00     0.33
11    -2.30  -107.63    88.12     0.33
11    14.34  -187.22    88.12     0.33
11    20.54  -205.48    88.12     0.33
11     3.25  -186.24    88.12     0.33
11   134.76   -83.82    88.40     0.33
11   126.60   -81.54    88.46     0.33
11    64.60   -68.49    88.97     0.33
11   149.44  -125.57    88.97     0.33
11   154.66  -186.89    89.20     0.33
11    33.60  -207.77    89.43     0.33
11    74.71  -143.84    90.11     0.33
11    63.95  -151.99    90.11     0.33
11    43.39   -97.52    90.56     0.33
11    77.32  -114.48    90.56     0.33
11    76.35   -97.19    90.56     0.33
11    90.38  -197.33    90.56     0.33
11    52.20  -213.31    90.56     0.33
11    92.66   -38.16    90.56     0.33
11    93.97   -53.81    90.56     0.33
11    -7.52  -116.44    90.62     0.33
11   -19.59  -122.31    90.62     0.33
11   -25.79  -175.47    90.96     0.33
11   135.08  -117.74    93.01     0.33
11   123.66  -122.96    93.01     0.33
11    88.09  -113.50    93.01     0.33
11    -0.99  -140.57    93.01     0.33
11   -11.76  -141.88    93.01     0.33
11    63.95  -202.55    93.01     0.33
11    52.85  -170.26    93.01     0.33
11    -4.26  -196.68    93.01     0.33
11   -19.27  -110.24    93.01     0.33
11    86.46   -91.32    93.01     0.33
11    23.81  -149.38    92.95     0.33
11   106.69  -151.99    93.06     0.33
11   125.62  -169.60    93.06     0.33
11   -44.07  -120.03    93.06     0.33
11   135.74  -192.76    93.69     0.33
11   145.20  -180.04    93.69     0.33
11    62.97  -191.46    93.69     0.33
11   142.59  -109.91    93.69     0.33
11    19.89  -137.31    93.69     0.33
11    23.81  -119.37    93.69     0.33
11     6.19  -201.57    93.69     0.33
11   130.19  -145.47    93.69     0.33
11    80.91  -186.56    94.48     0.33
11    75.37  -199.61    94.48     0.33
11    59.70  -112.52    94.48     0.33
11    69.82  -106.65    94.48     0.33
11    62.64   -99.48    94.48     0.33
11    68.84   -87.41    94.48     0.33
11    51.54  -104.04    94.48     0.33
11    61.99   -53.81    94.48     0.33
11    54.81   -44.35    94.48     0.33
11    57.09   -35.22    94.48     0.33
11    84.18   -53.49    94.48     0.33
11    94.95   -66.86    94.48     0.33
11   107.02   -76.32    94.48     0.33
11   120.73   -55.12    94.48     0.33
11   117.46   -71.43    94.48     0.33
11   112.57   -45.66    94.48     0.33
11   -27.75   -77.62    94.54     0.33
11   -34.61   -90.67    94.48     0.33
11   -28.08  -102.74    94.54     0.33
11   -15.68  -169.93    94.54     0.33
11    77.65  -154.93    94.60     0.33
11   -35.26  -133.40    95.45     0.33
11   -28.73  -138.94    95.45     0.33
11   -37.22  -147.42    95.51     0.33
11   -35.58  -170.58    95.74     0.33
11   -42.44  -158.19    95.74     0.33
11   -15.35  -185.91    95.79     0.33
11    -4.26  -151.34    95.85     0.33
11   -14.37  -153.95    95.85     0.33
11   -15.35  -161.45    95.96     0.33
11    16.30  -178.74    94.43     0.33
11    26.42  -127.53    94.43     0.33
11    46.65  -142.21    94.48     0.33
11    30.99   -94.26    94.66     0.33
11    11.41  -138.94    95.00     0.33
11   104.41  -197.65    95.00     0.33
11    98.54  -208.09    95.00     0.33
11   109.96  -209.72    95.00     0.33
11    89.72  -213.96    95.00     0.33
11    74.39  -215.59    95.00     0.33
11    34.90  -223.10    95.00     0.33
11    31.31  -196.68    95.05     0.33
11   154.99  -146.12    95.05     0.33
11   158.58  -159.49    95.05     0.33
11   147.48  -152.97    95.05     0.33
11   104.08   -60.66    95.05     0.33
11    76.67   -47.62    95.05     0.33
11    85.16   -64.58    95.05     0.33
11    47.63   -38.16    95.05     0.33
11    32.94   -38.16    95.05     0.33
11     1.62   -96.22    95.05     0.33
11    69.49  -121.33    95.05     0.33
11    54.16  -131.44    95.05     0.33
11   126.60  -185.59    95.05     0.33
11    49.91  -185.59    95.11     0.33
11    59.05  -177.76    95.11     0.33
11    44.04  -208.74    95.11     0.33
11   122.03  -201.57    95.11     0.33
11   119.42  -146.12    95.11     0.33
11   -30.69  -125.24    95.11     0.33
11    36.53  -149.06    95.11     0.33
11   113.87   -62.95    95.11     0.33
11    44.04   -82.84    95.22     0.33
11    21.52   -98.50    95.22     0.33
11   -19.92   -75.34    95.39     0.33
11   124.32  -106.00    95.39     0.33
11   125.29   -95.56    95.39     0.33
11   138.35   -96.22    95.39     0.33
11   111.59   -99.15    95.39     0.33
11    68.51  -133.07    95.39     0.33
11    60.03  -141.88    95.39     0.33
11    66.56   -44.03    95.51     0.33
11    73.41   -37.50    95.51     0.33
11    53.83  -203.85    95.51     0.33
11    20.87  -193.74    95.51     0.33
11    43.39  -112.52    95.51     0.33
11    49.59  -120.35    95.51     0.33
11    36.86  -126.55    95.51     0.33
11    35.23  -117.09    95.51     0.33
11   127.58  -134.38    95.51     0.33
11   -19.59   -86.76    95.51     0.33
11   -31.34  -115.13    96.13     0.33
11   -40.48  -103.06    96.13     0.33
11    26.74   -81.54    96.13     0.33
11    16.63   -86.43    96.13     0.33
11    55.79   -86.10    96.13     0.33
11    84.50   -79.91    96.13     0.33
11    73.41   -74.36    96.13     0.33
11    72.43   -60.66    96.13     0.33
11   157.60  -135.68    96.13     0.33
11   144.55  -138.62    96.13     0.33
11   136.72  -128.51    96.13     0.33
11   146.83  -196.35    96.13     0.33
11    58.07  -159.17    96.13     0.33
11    17.28  -159.17    96.13     0.33
11    80.26  -179.72    96.13     0.33
11   144.87  -169.93    96.30     0.33
11   152.71  -170.58    96.30     0.33
11    32.29  -171.56    96.42     0.33
11   135.41  -163.41    97.50     0.33
11   105.71   -38.16    97.50     0.33
11   129.21  -154.60    98.07     0.33
11   114.20   -85.78    98.07     0.33
11   129.54   -67.51    98.07     0.33
11   119.09  -193.41    98.07     0.33
11    63.95  -214.29    98.07     0.33
11    -0.67  -129.16    98.07     0.33
11    13.69  -114.15    98.07     0.33
11    88.42  -151.01    98.07     0.33
11    83.85   -33.92    98.07     0.33
11    48.61  -223.10    98.07     0.33
11    17.61  -216.90    98.07     0.33
11    93.97   -99.48    98.24     0.33
11   133.45   -84.80    98.69     0.33
11   123.66   -79.91    98.69     0.33
11    66.56  -165.69    99.20     0.33
11    70.47  -182.00    99.20     0.33
11   148.14  -126.55    99.20     0.33
11     7.82  -189.50    99.20     0.33
11    22.18  -206.46    99.20     0.33
11    32.29  -212.01    99.60     0.33
11   156.95  -181.35    99.60     0.33
11    59.05   -71.75   100.06     0.33
11    70.15  -146.77   100.51     0.33
11    -0.99  -116.44   100.91     0.33
11   -12.74  -118.07   100.91     0.33
11   -18.94  -130.79   100.91     0.33
11    91.68  -197.65   100.91     0.33
11    82.22  -206.79   100.91     0.33
11   134.43  -203.85   100.91     0.33
11    76.02   -97.19   100.91     0.33
11    99.51   -48.92   100.91     0.33
11    90.05   -45.01   100.91     0.33
11    94.29   -34.89   100.91     0.33
11   -24.82  -178.74   101.25     0.33
11    79.94  -120.68   101.25     0.33
11    41.10  -175.15   102.10     0.33
11    35.55  -184.93   102.10     0.33
11   109.96  -162.10   102.10     0.33
11    43.39   -97.19   102.10     0.33
11    34.25   -70.77   102.10     0.33
11   160.21  -206.46   102.22     0.33
11   149.44  -205.81   102.22     0.33
11    81.24  -144.49   102.33     0.33
11    56.11  -150.36   102.67     0.33
11    71.45  -155.90   102.84     0.33
11    89.07  -110.57   103.07     0.33
11    77.98  -109.59   103.13     0.33
11    86.14   -90.02   103.18     0.33
11   -12.74  -108.28   103.18     0.33
11   -20.57  -116.11   103.18     0.33
11    -2.95  -144.16   103.18     0.33
11    13.36  -148.73   103.18     0.33
11    25.11  -148.40   103.18     0.33
11    -4.26  -194.72   103.18     0.33
11   124.64  -173.84   103.35     0.33
11   129.21  -118.07   103.35     0.33
11   144.55  -185.59   103.86     0.33
11   136.72  -193.41   103.86     0.33
11    65.58  -192.44   103.86     0.33
11    63.95  -204.50   103.86     0.33
11    53.83  -215.27   103.86     0.33
11     6.51  -201.89   103.86     0.33
11   -43.42  -117.42   103.86     0.33
11   137.04  -107.31   103.86     0.33
11   150.10  -115.13   103.86     0.33
11    66.23  -112.20   104.77     0.33
11    64.92   -99.15   104.77     0.33
11    71.45   -88.06   104.77     0.33
11    54.81  -109.26   104.72     0.33
11   110.61   -73.38   104.89     0.33
11    98.21   -69.47   104.89     0.33
11    87.11   -55.77   104.38     0.33
11   112.57   -45.66   104.72     0.33
11   119.09   -54.47   104.72     0.33
11    63.29   -55.12   104.72     0.33
11    52.52   -48.92   104.72     0.33
11    60.68   -37.18   104.72     0.33
11   -26.12  -100.13   104.60     0.33
11   -30.69   -91.00   104.60     0.33
11     8.47  -180.04   104.49     0.33
11    74.06  -202.55   104.49     0.33
11    82.55  -191.46   104.55     0.33
11    89.07  -119.70   104.60     0.33
11    22.83  -119.70   104.66     0.33
11    21.20  -135.68   104.66     0.33
11   -15.68  -173.52   104.66     0.33
11   134.76  -144.49   104.77     0.33
11    32.94   -91.32   104.95     0.33
11    94.95  -211.03   105.06     0.33
11   109.96  -198.63   105.06     0.33
11   112.24  -211.35   105.06     0.33
11   126.93  -187.54   105.06     0.33
11   139.33  -154.60   105.06     0.33
11   149.12  -147.75   105.06     0.33
11   148.46  -160.14   105.06     0.33
11    85.81   -68.16   105.12     0.33
11    77.00   -48.92   105.12     0.33
11   117.14   -64.25   105.12     0.33
11    42.73  -141.88   105.12     0.33
11    34.25  -151.99   105.12     0.33
11    51.22  -169.60   105.12     0.33
11    57.74  -182.00   105.12     0.33
11    49.26  -186.56   105.12     0.33
11   116.16  -150.69   105.12     0.33
11    66.88  -121.98   105.12     0.33
11     4.88   -96.54   105.12     0.33
11     3.90   -75.01   105.12     0.33
11    46.98   -37.83   105.12     0.33
11    15.00   -54.14   105.17     0.33
11    45.02  -210.38   105.29     0.33
11    36.86  -221.47   105.29     0.33
11     8.14  -140.57   105.29     0.33
11    21.85   -96.22   105.34     0.33
11    56.44  -133.73   105.34     0.33
11    82.22  -159.82   105.40     0.33
11   119.75   -98.82   105.46     0.33
11   132.80   -97.52   105.46     0.33
11    70.47  -132.42   105.51     0.33
11    47.95  -120.68   105.57     0.33
11    37.19  -115.79   105.57     0.33
11    35.88  -124.92   105.57     0.33
11   -33.63  -128.83   105.57     0.33
11   -32.32  -155.90   105.57     0.33
11   -22.21  -146.12   105.57     0.33
11   -31.02  -142.21   105.57     0.33
11   -27.10   -81.54   105.57     0.33
11   -21.88   -68.16   105.57     0.33
11    73.73   -35.55   105.57     0.33
11    18.59  -190.81   105.80     0.33
11   -30.69  -170.91   105.80     0.33
11    44.69   -83.49   105.91     0.33
11   124.97  -131.77   105.91     0.33
11    92.01  -185.91   105.91     0.33
11   -13.39  -150.69   105.91     0.33
11    77.98   -75.99   106.25     0.33
11    73.08   -63.60   106.25     0.33
11   137.69  -131.12   106.25     0.33
11   153.36  -135.68   106.25     0.33
11   -20.25  -160.80   106.25     0.33
11   -34.61  -109.91   106.25     0.33
11   -38.20   -99.80   106.25     0.33
11    14.34   -84.47   106.37     0.33
11    26.74   -81.54   106.37     0.33
11   154.01  -169.60   106.37     0.33
11   140.63  -172.21   106.37     0.33
11   107.67  -101.11   106.37     0.33
11    55.46   -86.10   106.65     0.33
11    92.66  -175.47   107.84     0.33
11    54.16  -198.63   107.84     0.33
11   156.62  -193.74   107.96     0.33
11    30.01   -57.07   107.96     0.33
11    24.79   -41.74   108.01     0.33
11    33.92   -32.61   108.19     0.33
11   129.86   -65.23   108.19     0.33
11   111.59   -86.10   108.19     0.33
11   132.80  -165.04   108.19     0.33
11    -0.99  -130.46   108.19     0.33
11   122.36  -199.61   108.19     0.33
11   114.53  -187.87   108.19     0.33
11    12.06  -115.79   108.19     0.33
11   -16.33   -77.30   108.19     0.33
11   130.52   -78.60   108.87     0.33
11   122.03   -84.47   108.81     0.33
11    76.02  -180.37   109.32     0.33
11    64.92  -173.52   109.32     0.33
11    58.72  -163.41   109.32     0.33
11    23.81  -202.87   109.66     0.33
11   106.69  -140.25   109.89     0.33
11   144.87  -128.18   110.12     0.33
11    12.39  -166.02   110.91     0.33
11    -4.91  -175.80   110.91     0.33
11    -8.17  -184.28   110.91     0.33
11    35.23  -212.66   110.91     0.33
11    83.85  -211.03   110.91     0.33
11    94.29  -198.63   110.91     0.33
11   133.13  -207.11   110.91     0.33
11    88.75   -42.07   110.91     0.33
11    95.60   -54.47   110.91     0.33
11    -8.17  -117.42   111.20     0.33
11   -20.90  -127.85   111.60     0.33
11    78.30  -120.68   111.77     0.33
11    48.61   -70.45   111.88     0.33
11    67.21  -143.84   111.94     0.33
11    98.86  -121.98   111.94     0.33
11   100.49  -108.28   111.94     0.33
11    87.44   -77.95   112.17     0.33
11    34.90   -69.80   112.17     0.33
11    12.39   -64.58   112.17     0.33
11     0.31   -51.20   112.22     0.33
11    37.19  -172.54   112.22     0.33
11    35.55  -183.30   112.22     0.33
11   115.83  -163.41   112.28     0.33
11   112.24  -176.13   112.28     0.33
11   155.97  -205.81   112.28     0.33
11   154.66  -179.72   112.28     0.33
11   127.91  -149.06   112.28     0.33
11   104.41  -157.86   112.28     0.33
11    87.44  -128.83   112.28     0.33
11    39.14  -203.53   112.39     0.33
11    46.32  -155.90   112.39     0.33
11    86.79  -149.38   112.39     0.33
11    75.04  -141.88   112.39     0.33
11    88.75   -96.22   112.45     0.33
11   156.30  -127.85   112.45     0.33
11    54.81  -147.10   112.79     0.33
11    71.45  -159.17   113.98     0.33
11   138.67  -119.70   113.98     0.33
11   150.75  -120.03   114.04     0.33
11   139.98  -104.04   114.04     0.33
11   127.58  -112.85   114.04     0.33
11    77.32  -106.00   114.04     0.33
11   -17.31  -108.94   114.04     0.33
11   -24.16  -116.76   114.04     0.33
11   -37.22  -119.05   114.04     0.33
11    -3.93  -148.40   114.04     0.33
11    12.39  -150.69   114.04     0.33
11    23.81  -157.21   114.04     0.33
11     3.57  -202.87   114.10     0.33
11    57.09  -215.27   114.15     0.33
11    70.47  -192.44   114.15     0.33
11   140.31  -198.63   114.15     0.33
11   145.53  -186.89   114.15     0.33
11   136.72  -181.67   114.15     0.33
11   127.25  -175.47   114.15     0.33
11   117.46  -140.90   114.15     0.33
11    42.08   -56.10   114.21     0.33
11    62.64  -207.44   114.21     0.33
11    70.80  -214.29   114.21     0.33
11    76.67  -204.18   114.55     0.33
11    81.57  -193.41   114.55     0.33
11    15.65  -209.72   114.55     0.33
11    -5.89  -195.37   114.61     0.33
11    41.75  -102.74   114.89     0.33
11    55.79  -113.18   114.89     0.33
11    68.84   -91.32   114.89     0.33
11    65.58  -106.33   114.89     0.33
11   102.13   -73.38   114.95     0.33
11    94.95   -63.60   114.95     0.33
11    82.87   -56.10   114.95     0.33
11    65.90   -46.64   114.95     0.33
11    59.70   -34.24   114.95     0.33
11    33.27   -93.61   114.95     0.33
11   -26.77   -94.91   115.06     0.33
11   -25.47  -171.56   115.12     0.33
11    24.13  -175.15   115.12     0.33
11    50.89  -183.63   115.12     0.33
11    61.99  -183.30   115.12     0.33
11    46.65  -168.63   115.12     0.33
11    40.78  -132.75   115.12     0.33
11    33.60  -146.45   115.12     0.33
11    23.48  -130.46   115.12     0.33
11    23.48  -112.20   115.12     0.33
11   145.85  -145.79   115.12     0.33
11   154.99  -146.45   115.12     0.33
11   142.26  -159.82   115.12     0.33
11   135.74  -141.23   115.12     0.33
11   114.53   -73.38   115.12     0.33
11   120.07   -59.03   115.12     0.33
11    49.91   -45.98   115.12     0.33
11   109.30  -197.98   115.18     0.33
11    99.84  -209.07   115.18     0.33
11    15.65   -52.83   115.18     0.33
11   -14.37  -174.50   115.23     0.33
11   133.13  -191.78   115.23     0.33
11   123.66  -186.56   115.29     0.33
11   155.97  -157.21   115.29     0.33
11   112.57  -152.32   115.23     0.33
11    78.63   -46.96   115.29     0.33
11    18.59   -96.87   115.46     0.33
11   135.41   -88.71   115.58     0.33
11   128.88   -99.80   115.58     0.33
11    77.32   -35.22   115.58     0.33
11   -36.56  -132.42   115.58     0.33
11   -23.51  -145.47   115.58     0.33
11   -29.71  -155.90   115.58     0.33
11    36.86  -115.79   115.58     0.33
11     3.90  -138.94   115.92     0.33
11    63.62  -127.85   115.92     0.33
11    44.37  -141.88   115.92     0.33
11    57.09   -74.36   115.92     0.33
11   121.38  -129.81   115.92     0.33
11    41.10   -80.23   115.92     0.33
11    90.05  -187.87   115.92     0.33
11    80.91  -156.56   115.92     0.33
11    83.85   -66.53   115.92     0.33
11    98.86   -41.42   115.92     0.33
11    47.63   -32.94   115.92     0.33
11   -32.32   -82.19   115.92     0.33
11   -12.09   -66.21   115.97     0.33
11    32.94  -124.92   116.09     0.33
11   129.86  -128.83   116.37     0.33
11   145.85  -135.03   116.32     0.33
11   157.27  -135.68   116.37     0.33
11   115.83  -112.52   116.37     0.33
11   109.30  -128.83   116.37     0.33
11   122.03   -93.28   116.32     0.33
11    75.37   -68.16   116.37     0.33
11    69.17   -59.36   116.37     0.33
11    78.63   -80.89   116.37     0.33
11    45.02   -90.02   116.37     0.33
11    30.66   -83.82   116.37     0.33
11    15.97   -80.56   116.37     0.33
11   -14.37  -150.03   116.37     0.33
11   -18.94  -159.49   116.37     0.33
11     9.45  -193.09   116.37     0.33
11     3.90  -174.82   116.37     0.33
11   102.13  -187.22   116.37     0.33
11   142.26  -171.56   116.37     0.33
11   153.68  -166.02   116.37     0.33
11    88.42  -119.05   116.37     0.33
11    46.98  -109.59   116.37     0.33
11    37.51   -45.98   116.37     0.33
11     1.94   -64.90   116.49     0.33
11   -33.63  -105.02   116.49     0.33
11   -43.09  -109.91   116.49     0.33
11   -41.13   -92.30   116.49     0.33
11   -12.09  -128.18   116.49     0.33
11    26.09  -183.96   116.54     0.33
11    50.57  -209.07   116.54     0.33
11    43.06  -217.22   116.54     0.33
11   136.39  -151.01   116.54     0.33
11   106.69  -100.78   116.54     0.33
11    22.83   -76.32   116.54     0.33
11    22.50   -87.08   116.54     0.33
11     9.77   -75.67   116.54     0.33
11    10.43   -88.71   116.54     0.33
11    76.02  -168.95   116.54     0.33
11    53.83  -138.29   116.54     0.33
11   -30.36  -140.90   116.66     0.33
11   -21.88   -83.49   116.66     0.33
11   -24.82   -71.43   116.66     0.33
11    60.03   -85.45   117.22     0.33
11    64.60  -200.26   118.19     0.33
11    85.81  -175.47   118.19     0.33
11    98.21  -175.47   118.19     0.33
11   112.57  -189.83   118.19     0.33
11   123.34  -201.57   118.19     0.33
11   127.25  -162.75   118.19     0.33
11    30.01   -56.42   118.19     0.33
11    24.46   -44.03   118.19     0.33
11    -3.28  -134.05   118.19     0.33
11    -1.32  -120.35   118.19     0.33
11   123.01   -83.82   119.21     0.33
11   125.29   -69.14   119.21     0.33
11    58.72  -172.87   120.29     0.33
11    35.23  -160.80   120.41     0.33
11   -27.75  -128.18   121.89     0.33
11    77.00  -119.05   121.94     0.33
11   102.45  -120.35   122.06     0.33
11   100.17  -107.31   122.06     0.33
11    12.39  -163.41   122.17     0.33
11    29.03  -206.14   122.23     0.33
11    86.79  -206.79   122.23     0.33
11    96.25  -197.98   122.28     0.33
11    43.71   -66.86   122.51     0.33
11    31.64   -69.14   122.51     0.33
11    74.39  -148.08   122.51     0.33
11   113.22  -165.04   122.51     0.33
11   128.88  -148.40   122.51     0.33
11    43.39  -157.86   122.51     0.33
11    89.72   -48.92   122.80     0.33
11    88.75   -39.79   122.80     0.33
11   102.13   -54.79   122.80     0.33
11   107.02   -66.21   122.80     0.33
11   -11.44   -76.64   122.91     0.33
11    -5.89   -95.56   122.97     0.33
11   -12.09  -115.13   122.97     0.33
11    -7.52  -166.02   123.08     0.33
11    26.74  -213.96   123.08     0.33
11    20.54  -199.29   123.08     0.33
11    51.54  -154.60   123.19     0.33
11    62.64  -148.73   123.19     0.33
11    86.46   -74.04   123.25     0.33
11    93.31   -92.30   123.25     0.33
11    88.09  -100.78   123.25     0.33
11    16.63   -66.86   123.36     0.33
11     2.92   -51.20   123.36     0.33
11    22.83  -147.75   123.54     0.33
11   128.56  -114.48   124.10     0.33
11   142.59  -111.87   124.10     0.33
11   139.65  -125.24   124.10     0.33
11   151.73  -125.57   124.10     0.33
11   139.65  -102.74   124.10     0.33
11   147.48  -180.69   124.16     0.33
11   142.59  -192.44   124.16     0.33
11   131.82  -181.67   124.16     0.33
11   123.34  -175.80   124.16     0.33
11   111.26  -179.72   124.16     0.33
11    99.19  -160.14   124.16     0.33
11    68.51  -190.81   124.16     0.33
11    21.85  -160.47   124.16     0.33
11     9.45  -151.01   124.16     0.33
11    -4.26  -148.40   124.16     0.33
11   -20.25  -121.98   124.16     0.33
11   -24.49  -110.24   124.16     0.33
11   -35.58  -116.76   124.16     0.33
11    58.07  -218.53   124.16     0.33
11    77.98  -107.31   124.16     0.33
11    42.73   -55.77   124.44     0.33
11   122.03  -139.60   124.44     0.33
11    40.78   -99.15   125.24     0.33
11    28.70   -97.19   125.24     0.33
11    22.83  -109.59   125.24     0.33
11    22.83  -124.59   125.24     0.33
11   -28.73   -93.28   125.24     0.33
11    31.96  -149.06   125.24     0.33
11    36.53  -134.38   125.24     0.33
11    45.67  -170.26   125.24     0.33
11    23.48  -173.19   125.24     0.33
11    78.96  -194.07   125.24     0.33
11    75.04  -206.14   125.24     0.33
11    67.53  -212.66   125.24     0.33
11   142.92  -159.82   125.24     0.33
11   146.18  -148.73   125.24     0.33
11   135.08  -138.29   125.24     0.33
11   109.96   -80.56   125.24     0.33
11   115.83   -68.82   125.24     0.33
11    95.93   -77.62   125.24     0.33
11    95.60   -66.86   125.24     0.33
11    93.31   -59.03   125.24     0.33
11    83.20   -57.40   125.24     0.33
11    65.58   -46.31   125.24     0.33
11    65.90   -35.22   125.24     0.33
11    46.98   -42.40   125.24     0.33
11    88.75  -147.10   125.30     0.33
11    56.44  -117.42   125.35     0.33
11    15.65   -54.79   125.35     0.33
11    77.32   -46.64   125.35     0.33
11    16.30   -97.85   125.75     0.33
11    38.49  -117.74   125.81     0.33
11    46.65   -78.28   126.49     0.33
11    34.25   -81.21   126.49     0.33
11    43.39   -88.71   126.49     0.33
11    69.82   -59.68   126.49     0.33
11    79.61   -80.23   126.49     0.33
11    72.76   -88.06   126.49     0.33
11    88.75  -120.68   126.49     0.33
11   119.09  -111.87   126.49     0.33
11   134.43   -92.63   126.49     0.33
11   134.11   -81.86   126.49     0.33
11   137.04  -172.87   126.49     0.33
11   149.77  -167.32   126.49     0.33
11   -13.39  -155.25   126.49     0.33
11   -22.53  -151.01   126.49     0.33
11    -9.80  -127.53   126.49     0.33
11     5.21  -170.26   126.49     0.33
11     2.60  -196.35   126.49     0.33
11    45.67  -108.94   126.49     0.33
11   109.96  -128.18   126.49     0.33
11   125.62  -129.16   126.49     0.33
11    76.02   -34.24   126.49     0.33
11     3.57   -63.27   126.49     0.33
11   -40.48  -126.22   126.49     0.33
11   -24.49  -168.30   126.49     0.33
11    90.70  -187.54   126.49     0.33
11   101.15  -184.93   126.49     0.33
11   126.60  -189.50   126.49     0.33
11    79.94  -157.86   127.46     0.33
11    52.20  -209.72   127.46     0.33
11    44.69  -218.53   127.51     0.33
11    25.76  -183.96   127.46     0.33
11    50.89  -140.25   127.51     0.33
11    16.30   -84.47   127.51     0.33
11     8.47   -76.64   127.46     0.33
11    30.99   -46.64   128.65     0.33
11    26.74   -58.71   128.65     0.33
11    -1.32  -123.29   128.65     0.33
11    56.44   -85.78   128.65     0.33
11   131.49  -162.10   128.65     0.33
11   121.05  -158.51   128.65     0.33
11   148.46  -137.31   128.65     0.33
11    27.72   -87.41   128.65     0.33
11    54.48   -36.20   128.65     0.33
11   -18.94   -85.45   128.65     0.33
11   -23.84  -140.25   128.71     0.33
11    -3.60  -138.29   128.65     0.33
11    62.31  -200.92   128.71     0.33
11   115.50  -192.44   128.71     0.33
11   106.37  -200.26   128.71     0.33
11   127.58  -201.24   128.71     0.33
11   115.18  -205.16   128.71     0.33
11    94.95  -209.72   128.71     0.33
11    81.89  -218.53   128.71     0.33
11    70.15  -224.07   128.71     0.33
11    51.54   -96.87   129.39     0.33
11    55.13   -58.71   129.39     0.33
11   122.36   -78.28   129.39     0.33
11   -37.87  -104.70   129.39     0.33
11    98.21  -172.87   129.39     0.33
11   109.30  -100.78   130.13     0.33
11     4.23  -101.11   130.64     0.33
11    -3.93  -109.26   130.64     0.33
11   -18.62   -99.48   130.70     0.33
11    46.98  -126.22   130.70     0.33
11    59.70  -176.13   130.70     0.33
11    25.76  -135.03   130.70     0.33
11    31.64  -164.06   130.64     0.33
11   118.44   -91.98   130.70     0.33
11     7.49   -91.32   130.70     0.33
11    12.06  -110.24   132.35     0.33
11   105.39  -111.55   132.35     0.33
11   101.47  -123.29   132.35     0.33
11   112.57  -119.70   132.35     0.33
11    96.90  -102.09   132.35     0.33
11    92.99  -111.87   132.35     0.33
11    76.67   -67.51   132.35     0.33
11    -6.22   -81.86   132.35     0.33
11    -6.22   -65.56   132.35     0.33
11    76.35  -169.93   132.35     0.33
11    94.62  -198.31   132.35     0.33
11    86.79  -202.87   132.35     0.33
11    78.63  -130.46   133.43     0.33
11    61.99  -154.60   133.43     0.33
11    49.91  -159.17   133.48     0.33
11    42.41  -147.42   133.48     0.33
11   129.54  -149.38   133.43     0.33
11    85.48   -72.40   133.43     0.33
11    89.07   -45.01   133.43     0.33
11    87.44   -39.14   133.48     0.33
11   100.49   -50.23   133.43     0.33
11    36.21   -70.12   133.48     0.33
11    23.48   -74.69   133.43     0.33
11    13.69   -64.58   133.48     0.33
11    -7.19   -95.56   133.48     0.33
11   -15.03  -114.15   133.48     0.33
11   -30.69  -124.59   133.48     0.33
11    16.63  -198.63   133.48     0.33
11    14.02  -177.76   133.48     0.33
11    13.36  -159.82   133.48     0.33
11    75.04  -144.81   133.48     0.33
11    89.07   -88.06   133.94     0.33
11   106.69   -59.03   133.94     0.33
11    18.26  -148.08   133.94     0.33
11    -5.24  -166.99   134.00     0.33
11    26.42  -208.42   133.94     0.33
11    32.29  -216.90   134.00     0.33
11    48.28   -66.21   134.11     0.33
11   145.53  -192.11   134.56     0.33
11   139.00  -186.24   134.56     0.33
11   147.16  -178.08   134.56     0.33
11   127.58  -178.41   134.56     0.33
11   119.42  -170.26   134.56     0.33
11   117.14  -183.63   134.56     0.33
11   142.92  -125.24   134.56     0.33
11   146.83  -114.81   134.56     0.33
11   138.02  -109.91   134.56     0.33
11   132.15  -105.35   134.56     0.33
11   124.97  -119.70   134.56     0.33
11   127.91  -111.55   134.56     0.33
11   137.69  -119.05   134.56     0.33
11    82.55  -102.74   134.51     0.33
11   112.89  -163.41   134.56     0.33
11    99.84  -159.49   134.56     0.33
11    64.92  -191.46   134.56     0.33
11   -37.54  -117.42   134.56     0.33
11   -19.59  -121.00   134.56     0.33
11   -18.94  -130.79   134.56     0.33
11     2.27  -147.42   134.56     0.33
11    54.81  -129.16   134.62     0.33
11    25.44  -194.72   134.62     0.33
11    38.49   -56.75   134.62     0.33
11   -27.10  -110.57   134.62     0.33
11    50.89   -44.68   135.64     0.33
11    64.27   -37.50   135.64     0.33
11    79.61   -51.20   135.64     0.33
11    89.72   -53.49   135.64     0.33
11    68.19   -46.64   135.64     0.33
11   107.02   -74.04   135.64     0.33
11    96.58   -64.90   135.64     0.33
11    84.83   -61.97   135.64     0.33
11    95.93   -73.71   135.64     0.33
11   106.04   -83.82   135.64     0.33
11    34.90   -96.22   135.64     0.33
11    22.18  -109.59   135.64     0.33
11    27.72  -118.39   135.64     0.33
11    30.66  -128.83   135.64     0.33
11    39.14  -133.40   135.64     0.33
11    31.31  -147.10   135.64     0.33
11    22.50  -170.58   135.64     0.33
11    41.10  -167.65   135.64     0.33
11    78.30  -195.70   135.64     0.33
11    68.19  -210.05   135.64     0.33
11   129.86  -138.62   135.64     0.33
11   138.02  -136.33   135.70     0.33
11   138.02  -150.69   135.70     0.33
11   140.63  -157.86   135.70     0.33
11    87.77  -149.71   135.70     0.33
11    39.14  -117.74   136.21     0.33
11    19.56   -97.85   136.21     0.33
11   -39.83  -126.88   136.72     0.33
11   -18.94  -157.54   136.78     0.33
11   -23.51  -167.97   136.78     0.33
11   -11.44  -149.06   136.78     0.33
11     6.51  -171.56   136.78     0.33
11     6.19  -188.85   136.78     0.33
11    95.27  -187.22   136.78     0.33
11   104.08  -182.32   136.89     0.33
11   146.51  -165.36   136.89     0.33
11   150.75  -154.27   136.89     0.33
11   119.42  -130.79   136.89     0.33
11    60.68  -116.44   136.89     0.33
11    72.43   -87.41   136.89     0.33
11    83.20   -80.23   136.89     0.33
11    67.53   -60.99   136.89     0.33
11    46.65   -79.25   136.89     0.33
11    42.73   -87.73   136.89     0.33
11    42.41  -106.98   136.89     0.33
11   117.46  -107.31   136.89     0.33
11    51.54  -138.62   137.75     0.33
11    27.72  -181.67   137.75     0.33
11    52.85  -215.92   137.75     0.33
11    42.08  -225.05   137.75     0.33
11    10.43   -78.28   137.75     0.33
11     3.57   -70.45   137.75     0.33
11    81.24  -159.49   138.26     0.33
11    37.19  -156.56   138.26     0.33
11   133.78  -170.91   138.83     0.33
11   127.58  -161.12   138.83     0.33
11   151.73  -140.90   138.83     0.33
11   112.57  -193.41   138.83     0.33
11   104.74  -205.48   138.83     0.33
11   126.93  -191.46   138.83     0.33
11   135.41  -200.26   138.83     0.33
11   121.70  -202.87   138.83     0.33
11    40.78  -211.35   138.83     0.33
11    -4.58  -123.61   138.83     0.33
11    -6.87  -135.36   138.83     0.33
11   -23.18  -139.60   138.83     0.33
11   -26.77  -152.97   138.83     0.33
11    20.87   -87.73   138.83     0.33
11    32.94   -83.82   138.83     0.33
11    55.13   -86.43   138.83     0.33
11    24.79   -60.66   138.83     0.33
11    -2.95  -110.57   141.78     0.33
11   -18.94  -100.13   141.73     0.33
11    17.61  -133.40   141.73     0.33
11     4.23   -98.82   141.90     0.33
11     4.23   -88.06   141.90     0.33
11    53.18   -99.48   141.95     0.33
11    51.22   -57.07   142.07     0.33
11    60.36   -53.16   142.07     0.33
11    60.36   -45.98   142.07     0.33
11    78.30   -39.46   142.07     0.33
11    89.40  -122.96   142.18     0.33
11   102.45   -92.30   142.18     0.33
11   100.82  -141.23   142.18     0.33
11   130.52  -127.53   142.24     0.33
11    83.52  -136.66   142.30     0.33
11    25.11  -159.49   142.30     0.33
11    15.00  -118.07   142.41     0.33
11   103.76  -124.59   142.69     0.33
11   112.57  -113.50   142.69     0.33
11   101.15  -110.57   142.69     0.33
11    90.70   -98.50   142.69     0.33
11   108.33   -99.48   142.69     0.33
11    66.23   -95.89   142.81     0.33
11     9.12  -108.94   142.86     0.33
11    61.99  -170.26   143.09     0.33
11    78.63  -173.52   143.15     0.33
11   102.45  -174.82   143.21     0.33
11    85.81  -203.53   143.60     0.33
11    60.03  -201.57   143.60     0.33
11    60.68  -157.86   143.60     0.33
11    62.31  -143.18   143.66     0.33
11    46.65  -151.34   143.72     0.33
11    11.41  -161.78   143.72     0.33
11    15.97  -182.00   143.94     0.33
11    76.67   -69.14   144.06     0.33
11    36.86   -71.43   144.23     0.33
11    21.52   -77.62   144.23     0.33
11    54.81   -68.82   144.40     0.33
11    87.44  -111.55   144.46     0.33
11   113.87  -141.55   144.46     0.33
11    15.65  -146.12   144.57     0.33
11    -6.54  -168.30   144.57     0.33
11    -5.24  -181.67   144.57     0.33
11    53.18  -202.87   144.57     0.33
11   101.47  -162.75   144.57     0.33
11   117.46  -165.36   144.57     0.33
11   102.45  -153.62   144.57     0.33
11    -9.80  -102.74   144.57     0.33
11   -17.31  -117.09   144.57     0.33
11   -19.59  -128.18   144.57     0.33
11     5.86  -150.36   144.63     0.33
11    33.60  -195.70   144.68     0.33
11    38.17  -203.20   144.68     0.33
11    60.68  -210.05   144.68     0.33
11    30.33  -144.49   146.10     0.33
11    30.99  -129.16   146.16     0.33
11    20.22  -114.48   146.16     0.33
11    27.72  -100.78   146.16     0.33
11    44.69  -130.79   146.16     0.33
11    60.36  -131.77   146.22     0.33
11   131.82  -144.81   146.28     0.33
11   138.02  -133.73   146.28     0.33
11    67.21   -75.34   146.33     0.33
11    41.75  -165.04   146.33     0.33
11    21.20  -168.63   146.50     0.33
11    36.21  -116.76   146.67     0.33
11   -38.20  -125.24   146.96     0.33
11    95.27   -70.12   146.96     0.33
11    96.58   -61.64   147.01     0.33
11    85.48   -62.95   147.01     0.33
11    89.72   -54.79   147.01     0.33
11    83.20   -48.59   147.01     0.33
11    79.94   -54.14   147.01     0.33
11   134.43  -120.03   146.96     0.33
11   120.07  -106.65   146.96     0.33
11   116.81  -122.96   147.07     0.33
11    75.69  -196.35   147.30     0.33
11    47.30  -103.72   147.64     0.33
11    38.17   -97.19   147.70     0.33
11    44.69   -84.47   147.75     0.33
11    78.63   -84.15   147.87     0.33
11    94.29   -82.84   147.87     0.33
11   -16.66  -157.21   148.04     0.33
11   -10.13  -150.03   148.04     0.33
11    26.09   -90.67   149.46     0.33
11    17.61   -98.82   149.46     0.33
11    55.13   -83.49   150.03     0.33
11   111.59  -204.18   152.76     0.33
11   135.74  -180.04   152.93     0.33
11   101.15  -189.17   153.32     0.33
11   105.71   -97.85   153.55     0.33
11    85.16  -129.16   153.61     0.33
11   102.78  -121.33   153.72     0.33
11    88.09   -92.95   153.84     0.33
11    58.07  -161.12   153.89     0.33
11    61.99  -145.14   153.95     0.33
11    89.07  -173.84   154.46     0.33
11    99.51  -212.01   175.44     0.33
11    95.93  -193.74   175.44     0.33
11   103.43  -179.06   175.44     0.33
11    86.79  -191.78   174.98     0.33
11    74.39  -182.32   175.44     0.33
11    64.27  -185.26   175.50     0.33
11    73.08  -189.50   175.50     0.33
11    56.44  -179.72   175.50     0.33
11    72.10  -173.84   175.50     0.33
11    68.84  -161.45   175.50     0.33
11    61.66  -156.56   175.50     0.33
11    51.87  -169.60   175.50     0.33
11    40.78  -170.91   175.50     0.33
11    99.51  -159.17   175.50     0.33
11   106.69  -168.95   175.50     0.33
11   112.24  -181.35   175.50     0.33
11    92.99  -174.82   175.50     0.33
11    86.46  -164.06   175.50     0.33
11    92.34  -139.60   175.50     0.33
11   100.49  -139.27   175.50     0.33
11   105.39  -126.22   175.50     0.33
11   111.92  -116.11   175.50     0.33
11   107.02  -103.72   175.50     0.33
11    96.58  -114.48   175.50     0.33
11    92.01  -122.64   175.50     0.33
11    84.50  -112.52   175.50     0.33
11    93.31  -101.43   175.50     0.33
11    89.07   -93.93   175.50     0.33
11    70.80  -102.41   175.50     0.33
11    76.67   -94.58   175.50     0.33
11    54.81  -110.89   175.50     0.33
11    56.44  -122.31   175.50     0.33
11    76.67  -122.96   175.50     0.33
11   114.20  -196.68   168.67     0.33
11    62.64   -74.36   167.08     0.33
11    62.31   -64.58   165.83     0.33
11    91.03   -86.76   166.91     0.33
11   100.49   -86.43   164.52     0.33
11   103.43   -98.50   164.58     0.33
11    92.99   -98.50   163.96     0.33
11    85.48  -106.98   164.24     0.33
11   100.17  -115.13   164.24     0.33
11   108.33  -122.64   163.44     0.33
11   112.89  -144.49   163.84     0.33
11   115.83  -155.90   163.67     0.33
11   114.85  -181.35   163.67     0.33
11    92.99  -212.66   162.82     0.33
11    91.68  -195.70   162.14     0.33
11    98.54  -183.63   162.25     0.33
11   107.02  -174.17   161.97     0.33
11   100.17  -158.84   161.62     0.33
11    93.64  -145.47   161.17     0.33
11   129.86  -126.55   160.49     0.33
11   106.69  -109.91   160.60     0.33
11    86.46  -155.58   160.09     0.33
11    79.94  -167.97   160.26     0.33
11    72.10  -161.12   159.86     0.33
11    77.00  -199.29   160.20     0.33
11    69.17  -196.35   159.58     0.33
11    57.09  -198.31   159.86     0.33
11    56.77  -210.05   159.41     0.33
11    50.57  -226.36   159.63     0.33
11    67.21  -207.11   159.24     0.33
11    45.02  -166.99   158.90     0.33
11    44.69  -151.66   158.90     0.33
11    44.69  -136.99   158.90     0.33
11    56.44  -136.01   157.30     0.33
11    70.47  -134.38   157.53     0.33
11    77.32   -96.87   156.39     0.33
11    78.63  -117.74   156.22     0.33
11    47.30  -115.79   156.05     0.33
11    59.38  -106.33   155.94     0.33
11    63.62   -93.93   155.94     0.33
11    81.24   -71.75   154.86     0.33
11    14.34  -131.12   153.15     0.33
11    -1.97  -133.73   152.47     0.33
11    -9.48  -121.98   152.47     0.33
11     2.27   -92.63   151.79     0.33
11    38.82  -177.11    14.89     0.33
11    56.77  -156.56    15.07     0.33
11    79.94  -138.29    15.35     0.33
11   103.76  -129.81    15.69     0.33
11    69.82  -146.12    15.80     0.33
11    46.98  -136.33    15.92     0.33
11    18.26  -137.64    16.71     0.33
11    45.02  -101.11    16.71     0.33
12    55.46  -157.21    26.38     0.33
12    20.87  -135.68    26.78     0.33
12    64.60   -98.50    27.69     0.33
12    32.62   -90.02    32.69     0.33
12    39.47  -169.28    28.65     0.33
12    29.68  -165.69    28.65     0.33
12    25.44  -146.12    28.71     0.33
12    43.39  -135.36    28.77     0.33
12    45.67  -147.10    28.99     0.33
12    19.24  -117.42    29.45     0.33
12    52.85  -151.66    38.43     0.33
12    64.60   -98.82    38.43     0.33
12    82.87  -173.52    38.43     0.33
12    46.00  -159.49    38.71     0.33
12    18.59  -131.77    38.89     0.33
12    33.27  -163.41    38.94     0.33
12    37.19  -173.19    38.94     0.33
12    29.35  -179.39    38.94     0.33
12    15.32  -169.60    54.12     0.33
12    43.39  -166.02    47.07     0.33
12    39.80  -154.93    47.98     0.33
12    43.71  -149.71    48.27     0.33
12    62.64  -158.19    48.55     0.33
12    92.34  -163.73    46.90     0.33
12    82.22  -108.28    47.36     0.33
12    70.80  -107.63    47.53     0.33
12    72.43  -114.81    47.53     0.33
12    78.63   -96.22    47.58     0.33
12    26.09  -135.36    47.70     0.33
12    26.09  -127.85    47.70     0.33
12   -15.03  -126.88    48.49     0.33
12     3.57  -133.73    52.36     0.33
12    28.70  -177.43    52.30     0.33
12    39.80  -102.74    54.86     0.33
12    43.39  -110.57    54.92     0.33
12    99.19   -99.48    56.51     0.33
12   136.39  -109.26    48.04     0.33
12   138.67  -101.43    53.95     0.33
12    57.74  -178.41    54.01     0.33
12    49.26  -182.32    53.78     0.33
12    39.14  -182.00    54.18     0.33
12    89.07  -172.87    54.18     0.33
12   101.80  -146.12    54.35     0.33
12    84.18  -164.71    54.35     0.33
12    84.83  -152.32    54.35     0.33
12    14.34  -110.24    54.52     0.33
12   -20.57  -118.72    54.63     0.33
12   -21.88  -108.94    54.75     0.33
12    10.75   -71.10    54.92     0.33
12    21.85   -81.54    55.03     0.33
12   106.69  -118.72    59.01     0.33
12    64.60  -108.94    59.12     0.33
12    47.95   -62.29    59.12     0.33
12    79.61  -101.43    59.29     0.33
12    81.89  -113.50    59.35     0.33
12    92.99  -113.50    59.29     0.33
12    30.01  -125.90    59.58     0.33
12    39.47   -86.76    59.58     0.33
12    25.11   -95.24    59.58     0.33
12    11.73   -97.85    59.58     0.33
12     1.29   -83.17    59.75     0.33
12    85.81  -195.05    59.75     0.33
12   100.82  -186.89    59.75     0.33
12   108.33  -178.41    59.75     0.33
12   111.92  -168.30    59.75     0.33
12   123.34  -163.41    59.75     0.33
12   122.03  -152.64    59.86     0.33
12   107.02  -154.27    60.66     0.33
12    41.10  -176.13    60.72     0.33
12    70.15  -125.90    63.05     0.33
12    62.97   -77.30    63.27     0.33
12   -15.35   -75.01    63.27     0.33
12    43.39  -207.77    63.73     0.33
12    46.00  -185.59    64.18     0.33
12   -14.70  -170.26    64.18     0.33
12   -27.75  -166.34    64.35     0.33
12   -30.36  -157.21    64.35     0.33
12    63.62  -182.65    64.18     0.33
12    95.60  -174.17    64.18     0.33
12    87.44  -178.41    64.18     0.33
12    95.93  -123.94    64.18     0.33
12    78.96  -133.73    64.18     0.33
12    92.66  -137.31    64.18     0.33
12    45.67  -152.64    64.18     0.33
12    11.08  -166.02    64.18     0.33
12    62.64  -170.58    64.64     0.33
12    82.87  -149.38    64.64     0.33
12    83.20  -168.95    64.64     0.33
12   100.82  -143.18    64.64     0.33
12    15.65  -109.59    64.64     0.33
12   -10.13  -129.48    64.64     0.33
12    10.75  -134.38    64.64     0.33
12    34.90  -183.30    64.70     0.33
12   -29.06  -138.94    64.64     0.33
12    -8.17   -82.19    64.64     0.33
12     0.64   -62.29    64.64     0.33
12    34.90   -54.47    64.92     0.33
12    40.12  -103.72    65.26     0.33
12    41.43  -115.13    65.26     0.33
12    20.54   -79.58    65.26     0.33
12    33.60   -80.56    65.26     0.33
12    97.23   -99.15    67.31     0.33
12   100.82  -107.96    67.31     0.33
12   -24.82  -110.57    67.48     0.33
12    69.49  -151.99    67.54     0.33
12    24.79   -93.28    70.10     0.33
12    43.39   -90.02    70.21     0.33
12    30.01  -128.18    70.27     0.33
12    52.52   -63.60    70.27     0.33
12    45.67   -56.42    70.27     0.33
12    14.67   -73.71    70.27     0.33
12    34.58   -94.91    70.27     0.33
12    69.82   -85.45    70.27     0.33
12    90.05  -107.96    70.32     0.33
12    80.91   -98.50    70.32     0.33
12    62.31  -109.91    70.32     0.33
12   106.04  -120.35    70.32     0.33
12    85.16  -126.88    70.32     0.33
12    86.79  -195.05    70.32     0.33
12    97.56  -188.52    70.32     0.33
12   108.65  -189.17    70.32     0.33
12   116.48  -166.67    70.32     0.33
12   122.68  -165.04    70.10     0.33
12   121.05  -153.30    70.38     0.33
12   127.58  -114.48    70.38     0.33
12   127.25   -83.49    70.49     0.33
12   108.00  -176.78    70.55     0.33
12    27.07   -75.67    70.55     0.33
12    48.28  -174.82    71.01     0.33
12    37.51  -174.82    71.01     0.33
12   -11.76   -75.34    73.85     0.33
12    11.41   -82.84    74.30     0.33
12   -12.74  -169.93    74.42     0.33
12   -32.00  -155.90    74.70     0.33
12    46.32  -184.93    74.70     0.33
12    44.04  -209.40    75.04     0.33
12    93.31  -139.92    75.04     0.33
12   100.82  -128.51    75.04     0.33
12    85.48  -134.38    75.04     0.33
12    75.69  -132.42    75.04     0.33
12    83.52  -146.77    75.10     0.33
12     2.60   -61.97    75.10     0.33
12    30.99   -54.79    75.04     0.33
12    11.73  -128.83    75.10     0.33
12   -19.92   -88.71    75.10     0.33
12    -4.26  -128.83    75.10     0.33
12   -29.71  -141.23    75.10     0.33
12   -26.77  -165.36    75.21     0.33
12    91.68  -178.08    75.27     0.33
12    37.19  -104.70    75.27     0.33
12    44.37  -115.79    75.44     0.33
12    37.51   -80.23    75.55     0.33
12    22.83   -82.84    75.67     0.33
12    12.39  -103.72    75.78     0.33
12    64.92  -177.11    76.01     0.33
12     5.86  -121.00    76.01     0.33
12     5.86  -173.52    80.10     0.33
12    99.19  -113.50    80.39     0.33
12   106.69  -137.31    78.34     0.33
12   -11.44   -98.82    79.14     0.33
12   -20.90  -107.96    79.14     0.33
12    85.81  -162.75    79.31     0.33
12    75.04  -142.86    79.76     0.33
12    95.93   -83.49    80.04     0.33
12   117.79  -162.75    80.61     0.33
12   104.41  -179.39    81.07     0.33
12    41.43  -165.04    81.24     0.33
12    38.17  -181.67    81.30     0.33
12    84.50  -105.02    81.47     0.33
12     5.21  -138.94    81.52     0.33
12    15.97   -72.73    81.52     0.33
12    32.29   -66.53    81.58     0.33
12    23.81   -69.80    81.58     0.33
12    17.61   -64.58    81.58     0.33
12    28.05  -107.31    81.69     0.33
12    21.20  -115.46    81.86     0.33
12   -18.29  -114.15    81.86     0.33
12    -9.80  -143.84    81.86     0.33
12    -0.99  -156.88    81.98     0.33
12    55.46  -174.50    82.38     0.33
12    50.24  -196.02    82.72     0.33
12    42.41  -195.37    83.06     0.33
12    58.07  -194.39    83.11     0.33
12    58.07  -184.28    83.11     0.33
12   110.94  -127.53    83.34     0.33
12   109.63  -114.15    83.57     0.33
12    38.49   -47.62    83.74     0.33
12    46.32   -84.80    84.19     0.33
12    69.17   -84.15    84.25     0.33
12    70.15  -100.78    84.25     0.33
12    67.86  -113.18    84.37     0.33
12    68.19  -119.37    84.42     0.33
12    14.34   -83.49    84.48     0.33
12   -14.37   -80.56    84.54     0.33
12   -11.76   -65.88    84.54     0.33
12    -5.56   -74.36    84.54     0.33
12     8.47   -99.80    84.59     0.33
12   -21.55  -152.32    85.16     0.33
12   -32.65  -154.60    85.16     0.33
12   -31.02  -139.92    85.22     0.33
12    -1.65  -130.46    85.22     0.33
12   -28.08  -162.43    85.22     0.33
12    11.41  -125.90    85.22     0.33
12     1.29   -57.73    85.33     0.33
12    38.17  -102.41    85.33     0.33
12   -19.27   -87.73    85.50     0.33
12    -7.85   -87.73    85.67     0.33
12    97.23  -145.47    85.84     0.33
12    92.01  -176.13    85.90     0.33
12    54.81  -159.82    85.96     0.33
12    31.64   -56.75    85.96     0.33
12     7.16  -160.14    85.96     0.33
12    21.85  -160.14    85.96     0.33
12   112.57  -137.64    88.91     0.33
12   105.71   -94.58    88.91     0.33
12    69.82  -181.02    88.91     0.33
12    63.29  -169.28    88.91     0.33
12    35.23   -86.43    88.91     0.33
12    77.32  -166.67    89.65     0.33
12    97.56  -157.21    89.65     0.33
12    88.42  -163.73    89.65     0.33
12    51.22   -72.73    89.82     0.33
12   -16.98   -98.82    89.60     0.33
12    33.27  -163.08    89.60     0.33
12    45.67  -157.54    89.65     0.33
12    21.85  -168.95    90.11     0.33
12    24.79  -186.56    90.11     0.33
12    92.34   -82.19    90.16     0.33
12    97.23  -132.75    90.16     0.33
12   -19.27  -135.68    89.99     0.33
12   105.06   -50.55    90.11     0.33
12   134.11  -175.47    90.11     0.33
12   135.08  -202.55    90.11     0.33
12    -1.65  -176.13    90.22     0.33
12    22.18   -48.59    90.22     0.33
12   121.70  -160.80    91.07     0.33
12   104.08  -180.69    91.13     0.33
12    83.85  -140.57    91.13     0.33
12    85.16  -126.22    91.13     0.33
12    99.51  -115.46    91.13     0.33
12    -3.28  -164.39    91.13     0.33
12    98.21   -91.00    91.13     0.33
12    46.65   -55.44    91.13     0.33
12    58.07   -62.62    91.19     0.33
12     1.62   -84.80    91.24     0.33
12     3.90   -70.12    91.30     0.33
12    38.17  -181.67    91.87     0.33
12    41.75  -168.30    91.87     0.33
12    26.42  -108.61    91.93     0.33
12    -4.91  -102.41    91.93     0.33
12    84.83  -104.37    91.93     0.33
12   102.78  -168.95    91.87     0.33
12   111.92  -163.08    91.87     0.33
12    21.52   -72.08    91.87     0.33
12    34.25   -72.08    91.87     0.33
12   -10.46  -127.53    91.87     0.33
12   112.89  -110.24    95.05     0.33
12   116.48  -128.18    95.05     0.33
12    65.90   -79.58    95.05     0.33
12    36.86   -47.29    95.05     0.33
12   -12.09   -66.21    95.05     0.33
12    -9.48   -77.30    95.05     0.33
12    11.08  -104.04    95.05     0.33
12    11.73   -92.30    95.05     0.33
12    13.04   -75.67    95.05     0.33
12    13.04   -56.75    95.05     0.33
12   104.74  -189.17    95.45     0.33
12    93.97  -186.89    95.45     0.33
12   -26.77  -159.82    95.45     0.33
12   -23.84  -149.38    95.45     0.33
12    40.12  -197.98    97.55     0.33
12    52.85  -197.00    97.55     0.33
12    90.05  -175.80    97.55     0.33
12    15.00  -127.20    97.55     0.33
12    30.33   -57.73    97.61     0.33
12    34.58  -105.35    97.61     0.33
12    58.07  -122.31    97.61     0.33
12    34.58  -163.73   100.06     0.33
12    26.42  -164.39   100.06     0.33
12    43.71  -159.82   100.06     0.33
12   108.00  -142.86    99.37     0.33
12   118.12  -137.64    99.32     0.33
12   104.41   -91.65    99.37     0.33
12    96.90  -143.51    99.37     0.33
12   113.22  -177.76    99.37     0.33
12     1.62   -54.79    99.37     0.33
12    -7.52   -87.08   100.28     0.33
12    16.95  -170.26   100.28     0.33
12     6.84  -156.56   100.28     0.33
12     1.29  -172.21   100.28     0.33
12    46.65   -74.36   100.28     0.33
12    17.61   -47.29   100.28     0.33
12    96.90   -81.86   100.28     0.33
12   134.76  -178.41   100.28     0.33
12    98.21  -134.70   100.28     0.33
12   119.09  -118.72   100.28     0.33
12   101.47  -106.98   100.34     0.33
12    95.93  -161.12   100.00     0.33
12    29.35  -181.35   100.40     0.33
12    -6.54  -182.32   100.45     0.33
12    33.27  -136.66   100.45     0.33
12    44.37  -134.05   100.45     0.33
12    77.65  -169.60   100.51     0.33
12     9.12   -66.53   101.93     0.33
12    22.83   -66.53   101.93     0.33
12    -4.26  -162.10   101.93     0.33
12   105.06  -170.91   101.93     0.33
12   121.70  -160.47   101.93     0.33
12    98.54  -125.57   101.93     0.33
12   104.74  -114.81   101.93     0.33
12    81.24  -136.01   102.10     0.33
12    90.70  -130.14   102.10     0.33
12    24.79  -107.96   102.22     0.33
12    -2.30  -104.37   102.22     0.33
12   -12.09  -101.11   102.27     0.33
12   -10.46  -131.44   102.44     0.33
12    43.71   -60.01   103.13     0.33
12    44.69   -48.92   103.13     0.33
12     1.29   -67.51   103.13     0.33
12    13.36  -105.02   105.68     0.33
12    -5.56   -77.30   105.68     0.33
12    -5.89   -64.90   105.68     0.33
12    65.25   -78.28   105.68     0.33
12    55.46   -97.85   105.68     0.33
12    56.44   -60.99   105.97     0.33
12   105.06  -182.65   105.97     0.33
12   100.82  -192.11   105.97     0.33
12    91.03  -107.96   106.08     0.33
12   110.61  -130.14   106.08     0.33
12   110.94  -123.29   106.08     0.33
12   111.59  -109.91   106.08     0.33
12    18.59  -180.37   106.20     0.33
12     7.16  -123.61   106.20     0.33
12    34.90   -45.98   106.20     0.33
12    97.56  -165.04   110.35     0.33
12    40.45  -162.43   110.23     0.33
12    27.40  -166.34   110.52     0.33
12    82.55  -171.89   110.57     0.33
12    98.86  -136.33   110.63     0.33
12    97.56  -148.73   110.69     0.33
12    34.90  -106.33   110.86     0.33
12   -13.39   -90.02   110.86     0.33
12     0.64   -86.76   110.86     0.33
12   101.15   -93.93   110.86     0.33
12    98.21   -82.52   110.86     0.33
12   107.35   -57.40   110.86     0.33
12    43.06  -194.07   112.85     0.33
12    31.96  -195.37   112.85     0.33
12   105.06  -171.23   112.90     0.33
12    12.71  -130.14   113.02     0.33
12   -14.70  -137.64   112.96     0.33
12    -6.54  -163.73   113.02     0.33
12    22.83   -68.49   113.30     0.33
12     2.27  -111.22   118.65     0.33
12    52.20   -99.15   118.65     0.33
12    91.03  -110.24   118.76     0.33
12    57.42   -63.60   118.76     0.33
12    57.74   -54.79   118.76     0.33
12    58.72   -97.85   118.76     0.33
12    80.59   -93.93   118.76     0.33
12     7.49  -123.61   118.76     0.33
12    -1.32   -73.71   119.50     0.33
12    18.91  -191.78   119.56     0.33
12    12.71  -183.96   119.56     0.33
12     4.23  -186.24   119.56     0.33
12    60.03  -162.10   119.56     0.33
12    72.10  -179.72   119.56     0.33
12    57.42  -193.74   119.56     0.33
12   112.57  -121.98   120.07     0.33
12    85.48  -138.62   120.07     0.33
12    52.52  -130.14   120.07     0.33
12    11.73  -107.63   120.18     0.33
12     3.90   -97.19   120.18     0.33
12    -5.89  -104.37   120.18     0.33
12   -16.98  -101.11   120.18     0.33
12    46.32  -123.61   120.18     0.33
12    15.32  -139.92   120.18     0.33
12    29.35  -139.27   120.18     0.33
12     2.27  -158.84   120.18     0.33
12   117.14  -102.74   120.24     0.33
12   124.64  -119.70   120.24     0.33
12    81.57  -171.23   121.66     0.33
12    99.84  -147.75   121.66     0.33
12    94.95  -137.97   121.66     0.33
12   104.74  -141.23   121.66     0.33
12    32.62  -106.33   122.00     0.33
12   101.15   -94.58   122.06     0.33
12   109.30   -91.32   122.06     0.33
12    97.88   -86.10   122.06     0.33
12    -2.63   -85.45   122.06     0.33
12   -12.09   -90.02   122.06     0.33
12    90.70  -156.88   122.06     0.33
12    90.70  -167.32   122.06     0.33
12    65.58  -138.29   122.06     0.33
12    74.06  -132.42   122.06     0.33
12    65.25  -120.68   122.06     0.33
12    14.67  -118.07   122.06     0.33
12   109.96   -60.34   123.82     0.33
12   108.65  -171.89   123.82     0.33
12    44.37  -192.76   123.82     0.33
12    37.51  -193.09   123.82     0.33
12    30.66  -198.63   123.82     0.33
12    42.08  -202.22   123.82     0.33
12   -15.35  -136.01   123.82     0.33
12    70.15   -76.32   123.82     0.33
12   -11.76  -143.84   129.90     0.33
12   -33.30  -143.84   129.90     0.33
12   -28.41  -162.43   129.90     0.33
12   -15.03  -173.52   129.90     0.33
12    -5.24  -185.26   129.90     0.33
12    18.26  -188.52   129.90     0.33
12    41.75  -183.96   129.90     0.33
12    33.27  -174.50   129.90     0.33
12    64.27  -166.67   129.90     0.33
12    68.84  -175.80   130.24     0.33
12    81.24   -96.22   130.24     0.33
12   124.97   -97.19   130.24     0.33
12    57.09   -72.40   130.24     0.33
12    60.36   -51.53   130.30     0.33
12    53.50   -50.88   130.30     0.33
12    84.18  -136.33   130.30     0.33
12    55.79  -194.07   130.30     0.33
12     6.19  -133.07   130.30     0.33
12    14.02  -139.27   131.32     0.33
12    59.05  -107.63   132.12     0.33
12    70.47  -107.31   132.12     0.33
12    67.53  -125.57   132.18     0.33
12    67.86  -139.92   132.18     0.33
12    99.84   -94.91   132.18     0.33
12   109.96   -92.30   132.18     0.33
12   101.80  -137.31   132.18     0.33
12   101.47  -148.08   132.18     0.33
12    87.77  -170.58   132.18     0.33
12    79.94  -182.32   132.18     0.33
12    32.29  -105.35   132.18     0.33
12    92.01  -132.09   132.18     0.33
12    13.04  -125.90   132.18     0.33
12     5.53  -114.15   132.18     0.33
12   113.22  -152.97   132.29     0.33
12   112.24  -138.94   132.35     0.33
12    66.23   -96.87   132.35     0.33
12    54.81  -184.28   132.35     0.33
12    -0.02  -159.49   132.35     0.33
12     5.53  -181.02   132.35     0.33
12    63.29  -133.07   132.35     0.33
12    36.53  -194.39   134.17     0.33
12    36.86  -200.59   134.17     0.33
12    49.59  -201.24   134.17     0.33
12    65.25   -81.21   134.34     0.33
12    68.84   -72.40   134.34     0.33
12    92.34  -163.41   135.93     0.33
12    69.49  -157.86   136.27     0.33
12   112.57  -175.80   136.50     0.33
12    33.27  -173.19   141.61     0.33
12    44.69  -193.09   141.61     0.33
12    45.67  -182.98   141.61     0.33
12    82.55   -95.56   141.61     0.33
12   123.99   -93.28   141.61     0.33
12    58.07   -72.73   141.61     0.33
12    65.90  -176.45   141.61     0.33
12    52.85  -121.33   141.61     0.33
12    79.94  -119.70   141.61     0.33
12    53.18  -172.54   142.41     0.33
12    80.26  -184.93   142.41     0.33
12    86.46  -177.76   142.41     0.33
12   117.14  -154.27   142.41     0.33
12    95.27  -134.05   142.41     0.33
12    68.51  -122.96   142.41     0.33
12    69.49  -106.33   142.35     0.33
12    58.40  -108.28   142.52     0.33
12    -1.32  -157.86   142.69     0.33
12   -12.74  -141.55   142.69     0.33
12   -12.42  -171.23   142.69     0.33
12     3.90  -134.05   142.69     0.33
12     5.86  -125.90   142.69     0.33
12    66.56  -138.62   143.89     0.33
12    76.35  -215.59   145.19     0.33
12    93.31  -162.75   147.98     0.33
12    71.78  -160.80   148.04     0.33
12    72.76  -147.42   148.04     0.33
12    67.53  -185.91   148.04     0.33
12    54.81  -191.46   148.04     0.33
12    55.46  -180.37   148.04     0.33
12    84.83  -152.97   148.26     0.33
12   110.61  -173.19   148.26     0.33
12    66.23  -175.80   151.96     0.33
12    44.37  -177.43   152.30     0.33
12    44.69  -189.83   152.30     0.33
12    35.88  -176.13   152.41     0.33
12    72.10  -125.24   152.41     0.33
12    80.59  -184.28   152.41     0.33
12    60.36  -122.31   152.41     0.33
12    69.17  -108.28   152.41     0.33
12    97.23  -135.68   152.41     0.33
12   116.16  -151.66   152.41     0.33
12    98.86  -169.93   174.70     0.33
12    76.67  -218.20   158.21     0.33
12    81.89  -203.85   170.38     0.33
12    88.42  -225.38   170.61     0.33
12    67.53  -127.53   170.78     0.33
12    67.86  -113.83   171.52     0.33
12    85.16  -180.69   165.55     0.33
12    61.01  -170.91   169.36     0.33
12    72.10  -186.89   160.03     0.33
12    59.38  -186.89   159.98     0.33
12    53.83  -176.45   160.66     0.33
12    77.65  -148.40   161.23     0.33
12    38.82  -181.35   170.55     0.33
12    65.58  -197.98   170.55     0.33
12    83.20  -140.25   164.92     0.33
