11   172.22  -144.21    -1.00     0.32
11   165.72  -136.07    -4.00     0.32
11   155.32  -144.21    -4.00     0.32
11   181.31  -173.50    -6.00     0.32
11   184.89  -177.73    -6.00     0.32
11   146.55  -124.02   -10.00     0.32
11   147.20  -134.11   -10.00     0.32
11   138.10  -116.54   -11.00     0.32
11   130.62  -129.88   -11.00     0.32
11   195.29  -199.87   -10.00     0.32
11   200.81  -196.61   -10.00     0.32
11   206.01  -202.80   -10.00     0.32
11   205.36  -193.03   -10.00     0.32
11   217.38  -143.55   -10.00     0.32
11   184.24  -135.42   -10.00     0.32
11   175.14  -137.04   -10.00     0.32
11   172.22  -123.37   -10.00     0.32
11   176.76  -119.79   -10.00     0.32
11   145.90  -156.90   -15.00     0.32
11   135.82  -152.34   -15.00     0.32
11   145.90  -149.09   -15.00     0.32
11   141.02  -142.90   -15.00     0.32
11   128.02  -138.02   -16.00     0.32
11   119.25  -135.74   -16.00     0.32
11   162.14  -176.11   -15.00     0.32
11   161.82  -166.67   -15.00     0.32
11   157.59  -121.74   -15.00     0.32
11   153.69  -135.74   -15.00     0.32
11   204.38  -179.36   -18.00     0.32
11   253.12  -167.97   -22.00     0.32
11   246.30  -158.20   -22.00     0.32
11   249.23  -149.41   -22.00     0.32
11   239.48  -143.88   -25.00     0.32
11   247.60  -135.09   -25.00     0.32
11   242.73  -126.63   -25.00     0.32
11   239.48  -136.07   -23.00     0.32
11   264.82  -177.08   -29.00     0.32
11   264.82  -166.67   -29.00     0.32
11   257.67  -155.60   -29.00     0.32
11   262.55  -184.57   -29.00     0.32
11   263.20  -188.80   -29.00     0.32
11   243.70  -218.10   -31.00     0.32
11   232.00  -224.28   -31.00     0.32
11   210.88  -229.49   -31.00     0.32
11   207.31  -219.73   -31.00     0.32
11   215.11  -216.15   -31.00     0.32
11   214.78  -206.38   -31.00     0.32
11   219.66  -213.54   -31.00     0.32
11   225.83  -210.61   -31.00     0.32
11   220.31  -201.50   -31.00     0.32
11   204.71  -133.46    -6.00     0.32
11   221.93  -210.61   -18.00     0.32
11   218.03  -198.57   -18.00     0.32
11   191.39  -197.59   -18.00     0.32
11   193.34  -202.80   -18.00     0.32
11   183.26  -197.92   -18.00     0.32
11   177.74  -135.42   -24.00     0.32
11   184.56  -141.60   -24.00     0.32
11   131.92  -110.03   -28.00     0.32
11   196.91  -208.66   -28.00     0.32
11   197.56  -195.64   -28.00     0.32
11   236.88  -173.18   -28.00     0.32
11   236.88  -165.36   -28.00     0.32
11   225.18  -164.39   -28.00     0.32
11   126.40  -111.33   -40.00     0.32
11   173.19  -101.89   -40.00     0.32
11   193.34   -86.91   -40.00     0.32
11   193.66   -94.73   -40.00     0.32
11   212.18   -98.31   -40.00     0.32
11   228.75  -166.02   -39.00     0.32
11   236.55  -165.36   -39.00     0.32
11   241.75  -180.66   -39.00     0.32
11   244.68  -175.13   -39.00     0.32
11   254.10  -174.48   -39.00     0.32
11   251.50  -166.67   -39.00     0.32
11   242.08  -156.90   -39.00     0.32
11   150.12  -110.35   -41.00     0.32
11   204.38  -223.31   -31.00     0.32
11   118.28  -161.78   -32.00     0.32
11   125.42  -159.18   -32.00     0.32
11   114.38  -145.83   -32.00     0.32
11   122.83  -144.53   -32.00     0.32
11   122.83  -130.86   -32.00     0.32
11   131.60  -145.18   -31.00     0.32
11   141.35  -111.00   -31.00     0.32
11   156.94  -131.84   -31.00     0.32
11   164.09  -128.58   -31.00     0.32
11   203.73  -105.47   -34.00     0.32
11   211.53  -112.96   -34.00     0.32
11   201.46   -96.68   -36.00     0.32
11   224.86  -127.60   -38.00     0.32
11   233.30  -131.18   -38.00     0.32
11   242.73  -120.12   -38.00     0.32
11   229.08  -107.42   -38.00     0.32
11   273.60  -168.29   -51.00     0.32
11   278.14  -160.16   -52.00     0.32
11   277.17  -194.01   -52.00     0.32
11   263.20  -199.87   -52.00     0.32
11   259.62  -202.47   -52.00     0.32
11   261.25  -207.36   -52.00     0.32
11   185.54  -223.63   -55.00     0.32
11   153.37  -178.06   -70.00     0.32
11   157.27  -185.87   -70.00     0.32
11   148.82  -204.10   -81.00     0.32
11   154.99  -212.89   -81.00     0.32
11   157.59  -200.52   -81.00     0.32
11   177.09  -219.73   -81.00     0.32
11   253.45  -207.68   -80.00     0.32
11   196.26  -229.82   -74.00     0.32
11   197.89  -218.10   -74.00     0.32
11   165.07  -217.45   -74.00     0.32
11   183.26  -118.16   -73.00     0.32
11   182.61  -110.03   -73.00     0.32
11   193.01  -115.56   -73.00     0.32
11   201.78  -113.28   -73.00     0.32
11   171.89  -187.83   -27.00     0.32
11   187.49  -181.97   -27.00     0.32
11   182.29  -175.13   -27.00     0.32
11   190.09  -154.30   -31.00     0.32
11   199.51  -149.09   -31.00     0.32
11   252.47  -171.88   -31.00     0.32
11   248.58  -163.74   -31.00     0.32
11   242.73  -160.81   -31.00     0.32
11   247.60  -149.74   -31.00     0.32
11   138.10  -130.53   -18.00     0.32
11   127.37  -121.74   -18.00     0.32
11   123.15  -146.16   -22.00     0.32
11   129.32  -161.78   -24.00     0.32
11   142.97  -133.46   -34.00     0.32
11   137.77  -148.76   -34.00     0.32
11   140.37  -122.07   -34.00     0.32
11   191.39  -132.49   -38.00     0.32
11   207.31  -227.21   -72.00     0.32
11   221.93  -219.08   -72.00     0.32
11   232.98  -217.45   -72.00     0.32
11   227.45  -228.84   -72.00     0.32
11   208.93  -214.84   -72.00     0.32
11   182.94  -214.52   -72.00     0.32
11   250.52  -152.99   -87.00     0.32
11   266.45  -150.72   -87.00     0.32
11   267.75  -163.41   -87.00     0.32
11   251.82  -168.62   -87.00     0.32
11   202.76  -202.15   -84.00     0.32
11   183.59  -201.82   -84.00     0.32
11   202.11  -220.38   -84.00     0.32
11   210.23  -217.12   -84.00     0.32
11   231.68  -121.42   -70.00     0.32
11   240.13  -141.60   -70.00     0.32
11   164.09  -127.28   -67.00     0.32
11   154.34  -132.16   -67.00     0.32
11   167.99  -109.70   -67.00     0.32
11   163.44  -106.12   -67.00     0.32
11   136.15  -114.58   -67.00     0.32
11   181.31  -171.88   -48.00     0.32
11   173.84  -158.20   -48.00     0.32
11   189.44  -144.21   -50.00     0.32
11   245.65  -151.37   -42.00     0.32
11   254.10  -154.95   -42.00     0.32
11   270.35  -169.92   -42.00     0.32
11   270.35  -180.66   -42.00     0.32
11   210.88  -200.20   -44.00     0.32
11   200.48  -202.15   -44.00     0.32
11   208.61  -205.40   -44.00     0.32
11   197.89  -220.70   -44.00     0.32
11   218.68  -235.35   -37.00     0.32
11   195.29  -212.24   -37.00     0.32
11   117.30  -139.00   -27.00     0.32
11   128.02  -137.04   -27.00     0.32
11   134.85  -127.28   -27.00     0.32
11   128.67  -118.82   -27.00     0.32
11   153.37  -114.91   -27.00     0.32
11   239.15  -171.55   -17.00     0.32
11   236.55  -180.34   -17.00     0.32
11   157.92  -132.49   -52.00     0.32
11   167.02  -139.00   -52.00     0.32
11   144.92  -140.95   -52.00     0.32
11   144.27  -131.51   -52.00     0.32
11   127.05  -132.16   -52.00     0.32
11   141.02  -100.91   -52.00     0.32
11   171.24   -92.45   -52.00     0.32
11   253.12  -192.71   -49.00     0.32
11   249.23  -186.85   -49.00     0.32
11   177.41  -153.97   -64.00     0.32
11   168.97  -169.60   -64.00     0.32
11   179.36  -179.36   -64.00     0.32
11   191.06  -174.48   -64.00     0.32
11   196.59  -158.53   -64.00     0.32
11   187.16  -150.39   -64.00     0.32
11   214.78  -140.63   -64.00     0.32
11   193.66  -121.74   -64.00     0.32
11   214.13  -116.21   -64.00     0.32
11   189.76  -113.93   -64.00     0.32
11   130.62  -151.04   -68.00     0.32
11   250.52  -152.02   -64.00     0.32
11   254.10  -158.20   -64.00     0.32
11   252.47  -172.85   -64.00     0.32
11   256.70  -144.86   -64.00     0.32
11   249.23  -129.56   -64.00     0.32
11   248.90  -119.79   -64.00     0.32
11   206.01   -96.03   -64.00     0.32
11   197.56   -95.70   -64.00     0.32
11   240.13  -226.56   -64.00     0.32
11   156.62  -170.25   -15.00     0.32
11   220.31  -224.61   -26.00     0.32
11   141.67  -120.12   -22.00     0.32
11   143.30  -113.93   -22.00     0.32
11   117.63  -158.20   -36.00     0.32
11   119.25  -159.83   -36.00     0.32
11   153.37  -124.02   -38.00     0.32
11   155.32  -115.23   -38.00     0.32
11   164.09  -117.84   -38.00     0.32
11   171.57  -115.56   -38.00     0.32
11   174.49  -130.21   -38.00     0.32
11   178.71  -176.11   -35.00     0.32
11   167.99  -170.57   -35.00     0.32
11   166.04  -165.04   -35.00     0.32
11   172.22  -154.30   -35.00     0.32
11   180.34  -147.46   -35.00     0.32
11   185.21  -142.90   -35.00     0.32
11   177.74  -121.09   -35.00     0.32
11   239.48  -141.28   -35.00     0.32
11   234.93  -149.74   -35.00     0.32
11   256.05  -166.34   -74.00     0.32
11   269.05  -165.36   -74.00     0.32
11   273.27  -159.18   -74.00     0.32
11   245.33  -190.10   -74.00     0.32
11   265.15  -196.94   -74.00     0.32
11   210.23  -137.04   -74.00     0.32
11   209.26  -122.07   -74.00     0.32
11   215.11  -118.82   -74.00     0.32
11   228.43  -130.21   -74.00     0.32
11   147.85  -115.56   -74.00     0.32
11   230.38  -178.71  -104.00     0.32
11   174.49  -133.14   -91.00     0.32
11   170.92  -141.93   -91.00     0.32
11   197.56   -98.31   -84.00     0.32
11   205.03  -112.63   -84.00     0.32
11   151.09  -111.65   -84.00     0.32
11   144.60  -119.14   -84.00     0.32
11   188.46  -191.08   -73.00     0.32
11   181.31  -176.76   -73.00     0.32
11   179.69  -162.76   -73.00     0.32
11   210.56  -169.60   -73.00     0.32
11   213.16  -186.52   -73.00     0.32
11   264.50  -215.82   -58.00     0.32
11   157.27  -101.89   -58.00     0.32
11   179.69   -93.75   -58.00     0.32
11   227.13  -205.08   -59.00     0.32
11   139.72  -119.14   -46.00     0.32
11   135.82  -111.98   -46.00     0.32
11   129.00  -122.72   -46.00     0.32
11   157.27  -125.00   -46.00     0.32
11   156.29  -116.54   -46.00     0.32
11   168.97  -111.98   -46.00     0.32
11   163.44  -104.82   -46.00     0.32
11   227.78  -149.74   -45.00     0.32
11   206.01  -130.21   -46.00     0.32
11   213.16  -122.72   -46.00     0.32
11   210.88  -112.30   -46.00     0.32
11   185.54  -123.05   -46.00     0.32
11   230.38  -101.24   -46.00     0.32
11   120.88  -141.28   -41.00     0.32
11   160.84  -208.66   -29.00     0.32
11   169.62  -203.78   -29.00     0.32
11   200.48  -226.89   -66.00     0.32
11   189.44  -225.26   -66.00     0.32
11   194.31  -207.68   -66.00     0.32
11   149.15  -114.91   -62.00     0.32
11   147.20  -108.40   -62.00     0.32
11   274.89  -155.92   -61.00     0.32
11   206.98  -189.78   -51.00     0.32
11   220.96  -200.85   -51.00     0.32
11   220.31  -190.43   -51.00     0.32
11   220.96  -213.54   -51.00     0.32
11   205.36  -217.77   -51.00     0.32
11   201.13  -232.10   -51.00     0.32
11   221.61  -225.59   -51.00     0.32
11   224.86  -220.05   -51.00     0.32
11   258.65  -177.08   -51.00     0.32
11   245.65  -162.43   -51.00     0.32
11   238.83  -153.32   -51.00     0.32
11   242.73  -180.66   -51.00     0.32
11   236.88  -182.29   -51.00     0.32
11   191.06  -177.08   -51.00     0.32
11   189.44  -156.58   -51.00     0.32
11   159.54  -177.41   -51.00     0.32
11   156.29  -191.08   -51.00     0.32
11   167.67  -165.04   -55.00     0.32
11   211.21  -146.81   -55.00     0.32
11   207.96  -134.11   -55.00     0.32
11   189.76  -115.23   -55.00     0.32
11   163.44  -123.37   -55.00     0.32
11   151.09  -119.14   -55.00     0.32
11   128.67  -117.84   -55.00     0.32
11   122.18  -113.28   -55.00     0.32
11   219.66  -179.04   -15.00     0.32
11   220.63  -178.39   -15.00     0.32
11   199.84  -111.33   -51.00     0.32
11   239.34  -133.56   -45.00     0.32
11   206.52  -155.70   -45.00     0.32
11   214.32  -161.23   -27.00     0.32
11   175.98  -183.04    -4.00     0.32
11   171.10  -171.32    -4.00     0.32
11   178.58  -150.81    -4.00     0.32
11   210.10  -184.02     1.00     0.32
11   227.32  -200.62    -8.00     0.32
11   166.23  -143.65   -26.00     0.32
11   167.53  -192.81    -2.00     0.32
11   264.69  -130.96   -51.00     0.32
11   195.47  -143.98   -91.00     0.32
11   220.49  -197.36   -85.00     0.32
11   220.82  -189.88   -85.00     0.32
11   230.89  -192.15   -85.00     0.32
11   232.19  -201.27   -85.00     0.32
11   244.21  -127.70   -85.00     0.32
11   248.44  -139.42   -63.00     0.32
11   237.72  -129.33   -63.00     0.32
11   181.50  -189.55   -58.00     0.32
12   198.21  -185.87    -6.00     0.32
12   166.04  -155.27    -8.00     0.32
12   185.21  -153.65   -12.00     0.32
12   193.34  -158.20   -12.00     0.32
12   198.21  -148.76   -13.00     0.32
12   205.36  -140.63   -16.00     0.32
12   191.06  -111.00   -16.00     0.32
12   180.66  -185.55   -16.00     0.32
12   191.71  -188.48   -15.00     0.32
12   220.31  -222.01   -16.00     0.32
12   206.33  -209.96   -16.00     0.32
12   222.91  -167.97   -16.00     0.32
12   231.35  -157.23   -20.00     0.32
12   223.56  -150.39   -20.00     0.32
12   227.45  -139.32   -20.00     0.32
12   164.09  -117.51   -23.00     0.32
12   147.85  -165.04   -23.00     0.32
12   129.00  -153.97   -23.00     0.32
12   184.24  -207.36   -26.00     0.32
12   183.91  -201.17   -26.00     0.32
12   243.70  -179.69   -27.00     0.32
12   249.23  -190.43   -27.00     0.32
12   236.88  -196.61   -30.00     0.32
12   233.63  -200.85   -30.00     0.32
12   162.47  -107.42   -31.00     0.32
12   178.39  -111.98   -31.00     0.32
12   182.94  -101.56   -31.00     0.32
12   195.61  -100.59   -31.00     0.32
12   210.56  -119.47   -32.00     0.32
12   225.18  -117.19   -32.00     0.32
12   220.96  -109.05   -32.00     0.32
12   175.14  -195.64   -34.00     0.32
12   183.91  -190.43   -34.00     0.32
12   169.62  -182.62   -34.00     0.32
12   229.40  -215.17   -34.00     0.32
12   218.36  -134.77   -37.00     0.32
12   233.30  -121.09   -37.00     0.32
12   133.55  -123.70   -37.00     0.32
12   169.29  -109.05   -37.00     0.32
12   128.35  -161.46   -37.00     0.32
12   164.74  -212.24   -37.00     0.32
12   254.10  -144.86   -40.00     0.32
12   249.88  -130.53   -40.00     0.32
12   180.01  -152.02   -22.00     0.32
12   160.84  -160.48   -24.00     0.32
12   158.89  -141.93   -25.00     0.32
12   205.68  -202.80   -25.00     0.32
12   202.43  -208.98   -25.00     0.32
12   196.26  -175.13   -26.00     0.32
12   149.80  -153.65   -28.00     0.32
12   227.78  -151.37   -28.00     0.32
12   206.98  -149.41   -31.00     0.32
12   181.31  -205.40   -34.00     0.32
12   164.74  -178.71     0.00     0.32
12   223.23  -135.42   -28.00     0.32
12   249.23  -190.43   -39.00     0.32
12   192.04  -223.63   -54.00     0.32
12   188.46  -218.42   -54.00     0.32
12   179.69  -211.91   -54.00     0.32
12   173.52  -211.91   -54.00     0.32
12   161.17  -205.73   -66.00     0.32
12   151.09  -197.92   -66.00     0.32
12   137.77  -194.99   -66.00     0.32
12   160.19  -192.71   -66.00     0.32
12   135.82  -189.45   -66.00     0.32
12   131.60  -196.94   -66.00     0.32
12   138.10  -135.09   -80.00     0.32
12   150.44  -127.28   -80.00     0.32
12   226.15  -229.82   -80.00     0.32
12   159.87  -152.34   -26.00     0.32
12   154.34  -147.46   -26.00     0.32
12   177.41  -123.70   -25.00     0.32
12   188.79  -126.30   -26.00     0.32
12   185.86  -134.11   -26.00     0.32
12   183.26  -191.08   -26.00     0.32
12   152.72  -142.90   -35.00     0.32
12   180.66  -137.04   -40.00     0.32
12   170.59  -146.48   -51.00     0.32
12   125.75  -144.86   -50.00     0.32
12   147.85  -150.07   -50.00     0.32
12   134.52  -126.63   -50.00     0.32
12   176.11  -108.07   -50.00     0.32
12   187.49  -106.12   -50.00     0.32
12   200.81   -97.33   -50.00     0.32
12   216.73  -109.38   -50.00     0.32
12   225.83  -111.98   -50.00     0.32
12   220.63  -117.51   -50.00     0.32
12   178.06  -222.98   -71.00     0.32
12   171.89  -208.01   -71.00     0.32
12   159.22  -126.63   -86.00     0.32
12   176.11  -121.74   -86.00     0.32
12   213.16  -158.20   -99.00     0.32
12   207.96  -147.79   -99.00     0.32
12   218.03  -166.34   -99.00     0.32
12   167.02  -160.16   -96.00     0.32
12   166.04  -154.30   -79.00     0.32
12   171.89  -162.43   -79.00     0.32
12   124.45  -153.65   -61.00     0.32
12   123.80  -143.23   -61.00     0.32
12   132.25  -135.74   -61.00     0.32
12   137.77  -126.30   -61.00     0.32
12   157.59  -157.55   -61.00     0.32
12   248.90  -187.17   -17.00     0.32
12   248.25  -180.34   -17.00     0.32
12   233.63  -197.59   -49.00     0.32
12   240.78  -223.31   -49.00     0.32
12   241.10  -213.87   -49.00     0.32
12   235.25  -152.99   -19.00     0.32
12   182.29  -174.80   -19.00     0.32
12   225.83  -162.43   -19.00     0.32
12   144.92  -155.60   -36.00     0.32
12   143.62  -163.09   -36.00     0.32
12   136.47  -160.81   -36.00     0.32
12   178.71  -114.58   -81.00     0.32
12   182.94  -108.07   -81.00     0.32
12   160.84  -107.75   -81.00     0.32
12   225.83  -180.99   -58.00     0.32
12   209.58  -178.06   -58.00     0.32
12   221.28  -165.69   -58.00     0.32
12   163.44  -209.64   -58.00     0.32
12   231.68  -189.45   -11.00     0.32
12   126.07  -166.02   -53.00     0.32
12   255.72  -214.84   -58.00     0.32
12   155.64  -174.15   -53.00     0.32
12   174.17  -185.22   -65.00     0.32
12   154.67  -152.02   -65.00     0.32
12   263.20  -153.65   -65.00     0.32
12   229.73  -208.66   -71.00     0.32
12   239.15  -207.03   -71.00     0.32
12   267.10  -183.27   -58.00     0.32
12   264.82  -171.55   -58.00     0.32
12   213.48  -174.80   -12.00     0.32
12   236.88  -193.03   -32.00     0.32
12   176.63  -160.58   -28.00     0.32
12   152.26  -161.23   -23.00     0.32
12   250.71  -207.13   -63.00     0.32
12   207.82  -102.64   -70.00     0.32
12   213.67  -100.03   -70.00     0.32
12   217.57  -110.77   -70.00     0.32
12   227.32  -114.03   -68.00     0.32
12   191.58   -95.15   -65.00     0.32
12   194.17  -133.23   -91.00     0.32
12   198.40  -124.12   -91.00     0.32
12   237.39  -194.43   -50.00     0.32
12   246.16  -193.46   -50.00     0.32
12   172.08  -200.94   -58.00     0.32
12   135.36  -160.58   -58.00     0.32
12   129.84  -155.37   -58.00     0.32
12   194.50  -102.96   -62.00     0.32
13   206.98  -164.39    -7.00     0.32
13   216.08  -162.76    -7.00     0.32
13   229.40  -165.69   -10.00     0.32
13   236.55  -162.76   -10.00     0.32
13   196.59  -139.97    -9.00     0.32
13   157.27  -156.25   -10.00     0.32
13   195.94  -175.78    -6.00     0.32
13   183.91  -128.91   -16.00     0.32
13   199.84  -122.72   -16.00     0.32
13   211.86  -133.46   -16.00     0.32
13   181.31  -158.53   -15.00     0.32
13   201.13  -156.58   -16.00     0.32
13   193.66  -167.32   -16.00     0.32
13   189.76  -177.41   -16.00     0.32
13   197.24  -172.20   -16.00     0.32
13   210.56  -151.69   -16.00     0.32
13   219.01  -189.45   -19.00     0.32
13   236.55  -189.13   -19.00     0.32
13   240.45  -208.33   -23.00     0.32
13   194.31  -136.07   -24.00     0.32
13   203.08  -112.30   -23.00     0.32
13   262.22  -139.32   -25.00     0.32
13   236.88  -123.37   -25.00     0.32
13   210.56  -131.51   -25.00     0.32
13   186.51  -166.99   -28.00     0.32
13   235.58  -183.59   -28.00     0.32
13   225.50  -193.36   -28.00     0.32
13   214.78  -195.64   -28.00     0.32
13   219.98  -188.80   -28.00     0.32
13   212.83  -180.66   -28.00     0.32
13   206.98  -184.90   -28.00     0.32
13   219.98  -173.18   -28.00     0.32
13   243.70  -197.92   -28.00     0.32
13   247.93  -206.05   -28.00     0.32
13   269.37  -155.60   -28.00     0.32
13   270.67  -143.88   -28.00     0.32
13   254.10  -141.93   -28.00     0.32
13   198.86  -164.06   -29.00     0.32
13   190.74  -109.38   -29.00     0.32
13   174.17  -100.91   -29.00     0.32
13   229.08  -135.09   -29.00     0.32
13   223.23  -142.25   -29.00     0.32
13   215.43  -148.44   -29.00     0.32
13   251.82  -126.95   -32.00     0.32
13   203.73  -140.95   -34.00     0.32
13   193.99  -126.30   -34.00     0.32
13   246.30  -208.98   -43.00     0.32
13   195.61  -197.27   -49.00     0.32
13   236.55  -120.77   -56.00     0.32
13   214.78  -128.58   -56.00     0.32
13   180.66  -136.72   -58.00     0.32
13   200.16  -189.78   -64.00     0.32
13   260.27  -134.11   -68.00     0.32
13   265.15  -130.21   -68.00     0.32
13   173.19  -194.99   -88.00     0.32
13   178.39  -187.17   -88.00     0.32
13   170.27  -177.08   -88.00     0.32
13   185.54  -158.20   -88.00     0.32
13   187.81  -147.79   -88.00     0.32
13   222.58  -161.46   -85.00     0.32
13   233.30  -165.04   -85.00     0.32
13   246.30  -160.48   -85.00     0.32
13   252.80  -189.78   -85.00     0.32
13   269.70  -197.59   -65.00     0.32
13   265.15  -192.38   -65.00     0.32
13   244.68  -202.47   -65.00     0.32
13   238.50  -166.34   -61.00     0.32
13   232.33  -175.13   -61.00     0.32
13   222.26  -160.16   -55.00     0.32
13   254.10  -128.91   -46.00     0.32
13   265.80  -144.21   -46.00     0.32
13   193.01  -181.97   -34.00     0.32
13   190.74  -122.72   -34.00     0.32
13   234.93  -112.30   -38.00     0.32
13   208.61  -173.18   -47.00     0.32
13   213.16  -170.25   -47.00     0.32
13   204.71  -173.50   -33.00     0.32
13   205.36  -165.04   -33.00     0.32
13   216.08  -169.27   -33.00     0.32
13   175.79  -122.72   -49.00     0.32
13   195.94  -129.23   -49.00     0.32
13   179.36  -135.42   -49.00     0.32
13   233.63  -172.85   -49.00     0.32
13   197.89  -139.65   -42.00     0.32
13   216.08  -147.79   -42.00     0.32
13   245.00  -200.52   -42.00     0.32
13   243.05  -164.71   -94.00     0.32
13   242.08  -153.97   -94.00     0.32
13   241.43  -140.95   -94.00     0.32
13   208.28  -208.01   -97.00     0.32
13   194.64  -139.65   -68.00     0.32
13   228.10  -182.62   -24.00     0.32
13   217.06  -182.29   -35.00     0.32
13   227.78  -175.13   -35.00     0.32
13   219.98  -153.97   -52.00     0.32
13   238.50  -202.15   -38.00     0.32
13   271.32  -159.51   -38.00     0.32
13   276.52  -152.34   -38.00     0.32
13   262.55  -158.53   -38.00     0.32
13   208.61  -125.98   -34.00     0.32
13   195.94  -188.48   -73.00     0.32
13   268.40  -141.28   -65.00     0.32
13   247.60  -209.96   -65.00     0.32
13   222.58  -128.26   -52.00     0.32
13   202.43  -169.60   -42.00     0.32
13   194.96  -190.43   -56.00     0.32
13   229.40  -139.00   -71.00     0.32
13   135.82   -92.12   -86.00     0.32
13   190.74  -162.43   -26.00     0.32
13   207.31  -157.55   -28.00     0.32
13   219.01  -187.17   -15.00     0.32
13   226.80  -190.10   -33.00     0.32
13   229.73  -195.64   -33.00     0.32
13   226.80  -192.38   -33.00     0.32
13   225.18  -156.58   -53.00     0.32
13   259.62  -135.09   -42.00     0.32
13   211.40  -156.35    -1.00     0.32
13   237.39  -196.39   -13.00     0.32
13   203.92  -135.51   -27.00     0.32
13   222.77  -157.65    -2.00     0.32
13   206.85  -162.21   -95.00     0.32
