2   202.29  -194.70    -2.00     0.27
2   225.22  -169.86    -3.00     0.27
2   218.56  -165.32    -3.00     0.27
2   224.96  -158.2    -3.00     0.27
2   230.02  -169.33    -3.00     0.27
2   237.49  -164.79    -3.00     0.27
2   235.09  -156.24    -3.00     0.27
2   239.89  -145.82    -3.00     0.27
2   240.15  -137.54    -3.00     0.27
2   214.56  -146.89    -3.00     0.27
2   200.69  -131.6    -3.00     0.27
2   194.29  -127.39    -3.00     0.27
2   213.49  -118.58    -3.00     0.27
2   210.03  -102.55    -3.00     0.27
2   184.43  -158.38    -3.00     0.27
2   178.56  -163.72    -3.00     0.27
2   180.70  -145.29    -3.00     0.27
2   174.57  -155.70    -3.00     0.27
2   245.48  -176.27    -4.00     0.27
2   188.70  -117.24    -8.00     0.27
2   192.16  -106.83    -8.00     0.27
2   228.69  -138.88    -8.00     0.27
2   235.35  -131.40    -8.00     0.27
2   219.09  -136.21    -8.00     0.27
2   216.42  -130.60    -8.00     0.27
2   254.02  -145.82    -8.00     0.27
2   256.68  -137.81    -8.00     0.27
2   267.08  -200.31    -8.00     0.27
2   188.96  -145.29   -10.00     0.27
2   181.23  -120.98   -10.00     0.27
2   180.70  -135.14   -10.00     0.27
2   195.09  -108.96   -10.00     0.27
2   190.30  -179.74   -10.00     0.27
2   190.30  -167.19   -10.00     0.27
2   213.49  -183.48   -10.00     0.27
2   216.69  -174.40   -10.00     0.27
2   219.89  -196.30   -10.00     0.27
2   197.49  -194.43   -10.00     0.27
2   252.95  -173.87   -10.00     0.27
2   246.55  -121.52   -10.00     0.27
2   236.69  -103.89   -10.00     0.27
2   246.02  -106.29   -10.00     0.27
2   177.23  -165.32   -13.00     0.27
2   173.50  -155.70   -13.00     0.27
2   178.56  -149.29   -13.00     0.27
2   180.96  -157.31   -13.00     0.27
2   186.03  -138.88   -13.00     0.27
2   204.16  -135.41   -13.00     0.27
2   200.43  -131.40   -13.00     0.27
2   205.49  -120.98   -13.00     0.27
2   207.89  -115.2   -13.00     0.27
2   219.62  -114.31   -13.00     0.27
2   233.49  -146.89   -13.00     0.27
2   227.09  -154.37   -13.00     0.27
2   242.29  -148.76   -13.00     0.27
2   248.15  -162.92   -13.00     0.27
2   238.82  -172.80   -13.00     0.27
2   233.22  -167.72   -13.00     0.27
2   246.55  -175.20   -13.00     0.27
2   209.49  -176.27   -13.00     0.27
2   259.08  -164.52   -13.00     0.27
2   261.75  -168.26   -13.00     0.27
2   262.28  -155.97   -13.00     0.27
2   235.09  -193.63   -13.00     0.27
2   153.50  -153.83   -13.00     0.27
2   221.22  -127.6   -16.00     0.27
2   226.82  -140.75   -16.00     0.27
2   235.09  -135.41   -16.00     0.27
2   212.69  -161.58   -16.00     0.27
2   197.23  -154.10   -16.00     0.27
2   189.50  -126.59   -16.00     0.27
2   187.10  -112.97   -16.00     0.27
2   183.63  -103.62   -16.00     0.27
2   205.23  -193.36   -19.00     0.27
2   214.82  -185.89   -19.00     0.27
2   190.83  -189.36   -19.00     0.27
2   242.29  -140.21   -19.00     0.27
2   257.22  -138.34   -19.00     0.27
2   252.95  -123.65   -19.00     0.27
2   249.48  -118.58   -19.00     0.27
2   247.88  -107.36   -19.00     0.27
2   238.82  -101.22   -19.00     0.27
2   229.22  -106.56   -19.00     0.27
2   189.76  -174.67   -19.00     0.27
2   165.77  -170.6   -19.00     0.27
2   197.23  -207.25   -19.00     0.27
2   184.96  -208.06   -19.00     0.27
2   265.21  -207.52   -19.00     0.27
2   270.55  -200.58   -19.00     0.27
2   250.02  -188.29   -19.00     0.27
2   168.70  -125.26   -19.00     0.27
2   162.57  -130.33   -19.00     0.27
2   198.56  -165.59   -23.00     0.27
2   197.23  -177.87   -23.00     0.27
2   190.83  -165.59   -23.00     0.27
2   219.62  -166.12   -23.00     0.27
2   234.55  -173.07   -23.00     0.27
2   241.49  -167.99   -23.00     0.27
2   245.22  -179.48   -23.00     0.27
2   253.75  -173.33   -23.00     0.27
2   258.02  -165.05   -23.00     0.27
2   250.55  -159.71   -23.00     0.27
2   248.15  -149.56   -23.00     0.27
2   259.35  -152.23   -23.00     0.27
2   266.81  -165.05   -23.00     0.27
2   235.89  -112.17   -23.00     0.27
2   215.89  -112.17   -23.00     0.27
2   213.49  -105.22   -23.00     0.27
2   207.36  -122.32   -23.00     0.27
2   200.16  -139.95   -23.00     0.27
2   189.50  -139.68   -23.00     0.27
2   182.83  -135.41   -23.00     0.27
2   196.16  -112.44   -23.00     0.27
2   148.97  -135.41   -23.00     0.27
2   155.10  -154.10   -23.00     0.27
2   171.90  -156.24   -23.00     0.27
2   209.23  -168.26   -26.00     0.27
2   207.89  -179.74   -26.00     0.27
2   223.89  -154.64   -26.00     0.27
2   231.35  -146.09   -26.00     0.27
2   233.22  -136.74   -26.00     0.27
2   223.36  -131.93   -26.00     0.27
2   216.16  -121.52   -26.00     0.27
2   185.23  -120.72   -26.00     0.27
2   185.76  -109.50   -26.00     0.27
2   181.50  -101.75   -26.00     0.27
2   163.10  -116.98   -26.00     0.27
2   143.37  -128.73   -26.00     0.27
2   164.43  -159.18   -26.00     0.27
2   181.76  -167.72   -26.00     0.27
2   210.03  -215.27   -26.00     0.27
2   195.09  -225.15   -26.00     0.27
2   201.23  -225.15   -26.00     0.27
2   268.68  -173.33   -26.00     0.27
2   265.21  -152.50   -26.00     0.27
2   270.28  -148.76   -26.00     0.27
2   267.35  -143.42   -26.00     0.27
2   211.89  -146.62   -26.00     0.27
2   202.03  -149.83   -26.00     0.27
2   194.03  -151.16   -26.00     0.27
2   200.96  -159.18   -26.00     0.27
2   210.82  -155.97   -26.00     0.27
2   205.76   -87.60   -28.00     0.27
2   176.17   -97.75   -28.00     0.27
2   175.63  -126.59   -28.00     0.27
2   161.50  -129.53   -28.00     0.27
2   138.31  -142.88   -28.00     0.27
2   151.37  -142.08   -28.00     0.27
2   132.97  -157.57   -28.00     0.27
2   134.31  -163.98   -28.00     0.27
2   130.57  -167.99   -28.00     0.27
2   136.17  -170.66   -28.00     0.27
2   144.97  -182.68   -28.00     0.27
2   147.64  -173.33   -28.00     0.27
2   156.17  -180.54   -28.00     0.27
2   159.37  -172.26   -28.00     0.27
2   137.77  -190.96   -28.00     0.27
2   144.97  -196.30   -28.00     0.27
2   152.44  -191.50   -28.00     0.27
2   156.44  -203.78   -28.00     0.27
2   159.90  -197.91   -28.00     0.27
2   166.83  -194.70   -28.00     0.27
2   187.36  -203.51   -28.00     0.27
2   187.36  -216.07   -28.00     0.27
2   175.37  -213.66   -28.00     0.27
2   196.96  -199.51   -28.00     0.27
2   205.23  -197.91   -28.00     0.27
2   212.96  -192.03   -28.00     0.27
2   195.09  -193.10   -28.00     0.27
2   184.16  -195.77   -28.00     0.27
2   184.16  -183.75   -28.00     0.27
2   170.03  -172.80   -28.00     0.27
2   233.22  -159.44   -28.00     0.27
2   236.15  -151.16   -28.00     0.27
2   241.75  -130.06   -28.00     0.27
2   247.35  -118.04   -28.00     0.27
2   202.56  -132.20   -28.00     0.27
2   242.02  -100.42   -28.00     0.27
2   252.15  -110.57   -28.00     0.27
2   251.88  -209.92   -28.00     0.27
2   259.08  -215.53   -28.00     0.27
2   263.61  -226.22   -28.00     0.27
2   220.42  -166.66   -32.00     0.27
2   228.95  -174.67   -32.00     0.27
2   216.16  -172.26   -32.00     0.27
2   242.29  -167.72   -32.00     0.27
2   240.15  -177.87   -32.00     0.27
2   249.22  -176.00   -32.00     0.27
2   254.55  -170.66   -32.00     0.27
2   261.21  -167.19   -32.00     0.27
2   248.68  -156.51   -32.00     0.27
2   257.22  -151.97   -32.00     0.27
2   228.15  -116.71   -32.00     0.27
2   236.69  -123.92   -32.00     0.27
2   237.49  -116.98   -32.00     0.27
2   236.42  -109.50   -32.00     0.27
2   217.76  -106.56   -32.00     0.27
2   172.17  -156.51   -32.00     0.27
2   172.17  -163.18   -32.00     0.27
2   150.57  -151.97   -32.00     0.27
2   197.23  -173.87   -32.00     0.27
2   198.29  -182.15   -32.00     0.27
2   203.09  -188.29   -32.00     0.27
2   128.71  -174.40   -32.00     0.27
2   147.64  -133.54   -32.00     0.27
2   167.37  -105.22   -32.00     0.27
2   258.28  -133.80   -32.00     0.27
2   258.82  -142.62   -32.00     0.27
2   186.03  -128.73   -32.00     0.27
2   160.97  -152.23   -32.00     0.27
2   160.17  -211.79   -32.00     0.27
2   216.69   -93.47   -32.00     0.27
2   235.09   -87.86   -32.00     0.27
2   287.61  -157.84   -32.00     0.27
2   215.36  -119.91   -35.00     0.27
2   221.22  -127.6   -35.00     0.27
2   191.10  -113.77   -35.00     0.27
2   183.36  -108.96   -35.00     0.27
2   163.10  -115.91   -35.00     0.27
2   152.70  -119.91   -35.00     0.27
2   138.84  -127.39   -35.00     0.27
2   167.63  -184.28   -35.00     0.27
2   174.30  -179.21   -35.00     0.27
2   175.37  -188.56   -35.00     0.27
2   183.63  -169.86   -35.00     0.27
2   183.63  -159.44   -35.00     0.27
2   195.89  -166.12   -35.00     0.27
2   185.23  -149.56   -35.00     0.27
2   201.23  -157.04   -35.00     0.27
2   209.23  -161.85   -35.00     0.27
2   212.96  -214.47   -35.00     0.27
2   194.56  -217.94   -35.00     0.27
2   155.10  -164.79   -35.00     0.27
2   207.36  -172.80   -35.00     0.27
2   268.41  -153.83   -35.00     0.27
2   265.48  -141.01   -35.00     0.27
2   275.88  -151.16   -35.00     0.27
2   272.15  -170.66   -35.00     0.27
2   270.01  -178.41   -35.00     0.27
2   211.09  -130.60   -35.00     0.27
2   135.64  -185.08   -38.00     0.27
2   138.04  -172.26   -38.00     0.27
2   141.51  -189.36   -38.00     0.27
2   143.2  -196.30   -38.00     0.27
2   135.37  -197.37   -38.00     0.27
2   147.90  -181.08   -38.00     0.27
2   155.90  -185.35   -38.00     0.27
2   159.37  -194.97   -38.00     0.27
2   162.57  -194.70   -38.00     0.27
2   154.30  -175.20   -38.00     0.27
2   125.24  -168.53   -38.00     0.27
2   141.24  -160.78   -38.00     0.27
2   132.17  -143.95   -38.00     0.27
2   135.37  -149.83   -38.00     0.27
2   172.97  -126.86   -38.00     0.27
2   171.63  -117.51   -38.00     0.27
2   166.83  -125.79   -38.00     0.27
2   205.76  -111.10   -38.00     0.27
2   204.96   -97.21   -38.00     0.27
2   191.36   -99.88   -38.00     0.27
2   231.62  -159.18   -38.00     0.27
2   232.95  -147.42   -38.00     0.27
2   224.42  -148.49   -38.00     0.27
2   203.36  -199.24   -38.00     0.27
2   199.09  -196.04   -38.00     0.27
2   194.03  -203.51   -38.00     0.27
2   201.23  -205.92   -38.00     0.27
2   209.49  -201.38   -38.00     0.27
2   216.42  -196.04   -38.00     0.27
2   209.76  -184.28   -38.00     0.27
2   250.02  -103.89   -38.00     0.27
2   256.15   -98.28   -38.00     0.27
2   257.22  -103.35   -38.00     0.27
2   245.48  -127.93   -38.00     0.27
2   253.22  -210.73   -38.00     0.27
2   243.62  -212.60   -38.00     0.27
2   260.95  -215.00   -38.00     0.27
2   204.43  -221.41   -38.00     0.27
2   186.83  -207.52   -38.00     0.27
2   179.10  -201.91   -38.00     0.27
2   191.90  -193.10   -40.00     0.27
2   167.63  -141.01   -40.00     0.27
2   156.70  -133.80   -40.00     0.27
2   151.10  -208.32   -44.00     0.27
2   155.90  -225.42   -44.00     0.27
2   165.77  -186.42   -44.00     0.27
2   163.90  -174.67   -44.00     0.27
2   155.90  -166.39   -44.00     0.27
2   160.70  -161.05   -44.00     0.27
2   162.57  -149.83   -44.00     0.27
2   172.17  -163.45   -44.00     0.27
2   180.70  -176.27   -44.00     0.27
2   181.76  -188.02   -44.00     0.27
2   184.70  -168.79   -44.00     0.27
2   185.50  -161.31   -44.00     0.27
2   209.23  -173.33   -44.00     0.27
2   209.76  -165.59   -44.00     0.27
2   217.22  -173.60   -44.00     0.27
2   228.42  -169.33   -44.00     0.27
2   240.15  -174.6   -44.00     0.27
2   247.35  -172.00   -44.00     0.27
2   241.49  -163.45   -44.00     0.27
2   250.82  -164.79   -44.00     0.27
2   259.08  -155.70   -44.00     0.27
2   245.22  -146.36   -44.00     0.27
2   255.88  -140.21   -44.00     0.27
2   266.55  -149.56   -44.00     0.27
2   274.01  -154.90   -44.00     0.27
2   274.55  -145.29   -44.00     0.27
2   278.54  -135.67   -44.00     0.27
2   208.16  -123.92   -44.00     0.27
2   191.63  -119.38   -44.00     0.27
2   183.90  -114.84   -44.00     0.27
2   180.70  -120.45   -44.00     0.27
2   173.77  -111.90   -44.00     0.27
2   144.97  -122.32   -44.00     0.27
2   159.37  -123.39   -44.00     0.27
2   160.44  -114.31   -44.00     0.27
2   142.57  -111.37   -44.00     0.27
2   171.37   -98.01   -44.00     0.27
2   157.50  -100.68   -44.00     0.27
2   226.02  -115.37   -44.00     0.27
2   214.56  -107.09   -44.00     0.27
2   220.69  -101.75   -44.00     0.27
2   230.55  -106.03   -44.00     0.27
2   243.89  -109.50   -44.00     0.27
2   231.89   -83.59   -44.00     0.27
2   240.15   -87.60   -44.00     0.27
2   276.68  -118.85   -44.00     0.27
2   260.42  -114.31   -44.00     0.27
2   263.88  -174.40   -44.00     0.27
2   268.15  -177.87   -44.00     0.27
2   218.82  -236.37   -44.00     0.27
2   190.56  -231.56   -44.00     0.27
2   198.03  -231.29   -44.00     0.27
2   197.49  -218.47   -44.00     0.27
2   174.83  -223.81   -44.00     0.27
2   123.2  -176.81   -47.00     0.27
2   137.24  -175.47   -47.00     0.27
2   132.44  -197.37   -47.00     0.27
2   157.24  -198.97   -47.00     0.27
2   145.24  -199.24   -47.00     0.27
2   118.04  -155.44   -47.00     0.27
2   130.31  -145.02   -47.00     0.27
2   134.57  -156.24   -47.00     0.27
2   141.77  -160.78   -47.00     0.27
2   184.16  -101.48   -47.00     0.27
2   194.56   -99.35   -47.00     0.27
2   204.43   -95.61   -47.00     0.27
2   191.90   -88.66   -47.00     0.27
2   244.95  -128.19   -47.00     0.27
2   256.15  -125.79   -47.00     0.27
2   203.63  -200.04   -47.00     0.27
2   215.36  -196.30   -47.00     0.27
2   211.09  -186.15   -47.00     0.27
2   223.62  -190.16   -47.00     0.27
2   225.22  -182.41   -47.00     0.27
2   197.49  -208.86   -47.00     0.27
2   205.49  -208.86   -47.00     0.27
2   185.76  -213.93   -47.00     0.27
2   189.50  -200.84   -47.00     0.27
2   171.10  -194.43   -47.00     0.27
2   199.09  -143.42   -47.00     0.27
2   203.09  -132.20   -47.00     0.27
2   189.50  -133.54   -47.00     0.27
2   233.22  -223.28   -47.00     0.27
2   235.89  -216.60   -47.00     0.27
2   237.49  -209.66   -47.00     0.27
2   247.08  -224.08   -47.00     0.27
2   285.21  -210.73   -47.00     0.27
2   292.41  -200.04   -47.00     0.27
2   239.62  -155.97   -47.00     0.27
2   290.28  -117.78   -47.00     0.27
2   138.84  -148.49   -47.00     0.27
2   140.97  -139.14   -47.00     0.27
2   130.31  -188.82   -47.00     0.27
2   147.37  -144.49   -50.00     0.27
2   153.50  -134.34   -50.00     0.27
2   159.64  -139.41   -50.00     0.27
2   242.82  -116.71   -50.00     0.27
2   161.23  -213.40   -50.00     0.27
2   136.97  -212.86   -50.00     0.27
2   170.57  -127.6   -50.00     0.27
2   178.30  -127.39   -50.00     0.27
2   239.62  -200.84   -50.00     0.27
2   310.01  -163.98   -50.00     0.27
2   299.87  -175.47   -50.00     0.27
2   294.01  -154.90   -50.00     0.27
2   191.10  -197.10   -50.00     0.27
2   200.96  -183.75   -50.00     0.27
2   198.83   -77.45   -50.00     0.27
2   163.10  -125.79   -52.00     0.27
2   153.24  -121.52   -52.00     0.27
2   167.63  -112.97   -52.00     0.27
2   166.83  -103.89   -52.00     0.27
2   170.57   -93.74   -52.00     0.27
2   175.10  -103.09   -52.00     0.27
2   235.35   -84.39   -52.00     0.27
2   236.95   -88.66   -52.00     0.27
2   258.82  -107.63   -52.00     0.27
2   255.35  -115.91   -52.00     0.27
2   167.10  -188.02   -52.00     0.27
2   159.10  -179.48   -52.00     0.27
2   152.17  -170.66   -52.00     0.27
2   160.44  -170.66   -52.00     0.27
2   157.50  -161.58   -52.00     0.27
2   127.64  -136.21   -52.00     0.27
2   124.98  -140.21   -52.00     0.27
2   168.70  -206.99   -52.00     0.27
2   156.44  -206.72   -52.00     0.27
2   150.84  -207.25   -52.00     0.27
2   144.70  -222.48   -52.00     0.27
2   214.29  -232.36   -52.00     0.27
2   220.69  -228.62   -52.00     0.27
2   254.02  -174.6   -52.00     0.27
2   245.48  -172.53   -52.00     0.27
2   244.95  -163.98   -52.00     0.27
2   253.22  -161.31   -52.00     0.27
2   261.75  -161.58   -52.00     0.27
2   260.15  -147.69   -52.00     0.27
2   251.62  -146.36   -52.00     0.27
2   254.28  -139.68   -52.00     0.27
2   273.75  -143.95   -52.00     0.27
2   216.96  -151.97   -52.00     0.27
2   208.69  -151.16   -52.00     0.27
2   201.23  -167.19   -52.00     0.27
2   208.16  -163.45   -52.00     0.27
2   217.76  -162.2   -52.00     0.27
2   226.82  -162.38   -52.00     0.27
2   228.69  -168.26   -52.00     0.27
2   217.49  -175.47   -52.00     0.27
2   184.43  -169.33   -52.00     0.27
2   180.43  -163.45   -52.00     0.27
2   183.36  -141.82   -52.00     0.27
2   195.09  -123.65   -52.00     0.27
2   190.30  -118.85   -52.00     0.27
2   227.09   -99.35   -52.00     0.27
2   208.96  -126.32   -52.00     0.27
2   206.29  -120.45   -52.00     0.27
2   127.2  -195.50   -56.00     0.27
2   142.31  -204.05   -56.00     0.27
2   138.84  -198.17   -56.00     0.27
2   167.90  -200.31   -56.00     0.27
2   134.04  -185.08   -56.00     0.27
2   138.31  -174.94   -56.00     0.27
2   130.31  -158.2   -56.00     0.27
2   142.84  -161.85   -56.00     0.27
2   138.57  -154.10   -56.00     0.27
2   135.37  -149.56   -56.00     0.27
2   212.96  -190.69   -56.00     0.27
2   235.35  -217.40   -56.00     0.27
2   250.55  -213.93   -56.00     0.27
2   255.35  -204.58   -56.00     0.27
2   251.88  -196.84   -56.00     0.27
2   264.41  -198.97   -56.00     0.27
2   196.69  -100.42   -56.00     0.27
2   205.76  -106.83   -56.00     0.27
2   175.37   -79.85   -56.00     0.27
2   143.37  -112.17   -56.00     0.27
2   127.91  -211.26   -56.00     0.27
2   175.37  -171.20   -56.00     0.27
2   171.63  -161.05   -56.00     0.27
2   161.77  -148.49   -56.00     0.27
2   168.70  -150.63   -56.00     0.27
2   204.16  -233.43   -56.00     0.27
2   192.43  -231.03   -56.00     0.27
2   187.36  -219.54   -56.00     0.27
2   170.03  -235.57   -56.00     0.27
2   232.69  -158.2   -56.00     0.27
2   242.82  -156.51   -56.00     0.27
2   243.35  -151.16   -56.00     0.27
2   237.75  -147.69   -56.00     0.27
2   271.88  -125.26   -56.00     0.27
2   263.88  -125.52   -56.00     0.27
2   278.81  -122.58   -56.00     0.27
2   283.08  -114.31   -56.00     0.27
2   198.83   -85.46   -59.00     0.27
2   197.49   -75.04   -59.00     0.27
2   210.56   -88.40   -59.00     0.27
2   211.62   -68.90   -59.00     0.27
2   222.82   -82.25   -59.00     0.27
2   241.22   -75.84   -59.00     0.27
2   257.48   -88.40   -59.00     0.27
2   244.42  -120.72   -59.00     0.27
2   241.75  -108.70   -59.00     0.27
2   201.49  -206.99   -59.00     0.27
2   215.89  -202.71   -59.00     0.27
2   228.95  -225.15   -59.00     0.27
2   273.21  -231.56   -59.00     0.27
2   275.61  -210.73   -59.00     0.27
2   270.81  -203.51   -59.00     0.27
2   270.55  -181.35   -59.00     0.27
2   292.94  -180.28   -59.00     0.27
2   299.34  -175.74   -59.00     0.27
2   297.21  -162.2   -59.00     0.27
2   291.34  -159.98   -59.00     0.27
2   295.87  -152.50   -59.00     0.27
2   310.54  -166.39   -59.00     0.27
2   162.83  -194.17   -59.00     0.27
2   162.57  -208.59   -59.00     0.27
2   145.24  -232.63   -59.00     0.27
2   117.78  -166.92   -59.00     0.27
2   130.57  -165.59   -59.00     0.27
2   122.58  -156.51   -59.00     0.27
2   148.97  -102.29   -59.00     0.27
2   124.18  -202.45   -65.00     0.27
2   119.91  -194.43   -65.00     0.27
2   131.91  -210.46   -65.00     0.27
2   135.64  -193.90   -65.00     0.27
2   128.71  -187.49   -65.00     0.27
2   145.24  -213.93   -65.00     0.27
2   139.64  -222.48   -65.00     0.27
2   137.51  -215.00   -65.00     0.27
2   150.84  -202.45   -65.00     0.27
2   137.24  -177.61   -65.00     0.27
2   143.64  -168.26   -65.00     0.27
2   137.24  -159.98   -65.00     0.27
2   140.17  -156.24   -65.00     0.27
2   129.24  -134.34   -65.00     0.27
2   123.38  -127.93   -65.00     0.27
2   125.24  -122.05   -65.00     0.27
2   136.71  -112.44   -65.00     0.27
2   154.30  -114.57   -65.00     0.27
2   157.24  -120.45   -65.00     0.27
2   158.57  -110.30   -65.00     0.27
2   171.63  -114.84   -65.00     0.27
2   178.56  -105.49   -65.00     0.27
2   189.23  -129.53   -65.00     0.27
2   199.89  -146.36   -65.00     0.27
2   206.83  -149.83   -65.00     0.27
2   195.89  -130.06   -65.00     0.27
2   196.69  -121.25   -65.00     0.27
2   206.83  -107.36   -65.00     0.27
2   203.63   -99.35   -65.00     0.27
2   226.02   -92.67   -65.00     0.27
2   268.95  -127.6   -66.00     0.27
2   276.68  -128.19   -66.00     0.27
2   283.61  -124.19   -66.00     0.27
2   259.08  -120.45   -66.00     0.27
2   284.14  -114.04   -66.00     0.27
2   230.29  -169.06   -66.00     0.27
2   231.09  -157.84   -66.00     0.27
2   227.89  -151.97   -66.00     0.27
2   211.62  -163.72   -66.00     0.27
2   200.43  -161.85   -66.00     0.27
2   190.56  -165.59   -66.00     0.27
2   179.10  -169.06   -66.00     0.27
2   184.70  -157.84   -66.00     0.27
2   166.83  -166.92   -66.00     0.27
2   170.57  -161.58   -66.00     0.27
2   163.10  -178.67   -66.00     0.27
2   155.90  -182.68   -66.00     0.27
2   207.09  -223.01   -66.00     0.27
2   198.29  -225.15   -66.00     0.27
2   187.90  -216.60   -66.00     0.27
2   167.90  -222.21   -66.00     0.27
2   175.10  -217.94   -66.00     0.27
2   171.63  -209.66   -66.00     0.27
2   251.35  -211.53   -66.00     0.27
2   262.81  -211.79   -66.00     0.27
2   224.16  -203.25   -66.00     0.27
2   245.48  -174.94   -66.00     0.27
2   246.55  -161.31   -66.00     0.27
2   255.35  -170.39   -66.00     0.27
2   252.42  -140.48   -66.00     0.27
2   271.88  -143.69   -66.00     0.27
2   185.50  -116.71   -66.00     0.27
2   193.50  -112.97   -66.00     0.27
2   191.10   -96.14   -66.00     0.27
2   173.23   -85.19   -66.00     0.27
2   167.63   -92.40   -66.00     0.27
2   281.21  -175.20   -66.00     0.27
2   293.74  -210.99   -66.00     0.27
2   285.21  -229.69   -66.00     0.27
2   222.82  -226.48   -66.00     0.27
2   235.62  -212.33   -66.00     0.27
2   222.29  -212.33   -66.00     0.27
2   218.29  -192.56   -66.00     0.27
2   213.22  -177.34   -66.00     0.27
2   220.69  -167.46   -66.00     0.27
2   180.96  -205.38   -66.00     0.27
2   121.78  -179.48   -67.00     0.27
2   126.04  -168.26   -67.00     0.27
2   115.38  -166.92   -67.00     0.27
2   143.37  -181.61   -67.00     0.27
2   154.57  -169.59   -67.00     0.27
2   158.30  -155.17   -67.00     0.27
2   243.35  -131.93   -67.00     0.27
2   219.62  -134.60   -67.00     0.27
2   235.62  -127.39   -67.00     0.27
2   298.81  -166.12   -67.00     0.27
2   296.14  -158.38   -67.00     0.27
2   311.07  -170.66   -67.00     0.27
2   294.54  -148.49   -67.00     0.27
2   275.08  -232.63   -67.00     0.27
2   168.70  -136.74   -67.00     0.27
2   160.97  -132.20   -67.00     0.27
2   222.02   -81.99   -67.00     0.27
2   249.22  -198.71   -67.00     0.27
2   191.90  -190.69   -67.00     0.27
2   193.23  -202.18   -67.00     0.27
2   200.96  -208.06   -67.00     0.27
2   208.43  -204.85   -67.00     0.27
2   205.23  -231.83   -67.00     0.27
2   211.62  -235.83   -67.00     0.27
2   206.03  -241.71   -67.00     0.27
2   219.62  -249.72   -67.00     0.27
2   227.36  -247.85   -67.00     0.27
2   242.82  -247.32   -67.00     0.27
2   256.68  -248.12   -67.00     0.27
2   264.15  -251.32   -67.00     0.27
2   213.22  -256.6   -67.00     0.27
2   203.89  -254.80   -67.00     0.27
2   180.96  -246.78   -67.00     0.27
2   160.70  -204.32   -67.00     0.27
2   228.15  -111.37   -68.00     0.27
2   221.49  -116.71   -68.00     0.27
2   161.77  -190.96   -68.00     0.27
2   178.83  -226.22   -68.00     0.27
2   191.10  -232.89   -68.00     0.27
2   272.68  -220.88   -68.00     0.27
2   267.35  -211.53   -68.00     0.27
2   282.81  -206.72   -68.00     0.27
2   287.08  -199.78   -68.00     0.27
2   304.14  -182.41   -68.00     0.27
2   276.95  -180.01   -68.00     0.27
2   276.15  -170.93   -68.00     0.27
2   251.88  -180.28   -68.00     0.27
2   266.01  -175.47   -68.00     0.27
2   260.68  -185.35   -68.00     0.27
2   265.21  -161.31   -68.00     0.27
2   260.95  -151.43   -68.00     0.27
2   261.48  -143.95   -68.00     0.27
2   245.75  -143.15   -68.00     0.27
2   250.28  -133.00   -68.00     0.27
2   251.62  -113.50   -68.00     0.27
2   243.89  -109.23   -68.00     0.27
2   236.42  -105.49   -68.00     0.27
2   272.41  -101.22   -68.00     0.27
2   292.14  -111.90   -68.00     0.27
2   290.54  -131.40   -68.00     0.27
2   300.14  -141.28   -68.00     0.27
2   299.87  -205.38   -68.00     0.27
2   201.76  -184.82   -68.00     0.27
2   196.69  -173.33   -68.00     0.27
2   188.96  -181.61   -68.00     0.27
2   180.16  -187.49   -68.00     0.27
2   113.24  -195.23   -68.00     0.27
2   235.09  -180.01   -68.00     0.27
2   116.18  -153.83   -70.00     0.27
2   124.98  -149.03   -70.00     0.27
2   148.70  -107.63   -70.00     0.27
2   156.17  -101.22   -70.00     0.27
2   287.61  -240.64   -70.00     0.27
2   269.75  -244.2   -70.00     0.27
2   267.61  -240.37   -70.00     0.27
2   256.42  -240.2   -70.00     0.27
2   250.28  -239.04   -70.00     0.27
2   251.62  -247.32   -70.00     0.27
2   259.35  -251.86   -70.00     0.27
2   180.96  -254.80   -70.00     0.27
2   166.83  -124.19   -72.00     0.27
2   175.63  -127.39   -72.00     0.27
2   166.30  -103.35   -72.00     0.27
2   203.89   -85.19   -72.00     0.27
2   130.31  -141.55   -72.00     0.27
2   126.84  -194.97   -73.00     0.27
2   125.24  -184.55   -73.00     0.27
2   136.71  -197.64   -73.00     0.27
2   131.91  -206.72   -73.00     0.27
2   138.04  -209.92   -73.00     0.27
2   136.44  -219.81   -73.00     0.27
2   145.77  -217.94   -73.00     0.27
2   148.17  -207.79   -73.00     0.27
2   127.38  -216.07   -73.00     0.27
2   120.44  -210.99   -73.00     0.27
2   132.97  -160.51   -73.00     0.27
2   139.91  -161.31   -73.00     0.27
2   172.17  -111.10   -73.00     0.27
2   177.76  -116.44   -73.00     0.27
2   187.90  -107.09   -73.00     0.27
2   204.43  -106.29   -73.00     0.27
2   218.02  -105.76   -73.00     0.27
2   213.22   -90.80   -73.00     0.27
2   232.42   -93.74   -73.00     0.27
2   209.23  -146.09   -73.00     0.27
2   198.29  -140.48   -73.00     0.27
2   188.96  -138.08   -73.00     0.27
2   250.02  -125.26   -73.00     0.27
2   307.61  -203.78   -73.00     0.27
2   307.07  -196.57   -73.00     0.27
2   295.34  -215.00   -73.00     0.27
2   231.09  -222.21   -73.00     0.27
2   217.22  -219.27   -73.00     0.27
2   134.57  -172.53   -73.00     0.27
2   119.64  -135.67   -73.00     0.27
2   121.24  -126.86   -73.00     0.27
2   194.56  -159.18   -74.00     0.27
2   180.70  -168.53   -74.00     0.27
2   172.70  -177.87   -74.00     0.27
2   167.63  -179.74   -74.00     0.27
2   204.16  -164.79   -74.00     0.27
2   204.69  -174.94   -74.00     0.27
2   216.96  -178.67   -74.00     0.27
2   226.02  -184.28   -74.00     0.27
2   215.62  -192.03   -74.00     0.27
2   224.42  -202.18   -74.00     0.27
2   230.29  -165.05   -74.00     0.27
2   234.55  -155.17   -74.00     0.27
2   215.62  -161.85   -74.00     0.27
2   202.03  -156.77   -74.00     0.27
2   242.02  -162.2   -74.00     0.27
2   238.55  -175.47   -74.00     0.27
2   170.30  -217.40   -74.00     0.27
2   191.63  -115.2   -74.00     0.27
2   196.16  -103.35   -74.00     0.27
2   186.30   -95.61   -74.00     0.27
2   268.15  -126.32   -74.00     0.27
2   284.94  -129.80   -74.00     0.27
2   269.48  -137.81   -74.00     0.27
2   275.88  -145.56   -74.00     0.27
2   289.48  -227.55   -74.00     0.27
2   245.22  -208.06   -74.00     0.27
2   200.69  -241.17   -77.00     0.27
2   198.83  -251.32   -77.00     0.27
2   209.76  -248.92   -77.00     0.27
2   209.23  -236.90   -77.00     0.27
2   202.83  -231.29   -77.00     0.27
2   201.23  -227.02   -77.00     0.27
2   233.75  -235.03   -77.00     0.27
2   227.62  -244.38   -77.00     0.27
2   223.62  -231.29   -77.00     0.27
2   162.30  -211.79   -77.00     0.27
2   151.37  -201.91   -77.00     0.27
2   162.83  -195.77   -77.00     0.27
2   148.44  -189.63   -77.00     0.27
2   254.28  -142.08   -77.00     0.27
2   234.82  -125.79   -77.00     0.27
2   240.95  -124.45   -77.00     0.27
2   220.42   -80.92   -77.00     0.27
2   242.29   -97.48   -77.00     0.27
2   293.74  -108.96   -77.00     0.27
2   302.54  -139.14   -77.00     0.27
2   314.00  -139.41   -77.00     0.27
2   295.61  -165.59   -77.00     0.27
2   292.68  -155.70   -77.00     0.27
2   296.67  -196.30   -77.00     0.27
2   303.61  -185.08   -77.00     0.27
2   287.34  -198.71   -77.00     0.27
2   280.14  -222.21   -77.00     0.27
2   255.62  -221.94   -77.00     0.27
2   267.08  -216.33   -77.00     0.27
2   115.64  -197.10   -77.00     0.27
2   112.98  -177.07   -77.00     0.27
2   254.55  -165.59   -77.00     0.27
2   250.28  -155.70   -77.00     0.27
2   260.68  -154.10   -77.00     0.27
2   276.15  -169.59   -77.00     0.27
2   208.69  -134.07   -77.00     0.27
2   146.57  -107.36   -79.00     0.27
2   193.23  -263.88   -79.00     0.27
2   156.17  -248.39   -79.00     0.27
2   218.56  -262.81   -79.00     0.27
2   229.22  -257.47   -79.00     0.27
2   239.35  -245.98   -79.00     0.27
2   241.22  -251.59   -79.00     0.27
2   241.49  -256.40   -79.00     0.27
2   258.02  -251.06   -79.00     0.27
2   254.02  -245.72   -79.00     0.27
2   273.75  -246.52   -79.00     0.27
2   286.81  -241.98   -79.00     0.27
2   280.68  -254.26   -79.00     0.27
2   237.49  -191.50   -79.00     0.27
2   205.76  -122.05   -79.00     0.27
2   307.07  -149.56   -79.00     0.27
2   299.34  -152.50   -79.00     0.27
2   317.20  -149.03   -79.00     0.27
2   287.08  -119.38   -79.00     0.27
2   122.31  -166.39   -79.00     0.27
2   112.98  -157.57   -79.00     0.27
2   113.78  -149.56   -79.00     0.27
2   134.31  -113.77   -79.00     0.27
2   155.64  -161.58   -79.00     0.27
2   148.97  -131.93   -79.00     0.27
2   189.23  -244.91   -79.00     0.27
2   171.37  -235.57   -79.00     0.27
2   255.88  -182.68   -79.00     0.27
2   246.28  -185.08   -79.00     0.27
2   182.30   -95.07   -82.00     0.27
2   196.43   -94.81   -82.00     0.27
2   195.09  -102.82   -82.00     0.27
2   206.29  -107.36   -82.00     0.27
2   210.03   -90.80   -82.00     0.27
2   127.91  -192.83   -82.00     0.27
2   126.04  -182.68   -82.00     0.27
2   131.2  -201.64   -82.00     0.27
2   139.91  -198.97   -82.00     0.27
2   185.23  -237.70   -82.00     0.27
2   176.97  -241.17   -82.00     0.27
2   196.96  -256.6   -82.00     0.27
2   309.47  -206.72   -82.00     0.27
2   308.94  -194.70   -82.00     0.27
2   298.01  -213.40   -82.00     0.27
2   172.43  -176.54   -82.00     0.27
2   191.10  -167.99   -82.00     0.27
2   194.03  -179.48   -82.00     0.27
2   207.63  -185.89   -82.00     0.27
2   217.49  -184.02   -82.00     0.27
2   232.15  -185.89   -82.00     0.27
2   243.09  -181.88   -82.00     0.27
2   242.29  -174.40   -82.00     0.27
2   235.62  -155.70   -82.00     0.27
2   224.96  -159.44   -82.00     0.27
2   210.29  -148.49   -82.00     0.27
2   257.48  -124.19   -82.00     0.27
2   259.35  -133.00   -82.00     0.27
2   275.08  -135.67   -82.00     0.27
2   275.35  -144.22   -82.00     0.27
2   279.61  -150.63   -82.00     0.27
2   134.84  -162.92   -82.00     0.27
2   171.37  -104.96   -82.00     0.27
2   207.09  -253.46   -86.00     0.27
2   210.29  -246.25   -86.00     0.27
2   198.29  -239.31   -86.00     0.27
2   203.36  -236.37   -86.00     0.27
2   214.02  -229.42   -86.00     0.27
2   222.56  -232.63   -86.00     0.27
2   219.89  -239.31   -86.00     0.27
2   219.36  -250.79   -86.00     0.27
2   228.15  -249.72   -86.00     0.27
2   230.82  -241.71   -86.00     0.27
2   235.09  -235.03   -86.00     0.27
2   283.61  -164.25   -86.00     0.27
2   295.61  -165.59   -86.00     0.27
2   290.01  -155.97   -86.00     0.27
2   299.61  -196.84   -86.00     0.27
2   301.47  -185.08   -86.00     0.27
2   310.54  -188.02   -86.00     0.27
2   312.40  -134.60   -86.00     0.27
2   307.07  -142.08   -86.00     0.27
2   298.81  -131.6   -86.00     0.27
2   270.28  -118.31   -86.00     0.27
2   275.88  -125.79   -86.00     0.27
2   282.81  -122.85   -86.00     0.27
2   291.08  -108.43   -86.00     0.27
2   231.89   -89.47   -86.00     0.27
2   239.62   -87.60   -86.00     0.27
2   221.22   -79.05   -86.00     0.27
2   140.17  -140.75   -86.00     0.27
2   238.55  -126.32   -86.00     0.27
2   242.02  -122.05   -86.00     0.27
2   248.42  -124.19   -86.00     0.27
2   248.42  -134.34   -86.00     0.27
2   253.22  -144.22   -86.00     0.27
2   159.90  -190.43   -86.00     0.27
2   166.57  -245.72   -86.00     0.27
2   133.51  -114.31   -87.00     0.27
2   139.91  -108.16   -87.00     0.27
2   117.78  -193.63   -87.00     0.27
2   115.91  -176.81   -87.00     0.27
2   126.04  -159.44   -87.00     0.27
2   306.81  -151.70   -87.00     0.27
2   295.61  -153.30   -87.00     0.27
2   315.34  -149.29   -87.00     0.27
2   284.14  -112.70   -87.00     0.27
2   147.90  -126.32   -87.00     0.27
2   277.48  -249.45   -87.00     0.27
2   271.08  -245.72   -87.00     0.27
2   285.21  -246.52   -87.00     0.27
2   283.61  -238.50   -87.00     0.27
2   219.89  -262.81   -87.00     0.27
2   216.42  -269.75   -87.00     0.27
2   227.62  -261.47   -87.00     0.27
2   186.56  -263.34   -87.00     0.27
2   170.03  -264.14   -87.00     0.27
2   163.90  -259.60   -87.00     0.27
2   154.04  -248.12   -87.00     0.27
2   164.70  -234.50   -87.00     0.27
2   165.77  -227.55   -87.00     0.27
2   150.84  -188.02   -87.00     0.27
2   145.77  -211.79   -89.00     0.27
2   150.04  -215.27   -89.00     0.27
2   190.56  -160.25   -92.00     0.27
2   200.69  -151.16   -92.00     0.27
2   207.36  -149.29   -92.00     0.27
2   223.09  -158.91   -92.00     0.27
2   218.82  -166.66   -92.00     0.27
2   228.15  -180.01   -92.00     0.27
2   234.82  -192.30   -92.00     0.27
2   244.42  -192.30   -92.00     0.27
2   247.08  -179.48   -92.00     0.27
2   248.95  -168.53   -92.00     0.27
2   135.91  -206.45   -92.00     0.27
2   188.96  -247.05   -92.00     0.27
2   185.23  -241.98   -92.00     0.27
2   242.02  -264.95   -92.00     0.27
2   238.02  -259.60   -92.00     0.27
2   244.95  -253.73   -92.00     0.27
2   241.49  -248.12   -92.00     0.27
2   294.01  -191.23   -92.00     0.27
2   309.74  -192.30   -92.00     0.27
2   270.81  -177.07   -92.00     0.27
2   274.28  -137.28   -92.00     0.27
2   268.41  -142.08   -92.00     0.27
2   257.22  -128.19   -92.00     0.27
2   255.88  -120.18   -92.00     0.27
2   264.68  -114.84   -92.00     0.27
2   264.15  -102.82   -92.00     0.27
2   209.76   -99.88   -92.00     0.27
2   195.09  -104.42   -92.00     0.27
2   186.30   -95.34   -92.00     0.27
2   174.57   -97.21   -92.00     0.27
2   166.57  -101.22   -92.00     0.27
2   153.24  -118.31   -92.00     0.27
2   145.24  -140.21   -94.00     0.27
2   164.17  -147.96   -94.00     0.27
2   231.62   -98.01   -94.00     0.27
2   224.69   -91.87   -94.00     0.27
2   244.95   -85.46   -94.00     0.27
2   200.16  -233.70   -94.00     0.27
2   202.56  -236.90   -94.00     0.27
2   202.83  -228.09   -94.00     0.27
2   214.82  -229.16   -94.00     0.27
2   228.69  -226.22   -94.00     0.27
2   236.42  -232.89   -94.00     0.27
2   231.89  -239.57   -94.00     0.27
2   224.96  -241.17   -94.00     0.27
2   222.29  -249.45   -94.00     0.27
2   213.22  -253.73   -94.00     0.27
2   208.96  -249.19   -94.00     0.27
2   198.83  -252.6   -94.00     0.27
2   160.17  -249.45   -94.00     0.27
2   118.31  -185.89   -97.00     0.27
2   128.44  -193.63   -97.00     0.27
2   129.51  -210.73   -97.00     0.27
2   146.57  -212.33   -97.00     0.27
2   141.77  -200.58   -97.00     0.27
2   181.23  -263.34   -97.00     0.27
2   212.69  -269.22   -97.00     0.27
2   221.49  -268.95   -97.00     0.27
2   229.75  -261.74   -97.00     0.27
2   272.15  -251.32   -97.00     0.27
2   290.28  -166.66   -97.00     0.27
2   280.94  -169.86   -97.00     0.27
2   298.27  -174.67   -97.00     0.27
2   311.07  -171.46   -97.00     0.27
2   303.87  -149.83   -97.00     0.27
2   293.21  -155.70   -97.00     0.27
2   311.60  -138.34   -97.00     0.27
2   282.54  -125.52   -97.00     0.27
2   271.35  -120.18   -97.00     0.27
2   188.43  -130.33   -97.00     0.27
2   169.50  -138.34   -97.00     0.27
2   178.30  -193.36   -97.00     0.27
2   198.03  -181.08   -97.00     0.27
2   207.09  -200.04   -97.00     0.27
2   245.75  -158.91   -97.00     0.27
2   239.62  -150.63   -97.00     0.27
2   247.88  -140.48   -97.00     0.27
2   226.56  -134.07   -97.00     0.27
2   215.62  -129.26   -97.00     0.27
2   295.07  -127.93   -97.00     0.27
2   146.57  -124.19  -100.00     0.27
2   143.91  -190.69  -100.00     0.27
2   152.97  -186.95  -100.00     0.27
2   142.31  -174.67  -100.00     0.27
2   129.51  -175.74  -100.00     0.27
2   188.70  -157.84  -100.00     0.27
2   198.83  -150.36  -100.00     0.27
2   209.76  -148.23  -100.00     0.27
2   211.62  -162.38  -100.00     0.27
2   223.09  -172.53  -100.00     0.27
2   228.42  -180.81  -100.00     0.27
2   243.62  -256.40  -100.00     0.27
2   250.82  -247.58  -100.00     0.27
2   238.82  -244.91  -100.00     0.27
2   113.51  -173.60  -100.00     0.27
2   198.29  -107.09  -100.00     0.27
2   191.10  -103.89  -100.00     0.27
2   204.43  -101.48  -100.00     0.27
2   267.88  -133.54  -100.00     0.27
2   253.48  -123.92  -100.00     0.27
2   255.08  -259.07  -103.00     0.27
2   259.62  -249.99  -103.00     0.27
2   269.75  -240.37  -103.00     0.27
2   282.54  -238.77  -103.00     0.27
2   279.88  -250.52  -103.00     0.27
2   308.67  -246.25  -103.00     0.27
2   299.07  -206.19  -103.00     0.27
2   302.81  -214.73  -103.00     0.27
2   205.76  -252.93  -103.00     0.27
2   200.43  -240.2  -103.00     0.27
2   213.49  -239.04  -103.00     0.27
2   222.82  -240.64  -103.00     0.27
2   230.29  -238.77  -103.00     0.27
2   219.62  -251.06  -103.00     0.27
2   214.29  -252.6  -103.00     0.27
2   216.69  -228.09  -103.00     0.27
2   233.49  -224.88  -103.00     0.27
2   251.35  -169.33  -103.00     0.27
2   231.09  -156.51  -103.00     0.27
2   154.57  -116.71  -103.00     0.27
2   173.77  -127.6  -103.00     0.27
2   177.23  -108.43  -103.00     0.27
2   180.43  -102.29  -103.00     0.27
2   248.68  -182.41  -103.00     0.27
2   269.48  -161.05  -103.00     0.27
2   253.48  -157.04  -103.00     0.27
2   277.21  -154.37  -103.00     0.27
2   146.84  -227.02  -103.00     0.27
2   218.02  -127.6  -106.00     0.27
2   226.56  -135.41  -106.00     0.27
2   284.41  -125.26  -106.00     0.27
2   292.94  -130.86  -106.00     0.27
2   293.74  -146.09  -106.00     0.27
2   298.27  -156.24  -106.00     0.27
2   291.08  -158.2  -106.00     0.27
2   302.54  -169.33  -106.00     0.27
2   282.81  -167.19  -106.00     0.27
2   234.02  -251.06  -106.00     0.27
2   232.42  -268.95  -106.00     0.27
2   141.77  -135.41  -106.00     0.27
2   150.84  -140.75  -106.00     0.27
2   166.83  -149.56  -106.00     0.27
2   219.62  -101.75  -106.00     0.27
2   267.35  -119.65  -106.00     0.27
2   227.09  -270.02  -106.00     0.27
2   261.21  -120.45  -109.00     0.27
2   242.29  -122.32  -109.00     0.27
2   248.68  -137.01  -109.00     0.27
2   262.81  -133.80  -109.00     0.27
2   127.91  -216.87  -109.00     0.27
2   124.18  -202.71  -109.00     0.27
2   177.23  -262.81  -109.00     0.27
2   148.70  -248.65  -109.00     0.27
2   205.23  -154.10  -109.00     0.27
2   219.36  -146.62  -109.00     0.27
2   126.58  -160.78  -109.00     0.27
2   134.04  -162.65  -109.00     0.27
2   123.91  -170.93  -109.00     0.27
2   119.64  -187.22  -109.00     0.27
2   152.70  -177.07  -109.00     0.27
2   176.97  -180.54  -109.00     0.27
2   229.49  -179.74  -109.00     0.27
2   171.10  -220.34  -109.00     0.27
2   161.23  -239.31  -109.00     0.27
2   142.84  -201.2  -109.00     0.27
2   137.24  -196.04  -109.00     0.27
2   189.23  -120.45  -109.00     0.27
2   212.16  -127.39  -109.00     0.27
2   274.81  -179.74  -109.00     0.27
2   239.89  -240.64  -109.00     0.27
2   278.54  -246.25  -113.00     0.27
2   268.95  -248.65  -113.00     0.27
2   259.88  -254.00  -113.00     0.27
2   282.81  -255.60  -113.00     0.27
2   306.01  -245.45  -113.00     0.27
2   312.14  -245.45  -113.00     0.27
2   301.47  -208.59  -113.00     0.27
2   300.94  -219.54  -113.00     0.27
2   218.56  -106.56  -118.00     0.27
2   211.89  -255.86  -118.00     0.27
2   220.42  -266.01  -118.00     0.27
2   209.76  -267.88  -118.00     0.27
2   217.49  -244.38  -118.00     0.27
2   235.89  -259.87  -118.00     0.27
2   251.08  -257.73  -118.00     0.27
2   242.29  -244.38  -118.00     0.27
2   262.01  -262.28  -118.00     0.27
2   275.08  -259.07  -118.00     0.27
2   317.47  -235.83  -118.00     0.27
2   310.54  -209.92  -118.00     0.27
2   205.76  -100.42  -118.00     0.27
2   208.16  -127.39  -118.00     0.27
2   201.76  -130.60  -118.00     0.27
2   149.50  -144.22  -118.00     0.27
2   132.44  -174.67  -118.00     0.27
2   200.43  -228.09  -118.00     0.27
2   153.77  -237.44  -118.00     0.27
2   291.88  -194.43  -121.00     0.27
2   283.08  -183.22  -121.00     0.27
2   299.07  -191.50  -121.00     0.27
2   314.00  -197.10  -121.00     0.27
2   302.01  -171.20  -121.00     0.27
2   294.01  -154.64  -121.00     0.27
2   278.54  -153.57  -121.00     0.27
2   278.81  -244.91  -121.00     0.27
2   127.64  -193.90  -126.00     0.27
2   127.91  -177.87  -126.00     0.27
2   168.97  -208.86  -126.00     0.27
2   155.10  -190.96  -126.00     0.27
2   191.90  -228.89  -126.00     0.27
2   210.56  -255.06  -126.00     0.27
2   211.36  -265.75  -126.00     0.27
2   256.15  -260.67  -126.00     0.27
2   274.81  -258.00  -126.00     0.27
2   313.47  -243.31  -126.00     0.27
2   295.07  -205.92  -126.00     0.27
2   307.87  -203.78  -126.00     0.27
2   266.81  -173.60  -126.00     0.27
2   272.41  -164.79  -126.00     0.27
2   211.89  -143.69  -126.00     0.27
2   198.03  -118.85  -126.00     0.27
2   231.89  -259.07  -126.00     0.27
2   231.89  -246.25  -126.00     0.27
2   228.69  -236.63  -126.00     0.27
2   223.62  -233.96  -126.00     0.27
2   303.07  -222.48  -126.00     0.27
2   279.34  -150.63  -131.00     0.27
2   288.14  -146.36  -131.00     0.27
2   297.47  -134.07  -131.00     0.27
2   300.14  -159.18  -131.00     0.27
2   294.81  -185.89  -131.00     0.27
2   215.89  -158.38  -131.00     0.27
2   224.16  -139.41  -131.00     0.27
2   210.56  -131.93  -131.00     0.27
2   219.62  -107.89  -131.00     0.27
2   250.02  -166.12  -131.00     0.27
2   300.41  -172.00  -131.00     0.27
2   155.64  -144.75  -131.00     0.27
2   240.42   -99.08  -133.00     0.27
2   269.75  -202.18  -133.00     0.27
2   278.01  -181.61  -133.00     0.27
2   286.28  -167.19  -133.00     0.27
2   183.63  -253.73  -133.00     0.27
2   212.69  -245.18  -133.00     0.27
2   167.63  -161.31  -133.00     0.27
2   313.20  -232.09  -133.00     0.27
2   247.08  -259.87  -134.00     0.27
2   257.75  -262.28  -134.00     0.27
2   271.61  -247.05  -134.00     0.27
2   278.01  -257.47  -134.00     0.27
2   302.27  -198.97  -134.00     0.27
2   165.77  -242.51  -134.00     0.27
2   160.44  -208.59  -134.00     0.27
2   172.43  -205.38  -134.00     0.27
2   161.23  -190.96  -134.00     0.27
2   149.24  -193.63  -134.00     0.27
2   132.71  -181.35  -134.00     0.27
2   304.14  -241.17  -134.00     0.27
2   219.62  -241.71  -134.00     0.27
2   208.43  -124.99  -140.00     0.27
2   210.82  -111.63  -140.00     0.27
2   291.88  -137.81  -140.00     0.27
2   299.07  -150.10  -140.00     0.27
2   302.54  -173.87  -140.00     0.27
2   199.36  -130.06  -146.00     0.27
2   217.76  -134.34  -146.00     0.27
2   266.28  -147.69  -146.00     0.27
2   280.94  -167.46  -146.00     0.27
2   302.54  -201.64  -146.00     0.27
2   312.14  -233.43  -146.00     0.27
2   301.47  -233.70  -146.00     0.27
2   278.54  -260.41  -146.00     0.27
2   269.21  -249.99  -146.00     0.27
2   248.15  -243.31  -146.00     0.27
2   228.42  -247.32  -146.00     0.27
2   236.69  -242.51  -146.00     0.27
2   162.03  -203.51  -146.00     0.27
2   294.01  -242.78   -98.00     0.27
2   226.29  -125.79   -98.00     0.27
2   147.37  -164.52   -92.00     0.27
2   189.23   -79.85   -53.00     0.27
2   178.83   -87.06   -53.00     0.27
2   186.03   -84.39   -53.00     0.27
2   160.44   -92.40   -53.00     0.27
2   191.10  -145.82   -59.00     0.27
2   121.36  -169.27   -92.00     0.32
2   114.54  -157.55   -92.00     0.32
2   121.69  -216.15   -92.00     0.32
2   175.30  -236.33   -92.00     0.32
2   204.22   -74.22   -69.00     0.32
2   173.68   -74.87   -69.00     0.32
5   250.28  -158.91    -4.00     0.27
5   246.55  -151.16    -4.00     0.27
5   204.16  -141.82    -4.00     0.27
5   196.43  -159.98    -4.00     0.27
5   202.56  -164.25    -4.00     0.27
5   201.76  -175.20    -4.00     0.27
5   191.10  -172.26    -4.00     0.27
5   208.96  -162.65    -4.00     0.27
5   270.55  -209.12    -5.00     0.27
5   219.09  -151.97    -8.00     0.27
5   212.16  -157.31    -8.00     0.27
5   211.36  -149.29    -8.00     0.27
5   237.22  -181.88    -8.00     0.27
5   224.42  -178.67    -8.00     0.27
5   178.30  -178.67    -8.00     0.27
5   200.16  -165.05   -13.00     0.27
5   206.03  -160.78   -13.00     0.27
5   201.49  -178.67   -13.00     0.27
5   219.62  -165.59   -13.00     0.27
5   240.95  -159.18   -13.00     0.27
5   206.83  -143.42   -13.00     0.27
5   227.36  -121.52   -13.00     0.27
5   209.23  -106.29   -13.00     0.27
5   201.23   -94.54   -13.00     0.27
5   173.50  -143.15   -13.00     0.27
5   161.23  -158.64   -13.00     0.27
5   192.16  -158.64   -13.00     0.27
5   220.69  -149.56   -16.00     0.27
5   210.29  -148.49   -16.00     0.27
5   274.01  -160.78   -16.00     0.27
5   220.42  -178.67   -16.00     0.27
5   229.22  -178.67   -16.00     0.27
5   220.16  -197.10   -16.00     0.27
5   179.90  -178.41   -16.00     0.27
5   156.97  -138.88   -19.00     0.27
5   169.77  -115.91   -19.00     0.27
5   171.63   -97.48   -19.00     0.27
5   199.63  -106.29   -19.00     0.27
5   235.09  -158.91   -19.00     0.27
5   216.96  -139.14   -19.00     0.27
5   271.35  -206.99   -19.00     0.27
5   264.95  -183.48   -19.00     0.27
5   259.62  -180.28   -19.00     0.27
5   236.69  -180.54   -19.00     0.27
5   192.16  -105.76   -19.00     0.27
5   165.23  -149.03   -19.00     0.27
5   276.15  -209.12   -19.00     0.27
5   175.63  -196.84   -19.00     0.27
5   179.36  -158.2   -23.00     0.27
5   170.83  -138.88   -23.00     0.27
5   226.56  -117.78   -23.00     0.27
5   194.03   -94.54   -23.00     0.27
5   201.23   -92.14   -23.00     0.27
5   214.82  -205.38   -23.00     0.27
5   198.29  -123.65   -26.00     0.27
5   185.23  -158.2   -26.00     0.27
5   175.90  -178.67   -26.00     0.27
5   223.36  -179.21   -26.00     0.27
5   283.88  -200.84   -26.00     0.27
5   155.10  -124.72   -26.00     0.27
5   225.22  -194.43   -26.00     0.27
5   217.76  -215.80   -26.00     0.27
5   210.82  -139.41   -28.00     0.27
5   157.77  -136.74   -28.00     0.27
5   166.57  -133.80   -28.00     0.27
5   171.37  -116.44   -28.00     0.27
5   168.17   -93.47   -28.00     0.27
5   194.29  -103.09   -28.00     0.27
5   206.29  -101.48   -28.00     0.27
5   202.83  -104.42   -28.00     0.27
5   200.43   -98.81   -28.00     0.27
5   232.69   -98.81   -28.00     0.27
5   268.41  -103.35   -28.00     0.27
5   276.68  -161.31   -28.00     0.27
5   287.08  -135.41   -28.00     0.27
5   265.48  -184.02   -28.00     0.27
5   246.55  -183.48   -28.00     0.27
5   243.89  -192.83   -28.00     0.27
5   236.69  -187.76   -28.00     0.27
5   176.70  -199.51   -28.00     0.27
5   154.84  -146.89   -28.00     0.27
5   241.49  -196.84   -32.00     0.27
5   164.43  -141.01   -32.00     0.27
5   190.56  -138.61   -32.00     0.27
5   146.30  -150.36   -32.00     0.27
5   201.23  -215.27   -32.00     0.27
5   216.69  -206.72   -32.00     0.27
5   231.62  -198.71   -32.00     0.27
5   257.75  -188.82   -32.00     0.27
5   252.95  -128.46   -32.00     0.27
5   168.70  -218.47   -35.00     0.27
5   162.83  -212.86   -35.00     0.27
5   165.50  -206.72   -35.00     0.27
5   170.57  -209.12   -35.00     0.27
5   178.30  -212.86   -35.00     0.27
5   199.89  -150.63   -35.00     0.27
5   205.49  -146.89   -35.00     0.27
5   222.82  -137.01   -35.00     0.27
5   230.55  -134.87   -35.00     0.27
5   214.82  -149.83   -35.00     0.27
5   206.29  -123.12   -35.00     0.27
5   220.16  -201.91   -38.00     0.27
5   233.75  -190.69   -38.00     0.27
5   242.82  -186.69   -38.00     0.27
5   259.08  -229.16   -38.00     0.27
5   265.48  -225.68   -38.00     0.27
5   184.43  -231.83   -38.00     0.27
5   164.17  -228.89   -38.00     0.27
5   177.76  -193.36   -38.00     0.27
5   198.56  -145.56   -38.00     0.27
5   202.03  -134.07   -38.00     0.27
5   257.22  -126.86   -38.00     0.27
5   259.35  -122.58   -38.00     0.27
5   268.15  -125.79   -38.00     0.27
5   284.94  -134.87   -38.00     0.27
5   285.48  -143.95   -38.00     0.27
5   276.95  -162.65   -38.00     0.27
5   263.88  -184.28   -38.00     0.27
5   268.95  -102.02   -38.00     0.27
5   232.69   -97.21   -38.00     0.27
5   246.55   -93.74   -38.00     0.27
5   166.57   -92.67   -38.00     0.27
5   170.03  -105.49   -38.00     0.27
5   191.36  -100.42   -38.00     0.27
5   251.62  -202.45   -38.00     0.27
5   250.02  -194.17   -38.00     0.27
5   282.28  -198.17   -38.00     0.27
5   271.88  -194.17   -38.00     0.27
5   276.41  -190.16   -38.00     0.27
5   292.68  -174.6   -38.00     0.27
5   283.88  -172.26   -38.00     0.27
5   285.48  -186.42   -38.00     0.27
5   146.84  -131.93   -41.00     0.27
5   147.37  -150.63   -41.00     0.27
5   147.37  -143.69   -41.00     0.27
5   128.44  -160.78   -41.00     0.27
5   202.56  -158.2   -41.00     0.27
5   224.16  -201.38   -41.00     0.27
5   231.62  -198.71   -41.00     0.27
5   238.82  -195.77   -41.00     0.27
5   240.15  -199.51   -41.00     0.27
5   232.95  -204.32   -41.00     0.27
5   222.29  -222.48   -43.00     0.27
5   166.57  -219.54   -43.00     0.27
5   169.77  -218.47   -44.00     0.27
5   177.23  -210.73   -44.00     0.27
5   168.70  -204.58   -44.00     0.27
5   210.56  -155.17   -44.00     0.27
5   211.36  -137.28   -44.00     0.27
5   216.96  -144.75   -44.00     0.27
5   227.89  -135.67   -44.00     0.27
5   191.36  -141.01   -44.00     0.27
5   149.77  -188.29   -47.00     0.27
5   148.97  -179.21   -47.00     0.27
5   163.37  -226.22   -47.00     0.27
5   184.16  -234.76   -47.00     0.27
5   252.68  -208.32   -47.00     0.27
5   248.68  -203.78   -47.00     0.27
5   254.55  -202.18   -47.00     0.27
5   250.82  -196.30   -47.00     0.27
5   255.08  -194.43   -47.00     0.27
5   263.61  -197.37   -47.00     0.27
5   259.88  -186.15   -47.00     0.27
5   269.21  -184.02   -47.00     0.27
5   272.41  -191.50   -47.00     0.27
5   273.48  -196.57   -47.00     0.27
5   277.48  -196.84   -47.00     0.27
5   278.01  -176.27   -47.00     0.27
5   268.95  -170.93   -47.00     0.27
5   281.48  -161.85   -47.00     0.27
5   289.21  -166.12   -47.00     0.27
5   285.21  -142.62   -47.00     0.27
5   283.88  -134.87   -47.00     0.27
5   270.81  -124.99   -47.00     0.27
5   265.21  -122.58   -47.00     0.27
5   233.75  -132.20   -47.00     0.27
5   243.09   -94.54   -47.00     0.27
5   247.08  -100.15   -47.00     0.27
5   253.48   -96.14   -47.00     0.27
5   263.61  -103.35   -47.00     0.27
5   269.21  -101.75   -47.00     0.27
5   136.17  -125.26   -47.00     0.27
5   203.36  -109.50   -47.00     0.27
5   255.62  -233.16   -47.00     0.27
5   266.55  -230.22   -47.00     0.27
5   266.55  -223.81   -47.00     0.27
5   266.01  -213.66   -47.00     0.27
5   179.10  -229.96   -47.00     0.27
5   167.37  -235.57   -47.00     0.27
5   229.49  -201.38   -50.00     0.27
5   222.02  -207.52   -50.00     0.27
5   234.29  -183.22   -50.00     0.27
5   245.48  -183.48   -50.00     0.27
5   210.82  -113.24   -50.00     0.27
5   145.77  -130.06   -50.00     0.27
5   126.04  -163.45   -50.00     0.27
5   151.90  -109.23   -50.00     0.27
5   288.94  -190.16   -50.00     0.27
5   282.81  -186.95   -50.00     0.27
5   210.82  -137.01   -52.00     0.27
5   221.76  -121.25   -52.00     0.27
5   269.48  -111.63   -52.00     0.27
5   166.30  -118.04   -52.00     0.27
5   188.43  -107.89   -52.00     0.27
5   137.24  -225.68   -52.00     0.27
5   164.97  -218.47   -52.00     0.27
5   222.56  -220.34   -52.00     0.27
5   243.09  -207.52   -52.00     0.27
5   286.81  -180.01   -52.00     0.27
5   274.01  -160.51   -52.00     0.27
5   292.68  -145.29   -52.00     0.27
5   181.23  -233.70   -56.00     0.27
5   187.63  -239.04   -56.00     0.27
5   258.82  -229.96   -56.00     0.27
5   260.95  -224.08   -56.00     0.27
5   246.28  -227.29   -56.00     0.27
5   264.15  -209.66   -56.00     0.27
5   283.88  -220.34   -56.00     0.27
5   276.15  -193.90   -56.00     0.27
5   270.81  -172.80   -56.00     0.27
5   276.15  -179.21   -56.00     0.27
5   283.34  -173.87   -56.00     0.27
5   275.88  -166.66   -56.00     0.27
5   284.68  -166.12   -56.00     0.27
5   133.24  -127.66   -56.00     0.27
5   140.71  -128.73   -56.00     0.27
5   140.71  -123.92   -56.00     0.27
5   260.42  -130.60   -56.00     0.27
5   282.81  -130.06   -56.00     0.27
5   272.41  -134.60   -56.00     0.27
5   145.50  -188.29   -56.00     0.27
5   161.50  -235.83   -56.00     0.27
5   162.83  -227.02   -56.00     0.27
5   156.97  -222.75   -56.00     0.27
5   245.75   -97.48   -56.00     0.27
5   250.82   -97.48   -56.00     0.27
5   258.55   -97.75   -56.00     0.27
5   233.75  -139.41   -56.00     0.27
5   217.76  -146.36   -56.00     0.27
5   211.09  -224.61   -56.00     0.27
5   210.56  -216.33   -56.00     0.27
5   206.03  -247.32   -56.00     0.27
5   254.82  -182.95   -56.00     0.27
5   229.75  -193.36   -56.00     0.27
5   153.77  -106.83   -59.00     0.27
5   226.56  -109.76   -59.00     0.27
5   184.96  -194.97   -59.00     0.27
5   178.83  -184.55   -59.00     0.27
5   192.70  -192.30   -59.00     0.27
5   223.62  -237.17   -59.00     0.27
5   208.16  -244.2   -59.00     0.27
5   238.29  -184.28   -59.00     0.27
5   133.51  -122.58   -66.00     0.27
5   138.04  -127.66   -66.00     0.27
5   146.84  -121.25   -66.00     0.27
5   147.37  -190.16   -66.00     0.27
5   149.24  -237.17   -66.00     0.27
5   155.37  -236.63   -66.00     0.27
5   162.03  -231.29   -66.00     0.27
5   165.23  -240.91   -66.00     0.27
5   155.10  -223.81   -66.00     0.27
5   135.64  -229.42   -66.00     0.27
5   177.76  -240.91   -66.00     0.27
5   184.16  -236.10   -66.00     0.27
5   195.09  -240.64   -66.00     0.27
5   193.76  -251.32   -66.00     0.27
5   258.55  -230.22   -66.00     0.27
5   246.28  -227.02   -66.00     0.27
5   240.69  -224.61   -66.00     0.27
5   239.09  -234.50   -66.00     0.27
5   231.62  -238.50   -66.00     0.27
5   246.28  -217.94   -66.00     0.27
5   263.61  -219.81   -66.00     0.27
5   282.81  -214.73   -66.00     0.27
5   279.88  -221.41   -66.00     0.27
5   271.61  -189.36   -66.00     0.27
5   291.34  -188.56   -66.00     0.27
5   289.21  -183.22   -66.00     0.27
5   294.27  -179.21   -66.00     0.27
5   271.35  -159.98   -66.00     0.27
5   281.48  -160.25   -66.00     0.27
5   288.14  -150.90   -66.00     0.27
5   278.81  -146.09   -66.00     0.27
5   257.22  -134.87   -66.00     0.27
5   248.95   -97.75   -66.00     0.27
5   244.42   -96.41   -66.00     0.27
5   256.42   -96.41   -66.00     0.27
5   243.62   -85.73   -66.00     0.27
5   213.76  -138.08   -66.00     0.27
5   205.23  -134.60   -66.00     0.27
5   233.22  -137.01   -66.00     0.27
5   249.75  -153.57   -66.00     0.27
5   229.75  -189.09   -66.00     0.27
5   233.22  -189.09   -66.00     0.27
5   237.22  -196.84   -66.00     0.27
5   205.23  -249.19   -66.00     0.27
5   186.56  -141.01   -66.00     0.27
5   148.70  -135.14   -66.00     0.27
5   137.51  -140.75   -67.00     0.27
5   145.50  -230.22   -67.00     0.27
5   166.03  -248.12   -67.00     0.27
5   170.57  -241.71   -67.00     0.27
5   174.57  -251.59   -67.00     0.27
5   185.23  -193.90   -67.00     0.27
5   271.35  -115.64   -67.00     0.27
5   294.81  -194.70   -67.00     0.27
5   227.09  -238.50   -67.00     0.27
5   254.02  -229.96   -67.00     0.27
5   310.80  -160.51   -67.00     0.27
5   146.84  -141.82   -67.00     0.27
5   254.28  -159.71   -68.00     0.27
5   263.08  -193.63   -68.00     0.27
5   191.90  -257.73   -70.00     0.27
5   171.63  -143.95   -72.00     0.27
5   278.81  -193.90   -72.00     0.27
5   298.81  -174.6   -72.00     0.27
5   290.28  -142.88   -72.00     0.27
5   235.62   -84.12   -72.00     0.27
5   156.70  -241.17   -74.00     0.27
5   152.17  -232.89   -74.00     0.27
5   161.77  -232.89   -74.00     0.27
5   159.64  -228.62   -74.00     0.27
5   187.90  -238.24   -74.00     0.27
5   177.76  -238.24   -74.00     0.27
5   242.82  -219.27   -74.00     0.27
5   258.55   -97.21   -74.00     0.27
5   250.28   -91.07   -74.00     0.27
5   258.82   -88.93   -74.00     0.27
5   143.64  -123.12   -74.00     0.27
5   198.03  -129.00   -74.00     0.27
5   174.30  -158.38   -74.00     0.27
5   168.17  -161.85   -74.00     0.27
5   245.75  -231.56   -77.00     0.27
5   276.95  -233.43   -77.00     0.27
5   268.15  -259.07   -77.00     0.27
5   178.30  -249.45   -77.00     0.27
5   166.03  -243.31   -77.00     0.27
5   166.57  -250.52   -77.00     0.27
5   144.17  -230.22   -77.00     0.27
5   127.2  -214.20   -77.00     0.27
5   132.71  -208.86   -77.00     0.27
5   148.17  -178.14   -77.00     0.27
5   133.77  -146.62   -77.00     0.27
5   268.95  -155.70   -77.00     0.27
5   293.74  -137.54   -77.00     0.27
5   275.61  -115.91   -77.00     0.27
5   258.82  -231.29   -77.00     0.27
5   186.56  -189.09   -77.00     0.27
5   247.88   -83.86   -77.00     0.27
5   220.69  -249.45   -77.00     0.27
5   221.49  -135.94   -77.00     0.27
5   298.54  -147.42   -79.00     0.27
5   306.54  -168.26   -79.00     0.27
5   266.28  -147.69   -79.00     0.27
5   175.90  -219.81   -79.00     0.27
5   235.35   -80.92   -82.00     0.27
5   252.42   -95.88   -82.00     0.27
5   255.88   -90.80   -82.00     0.27
5   263.08   -96.68   -82.00     0.27
5   243.62  -107.36   -82.00     0.27
5   230.82  -116.71   -82.00     0.27
5   287.08  -146.62   -82.00     0.27
5   188.43  -251.86   -82.00     0.27
5   157.24  -225.95   -82.00     0.27
5   123.38  -202.71   -82.00     0.27
5   210.56  -174.6   -82.00     0.27
5   118.31  -134.07   -82.00     0.27
5   269.75  -172.26   -82.00     0.27
5   269.75  -164.25   -82.00     0.27
5   194.83  -121.52   -82.00     0.27
5   145.50  -227.02   -86.00     0.27
5   131.37  -210.99   -86.00     0.27
5   174.30  -250.26   -86.00     0.27
5   247.88  -233.96   -86.00     0.27
5   249.75  -240.37   -86.00     0.27
5   261.75  -262.01   -86.00     0.27
5   270.81  -259.07   -86.00     0.27
5   252.42  -262.28   -86.00     0.27
5   257.75  -254.26   -86.00     0.27
5   304.67  -223.01   -86.00     0.27
5   304.41  -217.40   -86.00     0.27
5   269.21  -155.44   -86.00     0.27
5   221.76  -142.88   -86.00     0.27
5   276.68  -109.76   -86.00     0.27
5   149.77  -177.61   -86.00     0.27
5   206.29  -261.74   -86.00     0.27
5   323.34  -189.36   -86.00     0.27
5   264.68  -232.89   -86.00     0.27
5   262.01  -225.42   -86.00     0.27
5   271.61  -235.30   -86.00     0.27
5   278.81  -226.48   -86.00     0.27
5   134.84  -223.81   -89.00     0.27
5   174.03  -218.47   -89.00     0.27
5   166.83  -213.66   -89.00     0.27
5   306.81  -167.99   -89.00     0.27
5   290.01  -137.01   -89.00     0.27
5   216.42  -138.88   -89.00     0.27
5   201.23  -117.78   -92.00     0.27
5   206.83   -84.92   -92.00     0.27
5   122.58  -205.12   -92.00     0.27
5   283.61  -142.88   -92.00     0.27
5   262.81   -93.47   -92.00     0.27
5   233.22  -110.83   -92.00     0.27
5   244.95  -107.36   -92.00     0.27
5   182.30  -159.98   -92.00     0.27
5   143.91  -157.31   -92.00     0.27
5   136.44  -124.99   -92.00     0.27
5   302.27  -229.96   -92.00     0.27
5   311.07  -212.06   -92.00     0.27
5   313.74  -202.71   -92.00     0.27
5   297.21  -210.19   -92.00     0.27
5   271.61  -198.17   -92.00     0.27
5   134.84  -187.49   -92.00     0.27
5   141.24  -185.62   -92.00     0.27
5   135.64  -176.00   -92.00     0.27
5   250.02  -230.76   -94.00     0.27
5   255.35  -236.63   -94.00     0.27
5   255.62  -261.47   -94.00     0.27
5   266.81  -262.81   -94.00     0.27
5   204.16  -219.54   -94.00     0.27
5   144.70  -231.03   -94.00     0.27
5   150.30  -227.55   -94.00     0.27
5   267.61  -155.44   -94.00     0.27
5   304.94  -186.95   -94.00     0.27
5   313.47  -182.15   -94.00     0.27
5   327.07  -192.56   -94.00     0.27
5   297.47  -192.56   -94.00     0.27
5   320.14  -159.44   -94.00     0.27
5   305.47  -219.01   -94.00     0.27
5   276.15  -218.20   -94.00     0.27
5   245.22  -219.01   -94.00     0.27
5   248.42  -213.6   -94.00     0.27
5   237.22  -209.12   -94.00     0.27
5   174.30  -252.6   -94.00     0.27
5   182.56  -253.46   -94.00     0.27
5   192.96  -259.60   -94.00     0.27
5   208.16  -262.54   -94.00     0.27
5   132.44  -138.34   -94.00     0.27
5   164.70  -220.88   -97.00     0.27
5   159.10  -213.40   -97.00     0.27
5   164.43  -209.66   -97.00     0.27
5   171.63  -216.60   -97.00     0.27
5   130.84  -222.21   -97.00     0.27
5   327.60  -180.81   -97.00     0.27
5   282.01  -108.70   -97.00     0.27
5   125.51  -155.44   -97.00     0.27
5   120.98  -146.36   -97.00     0.27
5   292.94  -211.79  -100.00     0.27
5   314.27  -209.66  -100.00     0.27
5   305.47  -222.48  -100.00     0.27
5   301.74  -234.50  -100.00     0.27
5   147.90  -154.90  -100.00     0.27
5   132.97  -181.35  -100.00     0.27
5   203.63  -116.44  -100.00     0.27
5   237.22  -114.04  -100.00     0.27
5   253.75   -92.14  -100.00     0.27
5   264.68   -95.61  -100.00     0.27
5   288.41  -114.31  -100.00     0.27
5   284.14  -144.75  -100.00     0.27
5   286.01  -141.01  -100.00     0.27
5   178.03  -237.97  -100.00     0.27
5   243.62  -268.42  -100.00     0.27
5   166.83  -252.39  -103.00     0.27
5   179.36  -254.80  -103.00     0.27
5   182.30  -245.18  -103.00     0.27
5   185.23  -254.26  -103.00     0.27
5   191.36  -251.32  -103.00     0.27
5   192.43  -264.41  -103.00     0.27
5   199.89  -267.62  -103.00     0.27
5   268.15  -262.81  -103.00     0.27
5   252.95  -239.04  -103.00     0.27
5   259.35  -234.76  -103.00     0.27
5   251.08  -228.09  -103.00     0.27
5   298.54  -195.50  -103.00     0.27
5   310.80  -189.36  -103.00     0.27
5   308.94  -180.81  -103.00     0.27
5   324.67  -195.23  -103.00     0.27
5   315.60  -155.17  -103.00     0.27
5   133.24  -141.01  -103.00     0.27
5   125.24  -143.69  -103.00     0.27
5   171.10  -234.76  -103.00     0.27
5   139.91  -220.61  -103.00     0.27
5   161.23  -214.47  -106.00     0.27
5   216.16  -263.88  -106.00     0.27
5   130.31  -189.89  -106.00     0.27
5   142.57  -155.97  -106.00     0.27
5   129.77  -152.23  -106.00     0.27
5   174.30  -197.10  -109.00     0.27
5   239.62  -108.70  -109.00     0.27
5   262.28   -93.74  -109.00     0.27
5   302.27  -235.83  -109.00     0.27
5   311.34  -221.14  -109.00     0.27
5   315.87  -213.66  -109.00     0.27
5   250.28  -265.48  -109.00     0.27
5   275.61  -267.35  -109.00     0.27
5   285.48  -263.08  -109.00     0.27
5   292.94  -176.00  -109.00     0.27
5   284.41  -153.03  -109.00     0.27
5   133.77  -178.14  -109.00     0.27
5   173.23   -98.55  -113.00     0.27
5   193.50  -105.76  -113.00     0.27
5   230.82  -106.29  -113.00     0.27
5   319.07  -158.64  -113.00     0.27
5   312.67  -182.15  -113.00     0.27
5   321.74  -195.50  -113.00     0.27
5   315.34  -189.36  -113.00     0.27
5   305.47  -190.16  -113.00     0.27
5   290.01  -197.10  -113.00     0.27
5   292.14  -207.79  -113.00     0.27
5   286.54  -215.00  -113.00     0.27
5   255.88  -244.2  -113.00     0.27
5   252.42  -233.96  -113.00     0.27
5   244.15  -223.28  -113.00     0.27
5   193.76  -256.67  -113.00     0.27
5   187.90  -249.99  -113.00     0.27
5   180.16  -256.40  -113.00     0.27
5   179.36  -247.58  -113.00     0.27
5   172.43  -252.39  -113.00     0.27
5   152.17  -225.68  -113.00     0.27
5   199.09  -264.41  -113.00     0.27
5   208.69  -262.01  -113.00     0.27
5   230.29  -117.51  -113.00     0.27
5   282.01  -131.93  -113.00     0.27
5   286.01  -111.90  -113.00     0.27
5   264.41  -112.44  -113.00     0.27
5   131.64  -139.41  -113.00     0.27
5   151.10  -157.04  -113.00     0.27
5   170.57  -190.16  -113.00     0.27
5   199.89  -189.63  -113.00     0.27
5   162.83  -214.20  -115.00     0.27
5   167.90  -253.19  -115.00     0.27
5   226.82  -271.62  -115.00     0.27
5   138.31  -200.04  -118.00     0.27
5   147.90  -212.60  -118.00     0.27
5   139.91  -217.94  -118.00     0.27
5   127.38  -185.62  -118.00     0.27
5   139.64  -192.83  -118.00     0.27
5   140.71  -183.22  -118.00     0.27
5   304.41  -235.03  -118.00     0.27
5   309.47  -231.29  -118.00     0.27
5   312.94  -216.33  -118.00     0.27
5   144.17  -138.88  -118.00     0.27
5   155.64  -132.73  -118.00     0.27
5   171.37  -149.03  -118.00     0.27
5   172.70  -238.24  -118.00     0.27
5   166.03  -228.09  -118.00     0.27
5   209.76  -219.01  -118.00     0.27
5   316.67  -155.70  -121.00     0.27
5   314.27  -183.22  -121.00     0.27
5   322.80  -195.50  -121.00     0.27
5   287.61  -199.51  -121.00     0.27
5   280.41  -130.06  -121.00     0.27
5   266.81  -116.44  -121.00     0.27
5   262.81   -98.81  -121.00     0.27
5   233.49  -106.29  -121.00     0.27
5   212.69   -94.27  -121.00     0.27
5   186.30  -124.45  -121.00     0.27
5   162.57  -132.73  -121.00     0.27
5   146.04  -224.35  -121.00     0.27
5   180.43  -246.78  -121.00     0.27
5   192.70  -252.6  -121.00     0.27
5   195.09  -247.85  -121.00     0.27
5   250.82  -209.39  -121.00     0.27
5   244.15  -218.47  -121.00     0.27
5   171.90  -192.83  -121.00     0.27
5   238.02  -140.21  -121.00     0.27
5   314.27  -211.79  -126.00     0.27
5   300.94  -244.2  -126.00     0.27
5   231.89  -269.49  -126.00     0.27
5   227.89  -265.21  -126.00     0.27
5   217.49  -267.88  -126.00     0.27
5   170.57  -242.24  -126.00     0.27
5   174.03  -236.63  -126.00     0.27
5   162.83  -229.96  -126.00     0.27
5   159.64  -217.67  -126.00     0.27
5   139.37  -201.91  -126.00     0.27
5   296.41  -230.49  -126.00     0.27
5   310.54  -220.88  -126.00     0.27
5   296.14  -246.25  -126.00     0.27
5   251.62  -248.92  -126.00     0.27
5   171.90  -254.00  -126.00     0.27
5   167.63  -249.99  -126.00     0.27
5   133.77  -218.20  -126.00     0.27
5   141.51  -212.60  -126.00     0.27
5   167.10  -200.04  -126.00     0.27
5   161.77  -178.41  -126.00     0.27
5   174.57  -147.69  -126.00     0.27
5   258.02  -117.78  -126.00     0.27
5   227.62  -101.48  -126.00     0.27
5   145.24  -176.54  -126.00     0.27
5   179.90  -233.43  -126.00     0.27
5   203.09  -249.45  -126.00     0.27
5   204.69  -105.49  -131.00     0.27
5   165.23  -126.86  -131.00     0.27
5   174.57  -131.6  -131.00     0.27
5   133.51  -170.39  -131.00     0.27
5   276.95  -193.63  -131.00     0.27
5   309.74  -186.42  -131.00     0.27
5   311.07  -152.77  -131.00     0.27
5   255.62  -208.06  -131.00     0.27
5   205.76  -208.86  -131.00     0.27
5   209.49  -197.91  -131.00     0.27
5   193.76  -242.78  -131.00     0.27
5   236.95  -141.01  -131.00     0.27
5   162.30  -179.74  -134.00     0.27
5   140.97  -215.53  -134.00     0.27
5   155.37  -218.74  -134.00     0.27
5   164.70  -226.48  -134.00     0.27
5   171.63  -226.22  -134.00     0.27
5   173.50  -224.08  -134.00     0.27
5   176.43  -230.49  -134.00     0.27
5   173.77  -240.37  -134.00     0.27
5   207.63  -256.6  -134.00     0.27
5   219.09  -255.06  -134.00     0.27
5   282.01  -197.64  -134.00     0.27
5   311.34  -199.78  -134.00     0.27
5   252.68  -157.84  -134.00     0.27
5   237.22  -112.44  -134.00     0.27
5   228.95   -99.88  -134.00     0.27
5   171.10  -235.83  -138.00     0.27
5   180.43  -231.56  -138.00     0.27
5   184.96  -239.84  -138.00     0.27
5   214.29  -156.24  -140.00     0.27
5   235.89  -141.82  -140.00     0.27
5   172.70  -230.49  -146.00     0.27
5   172.70  -240.2  -146.00     0.27
5   187.90  -243.58  -146.00     0.27
5   207.89  -252.39  -146.00     0.27
5   227.09  -259.34  -146.00     0.27
5   215.89  -219.01  -146.00     0.27
5   204.16  -208.59  -146.00     0.27
5   223.89  -199.51  -146.00     0.27
5   273.48  -215.53  -146.00     0.27
5   283.61  -200.04  -146.00     0.27
5   294.54  -222.75  -146.00     0.27
5   318.00  -195.50  -146.00     0.27
5   315.87  -183.75  -146.00     0.27
5   242.29  -138.34  -150.00     0.27
5   206.03  -156.24  -150.00     0.27
5   181.50  -170.6  -137.00     0.27
5   187.10  -207.25  -137.00     0.27
5   233.22  -165.85  -137.00     0.27
5   182.56  -220.88  -140.00     0.27
5   183.90  -218.47  -140.00     0.27
5   232.82  -183.92   -41.00     0.32
5   255.24  -180.66   -41.00     0.32
5   214.94  -224.28   -41.00     0.32
5   301.05  -153.97   -47.00     0.32
5   216.24  -133.46   -47.00     0.32
6   197.23  -214.20   -19.00     0.27
6   279.61  -217.67   -23.00     0.27
6   230.82  -184.28   -23.00     0.27
6   231.09  -183.22   -32.00     0.27
6   278.01  -215.80   -32.00     0.27
6   176.17  -141.01   -32.00     0.27
6   183.10  -147.42   -44.00     0.27
6   176.97  -140.75   -44.00     0.27
6   191.10  -178.67   -44.00     0.27
6   231.09  -123.39   -44.00     0.27
6   305.47  -151.70   -47.00     0.27
6   226.02  -143.15   -47.00     0.27
6   176.17  -146.62   -50.00     0.27
6   192.43  -158.2   -50.00     0.27
6   191.90  -182.68   -52.00     0.27
6   217.49  -113.24   -52.00     0.27
6   233.49  -121.25   -52.00     0.27
6   235.89   -97.75   -52.00     0.27
6   189.23  -156.77   -59.00     0.27
6   179.10  -148.49   -59.00     0.27
6   169.50  -139.68   -59.00     0.27
6   307.07  -151.70   -59.00     0.27
6   231.89  -118.04   -60.00     0.27
6   216.16  -112.44   -60.00     0.27
6   232.42  -100.15   -60.00     0.27
6   209.76  -119.38   -61.00     0.27
6   176.70  -135.41   -62.00     0.27
6   258.55  -107.89   -64.00     0.27
6   265.75  -103.62   -64.00     0.27
6   190.03   -83.32   -64.00     0.27
6   159.37  -143.15   -67.00     0.27
6   216.69  -111.10   -68.00     0.27
6   307.34  -146.36   -70.00     0.27
6   206.56  -119.65   -70.00     0.27
6   176.70  -136.21   -70.00     0.27
6   181.23  -145.56   -70.00     0.27
6   201.76  -198.71   -70.00     0.27
6   264.95  -189.63   -70.00     0.27
6   256.95  -106.83   -72.00     0.27
6   263.08  -101.75   -72.00     0.27
6   191.90   -83.59   -72.00     0.27
6   254.28  -205.92   -74.00     0.27
6   292.41  -176.27   -74.00     0.27
6   285.48  -172.80   -74.00     0.27
6   195.63  -207.25   -76.00     0.27
6   193.23  -221.41   -76.00     0.27
6   159.10  -142.35   -77.00     0.27
6   231.35  -105.76   -77.00     0.27
6   226.29  -116.44   -77.00     0.27
6   274.01  -189.63   -77.00     0.27
6   286.01  -212.60   -77.00     0.27
6   190.30  -132.20   -77.00     0.27
6   170.83  -150.10   -79.00     0.27
6   182.56  -146.09   -79.00     0.27
6   185.76  -157.84   -79.00     0.27
6   176.17  -136.74   -79.00     0.27
6   172.43  -122.05   -79.00     0.27
6   156.17  -117.24   -79.00     0.27
6   264.41  -192.56   -79.00     0.27
6   196.16  -193.10   -79.00     0.27
6   204.69  -192.03   -79.00     0.27
6   179.63  -209.12   -79.00     0.27
6   186.03  -122.85   -82.00     0.27
6   253.75  -103.09   -82.00     0.27
6   251.88  -201.91   -82.00     0.27
6   223.09  -215.27   -82.00     0.27
6   179.36  -164.52   -82.00     0.27
6   289.21  -230.76   -82.00     0.27
6   294.54  -225.68   -82.00     0.27
6   291.34  -176.81   -82.00     0.27
6   285.21  -171.46   -82.00     0.27
6   264.95  -106.29   -82.00     0.27
6   163.10  -149.29   -82.00     0.27
6   175.10  -210.73   -82.00     0.27
6   195.89  -224.88   -86.00     0.27
6   191.90  -206.19   -86.00     0.27
6   187.90  -186.15   -86.00     0.27
6   276.41  -192.56   -86.00     0.27
6   281.48  -192.03   -86.00     0.27
6   285.21  -217.14   -86.00     0.27
6   229.22  -106.29   -86.00     0.27
6   225.49  -116.44   -86.00     0.27
6   125.24  -141.28   -86.00     0.27
6   196.96  -133.00   -86.00     0.27
6   163.37  -140.48   -86.00     0.27
6   163.63  -132.47   -86.00     0.27
6   179.63  -155.17   -87.00     0.27
6   170.57  -150.63   -87.00     0.27
6   171.37  -123.12   -87.00     0.27
6   200.96  -194.97   -87.00     0.27
6   266.55  -192.30   -87.00     0.27
6   182.83  -127.6   -92.00     0.27
6   193.76  -140.21   -92.00     0.27
6   173.50  -169.86   -92.00     0.27
6   171.63  -158.91   -92.00     0.27
6   154.84  -161.05   -92.00     0.27
6   176.70  -203.78   -92.00     0.27
6   181.23  -210.99   -92.00     0.27
6   218.29  -213.93   -92.00     0.27
6   253.22  -201.2   -92.00     0.27
6   251.08  -102.82   -92.00     0.27
6   289.21  -230.49   -92.00     0.27
6   216.42   -80.92   -94.00     0.27
6   228.15  -119.65   -94.00     0.27
6   126.04  -141.82   -94.00     0.27
6   166.83  -196.04   -94.00     0.27
6   158.04  -189.63   -94.00     0.27
6   286.54  -212.33   -94.00     0.27
6   275.08  -194.97   -94.00     0.27
6   280.41  -192.30   -94.00     0.27
6   226.82  -216.33   -94.00     0.27
6   209.23  -176.54   -94.00     0.27
6   194.29  -189.36   -94.00     0.27
6   194.29  -208.32   -94.00     0.27
6   191.63  -224.61   -94.00     0.27
6   228.15  -104.42   -94.00     0.27
6   158.84  -229.16   -97.00     0.27
6   157.77  -160.25  -100.00     0.27
6   176.70  -168.26  -100.00     0.27
6   181.76  -165.32  -100.00     0.27
6   191.63  -139.95  -100.00     0.27
6   135.91  -121.52  -100.00     0.27
6   250.02  -204.05  -100.00     0.27
6   253.22  -192.83  -100.00     0.27
6   262.28  -198.44  -100.00     0.27
6   290.28  -232.36  -100.00     0.27
6   191.36  -243.58  -100.00     0.27
6   178.03  -213.40  -100.00     0.27
6   185.50  -210.99  -100.00     0.27
6   195.36  -204.32  -103.00     0.27
6   218.56  -215.53  -103.00     0.27
6   220.96  -201.64  -103.00     0.27
6   212.42  -174.67  -103.00     0.27
6   180.70  -140.48  -103.00     0.27
6   211.36   -85.19  -103.00     0.27
6   132.71  -131.40  -103.00     0.27
6   230.55  -117.51  -103.00     0.27
6   273.48  -193.63  -103.00     0.27
6   245.75  -210.73  -103.00     0.27
6   287.08  -209.92  -103.00     0.27
6   287.08  -220.34  -103.00     0.27
6   296.14  -255.33  -103.00     0.27
6   164.43  -200.58  -103.00     0.27
6   154.57  -191.50  -103.00     0.27
6   200.69  -115.91  -109.00     0.27
6   159.90  -110.30  -109.00     0.27
6   193.23  -138.61  -109.00     0.27
6   139.37  -120.45  -109.00     0.27
6   157.24  -190.96  -109.00     0.27
6   157.24  -166.39  -109.00     0.27
6   178.03  -167.99  -109.00     0.27
6   261.75  -201.38  -109.00     0.27
6   281.21  -222.48  -109.00     0.27
6   291.08  -231.83  -109.00     0.27
6   191.90  -240.64  -109.00     0.27
6   188.16  -210.73  -109.00     0.27
6   211.62  -239.04  -113.00     0.27
6   226.56  -226.22  -113.00     0.27
6   221.22  -217.40  -113.00     0.27
6   234.02  -213.93  -113.00     0.27
6   215.09  -205.65  -113.00     0.27
6   221.76  -200.84  -113.00     0.27
6   203.36  -198.44  -113.00     0.27
6   213.22  -168.53  -113.00     0.27
6   254.82  -198.71  -113.00     0.27
6   270.81  -193.36  -113.00     0.27
6   250.82  -152.50  -113.00     0.27
6   180.96  -139.68  -113.00     0.27
6   168.43  -139.95  -113.00     0.27
6   151.64  -118.04  -113.00     0.27
6   177.23  -236.63  -113.00     0.27
6   202.03  -176.00  -113.00     0.27
6   148.97  -182.95  -113.00     0.27
6   139.64  -172.26  -113.00     0.27
6   194.56  -240.37  -118.00     0.27
6   189.50  -212.60  -118.00     0.27
6   194.29  -184.55  -118.00     0.27
6   180.16  -163.98  -118.00     0.27
6   239.35  -181.35  -118.00     0.27
6   238.82  -191.76  -118.00     0.27
6   286.54  -226.48  -118.00     0.27
6   297.21  -254.80  -118.00     0.27
6   268.95  -136.21  -118.00     0.27
6   259.62  -127.66  -118.00     0.27
6   271.88  -122.85  -118.00     0.27
6   249.22  -109.50  -118.00     0.27
6   228.42  -114.31  -118.00     0.27
6   151.90  -181.08  -121.00     0.27
6   138.31  -173.87  -121.00     0.27
6   162.03  -145.82  -121.00     0.27
6   169.77  -135.14  -121.00     0.27
6   178.30  -117.51  -121.00     0.27
6   164.70  -109.23  -121.00     0.27
6   230.29  -221.14  -121.00     0.27
6   236.69  -211.26  -121.00     0.27
6   236.15  -201.91  -121.00     0.27
6   211.09  -232.89  -121.00     0.27
6   252.15  -235.30  -121.00     0.27
6   266.81  -241.98  -121.00     0.27
6   208.96  -196.57  -121.00     0.27
6   247.35  -154.10  -121.00     0.27
6   178.30  -202.71  -126.00     0.27
6   191.36  -218.20  -126.00     0.27
6   189.76  -190.16  -126.00     0.27
6   235.89  -194.17  -126.00     0.27
6   236.69  -183.75  -126.00     0.27
6   207.09  -215.80  -126.00     0.27
6   281.21  -223.01  -126.00     0.27
6   299.87  -259.87  -126.00     0.27
6   264.68  -133.54  -126.00     0.27
6   255.88  -128.19  -126.00     0.27
6   269.75  -127.6  -126.00     0.27
6   230.55  -120.45  -126.00     0.27
6   242.29  -110.30  -126.00     0.27
6   146.04  -158.91  -126.00     0.27
6   186.30  -166.92  -126.00     0.27
6   163.63  -142.35  -131.00     0.27
6   183.10  -126.86  -131.00     0.27
6   177.76  -116.17  -131.00     0.27
6   208.16  -225.95  -131.00     0.27
6   221.49  -221.14  -131.00     0.27
6   233.22  -205.92  -131.00     0.27
6   243.09  -212.60  -131.00     0.27
6   238.55  -226.75  -131.00     0.27
6   258.02  -239.31  -131.00     0.27
6   282.01  -240.64  -131.00     0.27
6   212.96  -181.35  -133.00     0.27
6   197.23  -169.59  -133.00     0.27
6   193.50  -161.85  -133.00     0.27
6   262.81  -183.48  -133.00     0.27
6   208.16  -234.50  -133.00     0.27
6   139.37  -167.99  -133.00     0.27
6   180.70  -206.99  -133.00     0.27
6   269.21  -116.98  -133.00     0.27
6   277.48  -135.94  -133.00     0.27
6   145.77  -158.91  -134.00     0.27
6   177.76  -196.57  -134.00     0.27
6   194.56  -184.82  -134.00     0.27
6   213.49  -187.76  -134.00     0.27
6   237.22  -177.61  -134.00     0.27
6   240.15  -189.63  -134.00     0.27
6   235.09  -256.6  -134.00     0.27
6   188.43  -126.86  -134.00     0.27
6   282.01  -223.55  -134.00     0.27
6   223.36  -220.88  -140.00     0.27
6   233.75  -204.32  -140.00     0.27
6   245.48  -223.55  -140.00     0.27
6   235.62  -234.50  -140.00     0.27
6   254.28  -238.77  -140.00     0.27
6   254.28  -219.01  -140.00     0.27
6   283.08  -236.90  -140.00     0.27
6   239.35  -261.21  -146.00     0.27
6   212.96  -238.77  -146.00     0.27
6   226.02  -186.42  -146.00     0.27
6   217.49  -185.62  -146.00     0.27
6   199.63  -171.20  -146.00     0.27
6   263.35  -183.22  -146.00     0.27
6   272.41  -140.75  -146.00     0.27
6   189.23  -131.67  -146.00     0.27
6   261.21  -231.83  -146.00     0.27
6   271.35  -123.65  -150.00     0.27
6   245.22  -222.75  -150.00     0.27
6   227.36  -215.53  -150.00     0.27
6   232.95  -204.85  -150.00     0.27
6   245.22  -214.47  -150.00     0.27
6   253.48  -219.81  -150.00     0.27
6   280.94  -238.24  -150.00     0.27
6   161.50  -139.68  -140.00     0.27
6   174.83  -113.50  -140.00     0.27
6   255.40  -169.27  -154.00     0.65
6   265.80  -167.97  -154.00     0.65
6   296.99  -207.03  -154.00     0.65
6   220.31  -182.94  -154.00     0.65
6   222.42  -138.67   -46.00     0.32
