11   229.41  -233.54   -10.00     0.33
11   203.30   -20.87  -191.00     0.33
11   217.01   -28.38  -190.00     0.33
11   263.35   -47.95  -190.00     0.33
11   270.53   -58.06  -189.00     0.33
11   229.41   -32.62  -187.00     0.33
11   231.69   -21.53  -187.00     0.33
11   204.28   -31.64  -187.00     0.33
11   288.47   -59.69  -185.00     0.33
11   206.89   -19.57  -180.00     0.33
11   269.55   -46.97  -179.00     0.33
11   197.43   -19.90  -179.00     0.33
11   188.62   -20.55  -179.00     0.33
11   130.86  -160.80  -178.00     0.33
11   128.25  -150.37  -178.00     0.33
11   209.83   -26.75  -175.00     0.33
11   223.86   -27.07  -175.00     0.33
11   153.05   -32.94  -174.00     0.33
11   167.08   -29.68  -174.00     0.33
11   139.67   -35.88  -172.00     0.33
11   108.01   -99.81  -172.00     0.33
11   108.99  -114.49  -171.00     0.33
11   148.15  -134.71  -171.00     0.33
11   232.02  -150.69  -171.00     0.33
11   217.66  -237.78  -171.00     0.33
11   199.06  -270.07  -171.00     0.33
11   282.27   -60.34  -171.00     0.33
11   289.78   -58.38  -171.00     0.33
11   279.99   -52.84  -171.00     0.33
11   142.93  -227.02  -170.00     0.33
11   207.87   -15.33  -169.00     0.33
11   217.01   -14.35  -169.00     0.33
11   156.64  -229.30  -169.00     0.33
11   126.29  -223.75  -169.00     0.33
11   137.06  -238.11  -169.00     0.33
11   147.50  -238.11  -168.00     0.33
11   268.89   -46.97  -168.00     0.33
11   181.76   -20.22  -168.00     0.33
11   297.28   -53.49  -168.00     0.33
11   303.48   -58.71  -168.00     0.33
11   112.58  -122.64  -168.00     0.33
11   199.39   -20.55  -168.00     0.33
11   131.51  -158.85  -167.00     0.33
11   124.66  -147.43  -167.00     0.33
11   136.08  -209.73  -164.00     0.33
11   223.86   -23.81  -164.00     0.33
11   164.80   -29.03  -163.00     0.33
11   208.85   -25.44  -163.00     0.33
11   108.01   -89.04  -163.00     0.33
11   126.94  -124.27  -162.00     0.33
11   148.48  -215.93  -162.00     0.33
11   232.67  -152.00  -160.00     0.33
11   256.82  -162.43  -160.00     0.33
11   250.29  -213.97  -160.00     0.33
11   216.68  -238.76  -160.00     0.33
11   143.26  -135.36  -160.00     0.33
11   103.77  -113.83  -160.00     0.33
11   103.45  -100.46  -160.00     0.33
11   277.70   -66.87  -160.00     0.33
11   286.19   -62.30  -160.00     0.33
11   285.21   -49.58  -160.00     0.33
11   318.82  -105.35  -159.00     0.33
11   157.94   -41.10  -159.00     0.33
11   123.03  -167.65  -159.00     0.33
11   136.08  -222.78  -158.00     0.33
11   141.30  -229.95  -158.00     0.33
11   135.10  -238.11  -158.00     0.33
11   142.28   -39.14  -158.00     0.33
11   214.40   -15.98  -158.00     0.33
11   206.56   -12.07  -158.00     0.33
11   296.96   -51.54  -157.00     0.33
11   301.85   -60.02  -157.00     0.33
11   187.64   -17.61  -157.00     0.33
11   154.68  -235.50  -157.00     0.33
11   153.05  -226.04  -157.00     0.33
11   144.24  -238.43  -157.00     0.33
11   273.46   -45.66  -157.00     0.33
11   131.51  -158.19  -156.00     0.33
11   346.56  -126.55  -155.00     0.33
11   118.46  -112.20  -154.00     0.33
11   223.86   -24.14  -153.00     0.33
11   105.73   -84.80  -152.00     0.33
11   171.32   -37.18  -152.00     0.33
11   124.33  -145.80  -152.00     0.33
11   143.91  -215.27  -151.00     0.33
11   118.13  -130.14  -151.00     0.33
11   338.07  -102.74  -151.00     0.33
11   369.40  -121.99  -150.00     0.33
11   334.49  -141.56  -150.00     0.33
11   348.19  -148.73  -150.00     0.33
11   359.29  -162.11  -150.00     0.33
11   209.83   -26.09  -150.00     0.33
11   123.35  -106.01  -150.00     0.33
11   115.85   -98.18  -150.00     0.33
11   163.82   -31.31  -149.00     0.33
11   333.18  -161.78  -150.00     0.33
11   359.61  -176.79  -150.00     0.33
11   141.63  -179.07  -149.00     0.33
11   130.53  -180.37  -149.00     0.33
11   248.99  -215.93  -148.00     0.33
11   243.44  -243.65  -148.00     0.33
11   240.83  -227.99  -148.00     0.33
11   283.90   -67.84  -148.00     0.33
11   276.07   -66.54  -148.00     0.33
11   284.56   -50.88  -148.00     0.33
11   319.15  -106.33  -148.00     0.33
11    96.27  -114.49  -148.00     0.33
11   106.38  -120.36  -148.00     0.33
11   105.40  -109.92  -148.00     0.33
11   139.02  -131.12  -148.00     0.33
11   122.70  -164.06  -148.00     0.33
11   126.94  -120.68  -148.00     0.33
11   197.10   -20.22  -147.00     0.33
11   206.24   -16.31  -147.00     0.33
11   157.29   -38.49  -147.00     0.33
11   137.38   -47.62  -147.00     0.33
11   127.27   -51.21  -147.00     0.33
11   344.93  -203.20  -147.00     0.33
11   135.43  -223.10  -147.00     0.33
11   143.26  -229.62  -147.00     0.33
11   135.10  -238.11  -147.00     0.33
11   230.39  -153.63  -147.00     0.33
11   226.47  -145.47  -147.00     0.33
11    97.57   -96.55  -147.00     0.33
11   357.98  -121.34  -147.00     0.33
11   296.96   -59.69  -146.00     0.33
11   271.83   -45.99  -146.00     0.33
11   181.76   -12.72  -146.00     0.33
11   221.58  -223.75  -146.00     0.33
11   219.94  -238.76  -146.00     0.33
11   132.49  -162.43  -145.00     0.33
11   135.10  -152.32  -145.00     0.33
11   149.13  -221.14  -145.00     0.33
11   151.74  -231.58  -145.00     0.33
11   294.02   -50.23  -145.00     0.33
11   329.59  -126.23  -144.00     0.33
11   345.25  -126.88  -144.00     0.33
11   351.13  -131.12  -144.00     0.33
11   358.31  -137.32  -144.00     0.33
11   363.53  -148.41  -144.00     0.33
11   225.17   -38.49  -144.00     0.33
11   256.49   -49.58  -144.00     0.33
11   301.85   -70.45  -144.00     0.33
11   106.38  -131.12  -144.00     0.33
11   119.76  -115.46  -143.00     0.33
11   230.39   -22.18  -142.00     0.33
11   218.97   -21.53  -142.00     0.33
11   113.24   -90.02  -142.00     0.33
11   351.45  -157.54  -142.00     0.33
11   124.98  -170.91  -141.00     0.33
11   124.33  -148.08  -141.00     0.33
11   125.31  -135.36  -141.00     0.33
11   171.00   -36.53  -141.00     0.33
11   107.36   -78.61  -141.00     0.33
11   330.90  -111.55  -140.00     0.33
11   334.81  -108.29  -140.00     0.33
11   340.03  -101.77  -140.00     0.33
11   136.73  -140.91  -140.00     0.33
11   141.63  -218.54  -140.00     0.33
11   123.03  -184.61  -140.00     0.33
11   116.50  -173.52  -140.00     0.33
11   191.23   -13.05  -140.00     0.33
11   185.03   -21.20  -140.00     0.33
11   358.63  -176.46  -139.00     0.33
11   337.75  -160.80  -139.00     0.33
11   346.56  -144.82  -139.00     0.33
11   340.36  -136.99  -139.00     0.33
11   369.40  -121.99  -139.00     0.33
11   354.06  -194.72  -139.00     0.33
11   342.64  -185.27  -139.00     0.33
11    95.94  -144.17  -139.00     0.33
11   124.66  -104.37  -139.00     0.33
11   141.30  -184.94  -138.00     0.33
11   133.14  -177.11  -138.00     0.33
11   306.75   -61.97  -138.00     0.33
11   240.50  -246.26  -137.00     0.33
11   242.79  -234.84  -137.00     0.33
11   235.28  -230.93  -137.00     0.33
11    95.61  -114.81  -137.00     0.33
11   108.99  -105.68  -137.00     0.33
11   108.01  -119.05  -137.00     0.33
11   137.71  -127.86  -137.00     0.33
11   116.83  -128.84  -137.00     0.33
11   125.31  -120.68  -137.00     0.33
11    93.66  -131.45  -137.00     0.33
11   159.57   -25.77  -137.00     0.33
11   172.95   -14.03  -137.00     0.33
11   274.44   -60.34  -137.00     0.33
11   284.56   -47.29  -137.00     0.33
11   312.29   -76.00  -137.00     0.33
11   320.13   -98.50  -137.00     0.33
11   248.33  -218.21  -137.00     0.33
11   247.68   -69.47  -137.00     0.33
11   153.05  -102.74  -137.00     0.33
11   129.88   -41.10  -137.00     0.33
11   283.25   -65.23  -137.00     0.33
11   144.24  -234.52  -136.00     0.33
11   139.34  -230.28  -136.00     0.33
11   135.75  -225.06  -136.00     0.33
11   132.16  -236.47  -136.00     0.33
11   137.71  -241.37  -136.00     0.33
11   360.92  -117.75  -136.00     0.33
11   344.60  -203.53  -136.00     0.33
11   223.53  -144.17  -136.00     0.33
11   209.50   -22.83  -136.00     0.33
11   199.39   -21.53  -136.00     0.33
11   203.30   -13.70  -136.00     0.33
11   155.01   -36.21  -136.00     0.33
11   138.04   -50.56  -136.00     0.33
11   125.64   -52.19  -136.00     0.33
11   231.69   -60.67  -135.00     0.33
11   260.41   -63.28  -135.00     0.33
11   269.22   -45.99  -135.00     0.33
11    97.57  -100.13  -135.00     0.33
11   101.16   -94.26  -135.00     0.33
11   151.42  -229.30  -134.00     0.33
11   292.06   -54.14  -133.00     0.33
11   296.96   -71.43  -133.00     0.33
11   226.14   -39.14  -133.00     0.33
11   365.49  -154.61  -133.00     0.33
11   363.85  -133.08  -133.00     0.33
11   355.37  -124.60  -133.00     0.33
11   346.89  -119.71  -133.00     0.33
11   124.33  -160.48  -133.00     0.33
11   256.49   -50.23  -133.00     0.33
11   235.61   -41.75  -132.00     0.33
11   115.52  -110.25  -132.00     0.33
11   147.50  -151.02  -132.00     0.33
11   112.91  -155.26  -132.00     0.33
11   105.08  -133.40  -132.00     0.33
11   149.13  -220.49  -132.00     0.33
11   156.96  -269.42  -132.00     0.33
11   216.35   -72.41  -132.00     0.33
11   214.72   -62.62  -132.00     0.33
11   211.46   -42.40  -132.00     0.33
11   218.64   -33.92  -132.00     0.33
11   146.52  -122.64  -132.00     0.33
11   233.32   -21.20  -131.00     0.33
11   354.39  -158.19  -131.00     0.33
11   116.17  -193.09  -131.00     0.33
11   131.18  -188.53  -131.00     0.33
11   110.62  -183.31  -131.00     0.33
11   204.61  -172.54  -131.00     0.33
11   231.37  -136.99  -131.00     0.33
11   211.79  -129.82  -131.00     0.33
11   115.85   -91.00  -131.00     0.33
11   106.06   -89.04  -131.00     0.33
11   123.03   -65.23  -131.00     0.33
11   169.04   -38.49  -130.00     0.33
11   125.64  -150.04  -130.00     0.33
11   244.42   -59.36  -130.00     0.33
11   155.66   -45.34  -130.00     0.33
11   121.39  -168.63  -130.00     0.33
11   127.92  -170.91  -130.00     0.33
11   277.70   -39.47  -130.00     0.33
11   334.49  -108.62  -129.00     0.33
11   139.02  -215.93  -129.00     0.33
11   186.99   -34.57  -129.00     0.33
11   186.99   -14.35  -129.00     0.33
11   356.35  -204.84  -129.00     0.33
11    93.33  -143.19  -128.00     0.33
11   148.81  -180.37  -128.00     0.33
11   346.89  -177.44  -128.00     0.33
11   362.22  -179.72  -128.00     0.33
11   356.68  -169.28  -128.00     0.33
11   304.46   -52.19  -127.00     0.33
11   302.83   -62.62  -127.00     0.33
11   344.27  -145.47  -127.00     0.33
11   242.13  -323.56  -124.00     0.33
11   227.45  -321.28  -124.00     0.33
11   343.30  -197.01  -124.00     0.33
11   243.44  -238.76  -124.00     0.33
11   138.36  -235.17  -124.00     0.33
11   138.36  -225.38  -124.00     0.33
11    94.96  -119.05  -126.00     0.33
11    91.05  -129.16  -126.00     0.33
11    96.59  -109.92  -125.00     0.33
11   112.58   -80.56  -125.00     0.33
11   114.54  -125.25  -125.00     0.33
11   105.73  -123.95  -125.00     0.33
11    90.39  -152.65  -125.00     0.33
11   287.17   -43.71  -125.00     0.33
11   129.88   -53.49  -125.00     0.33
11   157.94   -30.01  -125.00     0.33
11   151.74  -107.64  -125.00     0.33
11   139.34   -99.48  -125.00     0.33
11   127.92  -100.13  -125.00     0.33
11   219.94  -105.35  -119.00     0.33
11   229.08  -105.35  -119.00     0.33
11   224.19   -97.85  -119.00     0.33
11   133.14  -142.21  -129.00     0.33
11   261.06   -42.73  -128.00     0.33
11   245.07   -42.40  -128.00     0.33
11   341.99  -130.47  -127.00     0.33
11   138.69  -183.63  -127.00     0.33
11   132.82  -177.76  -127.00     0.33
11   113.24  -176.46  -127.00     0.33
11   193.51   -51.21  -126.00     0.33
11   279.66   -69.15  -126.00     0.33
11   189.60   -65.23  -125.00     0.33
11   310.34   -73.39  -125.00     0.33
11   345.25  -110.25  -125.00     0.33
11   132.49  -123.62  -124.00     0.33
11   128.25  -131.12  -124.00     0.33
11   100.18  -101.77  -124.00     0.33
11   271.50   -60.67  -124.00     0.33
11   271.50   -49.58  -124.00     0.33
11   229.73   -59.04  -124.00     0.33
11   221.58  -140.58  -124.00     0.33
11   148.48  -233.87  -123.00     0.33
11   139.67  -243.00  -123.00     0.33
11   176.22  -101.44  -123.00     0.33
11   258.45   -65.89  -123.00     0.33
11   149.78  -194.40  -123.00     0.33
11   116.17  -136.67  -123.00     0.33
11   125.31  -112.53  -122.00     0.33
11   312.95   -58.71  -122.00     0.33
11   295.98   -70.78  -122.00     0.33
11   294.02   -49.25  -122.00     0.33
11   254.21   -53.17  -122.00     0.33
11   363.20  -128.51  -122.00     0.33
11   358.63  -120.36  -122.00     0.33
11   346.56  -120.68  -122.00     0.33
11   367.12  -155.58  -122.00     0.33
11   226.47   -40.77  -122.00     0.33
11   141.63  -149.06  -121.00     0.33
11   110.95  -112.86  -121.00     0.33
11   214.72   -68.82  -121.00     0.33
11   228.76   -69.80  -121.00     0.33
11   210.48   -35.23  -120.00     0.33
11   368.75  -140.58  -120.00     0.33
11   340.36   -97.20  -120.00     0.33
11   355.37  -190.16  -120.00     0.33
11   115.52  -190.81  -120.00     0.33
11   109.32   -93.94  -120.00     0.33
11   120.09   -89.04  -120.00     0.33
11   116.50  -157.21  -120.00     0.33
11    98.22  -146.45  -120.00     0.33
11   239.52  -246.91  -120.00     0.33
11   144.56  -226.36  -119.00     0.33
11   169.69   -38.49  -119.00     0.33
11   357.00  -157.54  -119.00     0.33
11   245.40   -61.65  -119.00     0.33
11   121.07  -167.65  -119.00     0.33
11   120.09  -105.03  -119.00     0.33
11   276.40   -41.10  -119.00     0.33
11   105.40  -136.99  -118.00     0.33
11   358.96  -202.88  -118.00     0.33
11   151.42  -152.00  -118.00     0.33
11   123.68  -149.39  -118.00     0.33
11   230.71   -47.62  -118.00     0.33
11   136.73  -215.60  -118.00     0.33
11   183.72   -35.55  -118.00     0.33
11   190.57   -20.87  -118.00     0.33
11   355.70  -171.57  -117.00     0.33
11   346.23  -182.66  -117.00     0.33
11   167.08   -87.41  -117.00     0.33
11   134.45  -178.42  -116.00     0.33
11   115.19  -175.48  -116.00     0.33
11   109.32  -148.73  -116.00     0.33
11   102.79  -162.76  -116.00     0.33
11   214.07  -135.04  -115.00     0.33
11   216.68  -128.19  -115.00     0.33
11   208.52  -118.40  -115.00     0.33
11   196.45   -48.93  -115.00     0.33
11   189.92   -52.84  -115.00     0.33
11   216.68   -83.83  -115.00     0.33
11   115.52  -129.49  -114.00     0.33
11   106.06  -125.90  -114.00     0.33
11    96.59  -123.29  -114.00     0.33
11    96.92  -131.45  -114.00     0.33
11    92.68  -143.84  -114.00     0.33
11   116.50   -78.28  -114.00     0.33
11   246.05  -103.07  -114.00     0.33
11   235.93   -95.57  -114.00     0.33
11   311.32   -68.82  -114.00     0.33
11   302.18   -61.65  -114.00     0.33
11   302.83   -52.19  -114.00     0.33
11   176.22  -120.36  -114.00     0.33
11   155.98  -114.81  -114.00     0.33
11   138.69  -111.88  -114.00     0.33
11   142.93  -135.04  -114.00     0.33
11   192.21   -64.58  -114.00     0.33
11   154.03  -226.36  -114.00     0.33
11   154.68  -240.71  -114.00     0.33
11   128.57  -228.65  -114.00     0.33
11    90.72  -154.61  -113.00     0.33
11   100.84  -103.72  -113.00     0.33
11    97.57  -109.92  -113.00     0.33
11   129.55   -58.71  -113.00     0.33
11   264.32   -48.27  -113.00     0.33
11   233.98   -59.04  -113.00     0.33
11   216.03   -39.79  -113.00     0.33
11   259.43   -39.14  -113.00     0.33
11   323.39   -91.33  -113.00     0.33
11   362.22  -181.35  -113.00     0.33
11   348.19  -105.68  -113.00     0.33
11   242.46  -235.50  -113.00     0.33
11   221.90  -141.23  -113.00     0.33
11   137.06  -224.08  -113.00     0.33
11   136.73  -233.87  -113.00     0.33
11   146.85  -216.58  -113.00     0.33
11   348.52  -196.36  -113.00     0.33
11   343.62  -203.86  -113.00     0.33
11   358.63  -219.51  -113.00     0.33
11   201.02   -37.18  -113.00     0.33
11   133.79   -99.81  -113.00     0.33
11   119.11  -123.62  -113.00     0.33
11   132.49  -123.62  -113.00     0.33
11   146.85  -194.07  -112.00     0.33
11   139.67  -186.57  -112.00     0.33
11   125.31  -193.75  -112.00     0.33
11   142.28  -242.67  -112.00     0.33
11   180.79  -105.35  -112.00     0.33
11   281.62   -52.19  -112.00     0.33
11   262.37   -61.65  -112.00     0.33
11   126.29  -138.30  -112.00     0.33
11   107.36  -182.98  -112.00     0.33
11   146.85  -235.17  -112.00     0.33
11   360.27  -123.29  -111.00     0.33
11   368.42  -153.63  -111.00     0.33
11   148.15   -96.55  -111.00     0.33
11   160.55  -102.09  -111.00     0.33
11   251.60   -52.51  -111.00     0.33
11   351.78  -125.58  -110.00     0.33
11   351.78  -119.05  -110.00     0.33
11   341.99  -118.73  -110.00     0.33
11   331.87  -107.64  -110.00     0.33
11   292.72   -46.32  -110.00     0.33
11   220.27   -67.84  -110.00     0.33
11   228.76   -27.72  -110.00     0.33
11   214.72   -95.24  -110.00     0.33
11   202.32  -109.92  -110.00     0.33
11   133.47  -147.10  -110.00     0.33
11   133.47  -137.64  -110.00     0.33
11   127.27  -158.52  -110.00     0.33
11   136.08  -249.20  -110.00     0.33
11   183.40   -66.21  -110.00     0.33
11   213.42   -54.47  -110.00     0.33
11   229.08   -75.02  -110.00     0.33
11   237.24   -71.11  -110.00     0.33
11   228.10  -122.31  -110.00     0.33
11   216.68  -115.79  -110.00     0.33
11   292.72   -64.91  -110.00     0.33
11   181.11   -93.94  -110.00     0.33
11   207.54  -144.17  -110.00     0.33
11   203.95  -133.73  -110.00     0.33
11   120.74  -114.49  -110.00     0.33
11   110.62  -116.12  -110.00     0.33
11   108.99  -107.31  -110.00     0.33
11   325.02  -270.40  -110.00     0.33
11   239.85  -319.97  -110.00     0.33
11   228.43  -321.28  -110.00     0.33
11   215.38  -322.26  -110.00     0.33
11   351.78  -145.47  -109.00     0.33
11   365.16  -136.67  -109.00     0.33
11   365.16  -128.51  -109.00     0.33
11   337.42   -95.57  -109.00     0.33
11   353.09  -191.14  -109.00     0.33
11   112.58   -95.89  -109.00     0.33
11   113.56   -89.04  -109.00     0.33
11   241.16  -247.24  -109.00     0.33
11   312.95   -55.12  -109.00     0.33
11   283.58   -41.42  -109.00     0.33
11   217.66   -34.25  -109.00     0.33
11   111.93  -190.16  -109.00     0.33
11   118.46  -180.05  -109.00     0.33
11    97.90  -174.50  -109.00     0.33
11   194.16   -79.59  -109.00     0.33
11   238.87  -120.36  -109.00     0.33
11   227.78   -37.84  -109.00     0.33
11   127.92  -217.23  -109.00     0.33
11   146.85  -251.15  -109.00     0.33
11   105.08   -95.89  -109.00     0.33
11   145.54  -168.63  -109.00     0.33
11   357.00  -158.52  -108.00     0.33
11   172.30   -39.14  -108.00     0.33
11   245.72   -61.32  -108.00     0.33
11   272.81   -40.45  -108.00     0.33
11   144.24  -225.06  -108.00     0.33
11   161.21  -229.95  -108.00     0.33
11   116.17  -156.24  -108.00     0.33
11   345.58   -92.63  -108.00     0.33
11   139.02  -204.84  -108.00     0.33
11   124.98  -166.67  -108.00     0.33
11   123.35  -105.03  -108.00     0.33
11   234.30  -107.31  -108.00     0.33
11   224.51  -106.66  -108.00     0.33
11   169.36   -80.24  -108.00     0.33
11   124.98   -90.02  -108.00     0.33
11   255.19   -58.71  -108.00     0.33
11   372.34  -139.28  -108.00     0.33
11   208.85   -35.23  -108.00     0.33
11   367.12  -210.71  -108.00     0.33
11   151.09  -207.12  -108.00     0.33
11   154.68  -214.29  -108.00     0.33
11   160.23  -219.51  -108.00     0.33
11   129.23  -241.37  -108.00     0.33
11   133.14  -199.29  -108.00     0.33
11   346.23  -235.50  -108.00     0.33
11   272.16   -58.71  -108.00     0.33
11   153.05  -260.94  -108.00     0.33
11   252.25   -30.99  -108.00     0.33
11   276.07  -306.60  -107.00     0.33
11   134.12   -83.17  -107.00     0.33
11   148.81  -151.67  -107.00     0.33
11   151.74  -159.82  -107.00     0.33
11   113.56  -138.30  -107.00     0.33
11   187.96   -34.25  -107.00     0.33
11   182.74   -44.36  -106.00     0.33
11   153.37   -71.43  -106.00     0.33
11   170.02   -90.35  -106.00     0.33
11   170.34  -101.11  -106.00     0.33
11   144.89  -108.29  -106.00     0.33
11   104.10  -134.38  -106.00     0.33
11   352.11  -171.24  -106.00     0.33
11   350.48  -179.72  -106.00     0.33
11   343.30  -185.27  -106.00     0.33
11   361.90  -197.01  -106.00     0.33
11   155.33  -273.98  -106.00     0.33
11   228.10   -52.19  -106.00     0.33
11   135.10  -213.97  -105.00     0.33
11   332.85  -128.51  -105.00     0.33
11   365.49  -114.49  -105.00     0.33
11   357.98  -110.25  -105.00     0.33
11   112.26  -145.80  -105.00     0.33
11   104.42  -152.00  -105.00     0.33
11   103.12  -163.41  -105.00     0.33
11   163.16  -243.65  -104.00     0.33
11   156.64  -248.54  -104.00     0.33
11   197.43   -51.86  -104.00     0.33
11   251.27  -112.53  -104.00     0.33
11   274.44   -68.82  -104.00     0.33
11   216.68   -82.52  -104.00     0.33
11   325.02  -281.16  -104.00     0.33
11   126.29  -227.99  -103.00     0.33
11   153.05  -237.45  -103.00     0.33
11   151.74  -226.36  -103.00     0.33
11    93.00  -129.16  -103.00     0.33
11   141.95  -136.99  -103.00     0.33
11   139.02  -114.81  -103.00     0.33
11   191.88   -64.58  -103.00     0.33
11   229.41   -95.89  -103.00     0.33
11   222.56  -132.43  -103.00     0.33
11   301.53   -68.50  -103.00     0.33
11   310.01   -69.15  -103.00     0.33
11   298.92   -54.47  -103.00     0.33
11   304.14   -48.60  -103.00     0.33
11    95.29  -139.60  -103.00     0.33
11   103.12  -124.27  -103.00     0.33
11   112.58  -128.19  -103.00     0.33
11   111.60  -169.94  -103.00     0.33
11   141.63  -216.90  -102.00     0.33
11   134.45  -222.45  -102.00     0.33
11   134.77  -232.89  -102.00     0.33
11   242.46  -236.47  -102.00     0.33
11   265.96   -48.93  -102.00     0.33
11   261.06   -39.79  -102.00     0.33
11   202.32   -39.47  -102.00     0.33
11   209.83   -42.08  -102.00     0.33
11   235.61   -55.45  -102.00     0.33
11   138.36   -76.65  -102.00     0.33
11    93.33  -152.32  -102.00     0.33
11   345.58  -204.51  -102.00     0.33
11   358.63  -209.73  -102.00     0.33
11   291.08  -298.12  -102.00     0.33
11   256.82  -305.95  -102.00     0.33
11   224.19  -141.56  -102.00     0.33
11   175.56  -116.44  -101.00     0.33
11   177.85  -103.72  -101.00     0.33
11   140.97  -190.16  -101.00     0.33
11   135.75  -177.76  -101.00     0.33
11   124.33  -193.42  -101.00     0.33
11   128.57  -118.40  -101.00     0.33
11   123.03  -128.19  -101.00     0.33
11   122.05  -139.28  -101.00     0.33
11   142.60  -238.11  -101.00     0.33
11   136.40  -101.11  -101.00     0.33
11   369.40  -156.24  -100.00     0.33
11   148.15   -96.22  -100.00     0.33
11   100.84  -115.79  -100.00     0.33
11   255.19   -50.88   -99.00     0.33
11   217.66   -64.58   -99.00     0.33
11   208.85  -144.82   -99.00     0.33
11   212.77  -126.88   -99.00     0.33
11   201.34  -117.42   -99.00     0.33
11   200.69  -135.36   -99.00     0.33
11   218.31  -120.03   -99.00     0.33
11   330.90  -103.72   -99.00     0.33
11   354.72  -126.55   -99.00     0.33
11   341.99  -118.07   -99.00     0.33
11   363.85  -183.96   -99.00     0.33
11   362.22  -170.91   -99.00     0.33
11   242.46  -315.41   -99.00     0.33
11   230.71  -322.91   -99.00     0.33
11   214.72  -318.67   -99.00     0.33
11   357.98  -223.10   -99.00     0.33
11   346.56  -219.51   -99.00     0.33
11   342.64  -241.69   -99.00     0.33
11   134.12  -148.08   -99.00     0.33
11   109.65  -105.35   -99.00     0.33
11   119.44  -114.16   -99.00     0.33
11   136.08  -157.54   -99.00     0.33
11   141.63  -260.29   -99.00     0.33
11   134.77  -251.80   -99.00     0.33
11   264.32   -90.02   -99.00     0.33
11   290.76   -44.69   -99.00     0.33
11   237.57   -38.16   -99.00     0.33
11   208.20   -56.43   -99.00     0.33
11   304.14  -295.19   -99.00     0.33
11   286.52  -279.20   -99.00     0.33
11   114.54  -202.55   -99.00     0.33
11   111.93  -179.39   -99.00     0.33
11    82.23  -161.13   -99.00     0.33
11   240.83  -248.22   -98.00     0.33
11   234.96  -117.75   -98.00     0.33
11   231.37  -129.49   -98.00     0.33
11   312.29   -55.45   -98.00     0.33
11   279.01   -48.60   -98.00     0.33
11   281.62   -38.81   -98.00     0.33
11   225.82   -37.84   -98.00     0.33
11   216.68   -36.21   -98.00     0.33
11   189.92   -79.91   -98.00     0.33
11   112.58   -87.74   -98.00     0.33
11   113.24   -96.87   -98.00     0.33
11   124.33  -152.97   -98.00     0.33
11   109.65  -189.83   -98.00     0.33
11   101.81  -171.89   -98.00     0.33
11   239.20  -127.21   -98.00     0.33
11   360.27  -138.62   -98.00     0.33
11   352.11  -147.76   -98.00     0.33
11   334.16   -96.87   -98.00     0.33
11   365.16  -125.25   -98.00     0.33
11   344.93  -108.29   -98.00     0.33
11   200.04   -76.65   -98.00     0.33
11   179.81   -61.32   -98.00     0.33
11   158.59  -114.16   -98.00     0.33
11   151.42  -122.64   -98.00     0.33
11   291.41   -60.67   -98.00     0.33
11   245.07  -120.03   -98.00     0.33
11   143.58  -248.54   -98.00     0.33
11   123.35  -216.58   -98.00     0.33
11   255.19   -61.65   -97.00     0.33
11   246.05   -57.73   -97.00     0.33
11   271.50   -60.34   -97.00     0.33
11   353.09  -159.50   -97.00     0.33
11   371.69  -140.91   -97.00     0.33
11   347.21   -95.89   -97.00     0.33
11   126.94  -107.96   -97.00     0.33
11   119.44  -101.77   -97.00     0.33
11   122.05   -89.70   -97.00     0.33
11   110.30  -119.05   -97.00     0.33
11   114.54  -160.48   -97.00     0.33
11   156.64  -217.56   -97.00     0.33
11   143.91  -229.30   -97.00     0.33
11   136.08  -241.04   -97.00     0.33
11   162.18  -230.28   -97.00     0.33
11   230.71  -105.35   -97.00     0.33
11   137.71  -128.84   -97.00     0.33
11   168.06   -81.54   -97.00     0.33
11   157.62  -165.37   -96.00     0.33
11   155.66  -148.73   -96.00     0.33
11   145.54  -148.08   -96.00     0.33
11   355.70  -187.55   -96.00     0.33
11   348.19  -192.44   -96.00     0.33
11   143.91  -207.77   -96.00     0.33
11   153.37  -207.77   -96.00     0.33
11   166.43   -92.96   -95.00     0.33
11   188.94   -40.45   -95.00     0.33
11   225.17   -49.25   -95.00     0.33
11   353.09  -169.28   -95.00     0.33
11   366.14  -199.29   -95.00     0.33
11   160.55  -262.89   -95.00     0.33
11   104.42  -135.04   -95.00     0.33
11   252.58   -34.25   -95.00     0.33
11   158.27  -104.70   -95.00     0.33
11   148.48  -110.90   -95.00     0.33
11   247.68  -101.77   -95.00     0.33
11   233.00   -87.09   -95.00     0.33
11   123.35  -177.76   -95.00     0.33
11   124.98  -164.72   -95.00     0.33
11   146.19  -161.78   -95.00     0.33
11   354.39  -180.70   -95.00     0.33
11   133.14  -209.08   -94.00     0.33
11   132.82  -200.92   -94.00     0.33
11   352.43  -115.46   -94.00     0.33
11   359.29  -106.01   -94.00     0.33
11   108.99  -142.21   -94.00     0.33
11   107.69  -152.97   -94.00     0.33
11   195.47  -144.49   -93.00     0.33
11   267.26   -68.50   -93.00     0.33
11   363.53  -118.73   -93.00     0.33
11   348.84  -138.62   -93.00     0.33
11   344.93  -130.47   -93.00     0.33
11   155.01  -249.20   -93.00     0.33
11   164.47  -241.37   -93.00     0.33
11   151.09  -258.33   -93.00     0.33
11   126.94  -238.11   -93.00     0.33
11   152.39  -269.42   -93.00     0.33
11   219.62   -81.87   -93.00     0.33
11   197.43   -56.43   -93.00     0.33
11   116.17  -149.71   -93.00     0.33
11   156.96   -76.65   -93.00     0.33
11   217.33  -151.34   -93.00     0.33
11   124.98  -228.97   -92.00     0.33
11   155.33  -237.45   -92.00     0.33
11   304.46   -48.93   -92.00     0.33
11   302.18   -63.28   -92.00     0.33
11   248.99  -110.57   -92.00     0.33
11   248.99  -242.67   -92.00     0.33
11   151.74  -224.41   -92.00     0.33
11   102.47  -125.90   -92.00     0.33
11   149.46  -134.71   -92.00     0.33
11   135.43  -136.67   -92.00     0.33
11   137.38   -90.68   -91.00     0.33
11   192.86   -66.87   -91.00     0.33
11   205.26   -44.36   -91.00     0.33
11   215.70   -54.14   -91.00     0.33
11   251.92   -41.75   -91.00     0.33
11   261.06   -50.56   -91.00     0.33
11   267.91   -48.93   -91.00     0.33
11   267.26   -40.12   -91.00     0.33
11   112.91  -128.51   -91.00     0.33
11    99.53  -142.54   -91.00     0.33
11    92.68  -150.04   -91.00     0.33
11   136.40  -222.45   -91.00     0.33
11   145.22  -218.86   -91.00     0.33
11   131.18  -231.58   -91.00     0.33
11   353.09  -203.53   -91.00     0.33
11   358.63  -210.71   -91.00     0.33
11   240.83  -236.80   -91.00     0.33
11   267.26  -304.97   -91.00     0.33
11   256.49  -310.19   -91.00     0.33
11   292.39  -299.75   -91.00     0.33
11   341.34  -204.84   -91.00     0.33
11   234.63   -95.57   -91.00     0.33
11   226.47  -138.95   -91.00     0.33
11   218.97  -135.69   -91.00     0.33
11   194.82   -47.29   -91.00     0.33
11   156.96   -90.02   -91.00     0.33
11   137.38  -116.12   -91.00     0.33
11   141.30  -189.51   -90.00     0.33
11   133.47  -189.83   -90.00     0.33
11   121.07  -193.09   -90.00     0.33
11   176.87  -112.53   -90.00     0.33
11   176.54  -102.09   -90.00     0.33
11   123.68  -133.40   -90.00     0.33
11   128.25  -123.29   -90.00     0.33
11   137.38  -101.77   -90.00     0.33
11   146.85   -88.72   -89.00     0.33
11   365.81  -161.78   -89.00     0.33
11   366.47  -149.39   -89.00     0.33
11   247.03  -256.70   -89.00     0.33
11   295.33  -288.99   -89.00     0.33
11   234.96   -52.84   -90.00     0.33
11   146.52  -238.11   -90.00     0.33
11   158.59  -280.51   -90.00     0.33
11   298.92   -91.98   -90.00     0.33
11   153.70  -197.33   -91.00     0.33
11   179.48  -250.83   -92.00     0.33
11   172.30  -230.60   -92.00     0.33
11   241.81  -226.69   -93.00     0.33
11   222.88   -92.96   -91.00     0.33
11   211.46  -111.88   -91.00     0.33
11   256.17  -109.27   -90.00     0.33
11   166.10  -219.84   -90.00     0.33
11   116.50  -138.62   -90.00     0.33
11   188.94  -285.73   -90.00     0.33
11   186.66  -277.57   -90.00     0.33
11   175.89   -85.13   -90.00     0.33
11   125.64  -143.84   -90.00     0.33
11   112.91  -202.55   -88.00     0.33
11   120.74  -203.53   -88.00     0.33
11   132.16  -247.24   -88.00     0.33
11   139.67  -258.65   -88.00     0.33
11   236.91  -318.02   -88.00     0.33
11   243.77  -310.84   -88.00     0.33
11   247.03  -317.04   -88.00     0.33
11   289.78  -276.27   -88.00     0.33
11   304.46  -294.86   -88.00     0.33
11   342.64  -235.82   -88.00     0.33
11   341.99  -243.98   -88.00     0.33
11   350.15  -217.56   -88.00     0.33
11   214.07  -317.37   -88.00     0.33
11   231.37  -321.61   -88.00     0.33
11   222.88  -123.95   -88.00     0.33
11   221.58  -114.49   -88.00     0.33
11   213.74  -122.31   -88.00     0.33
11   261.39   -87.74   -88.00     0.33
11   149.13  -100.46   -87.00     0.33
11   103.45  -108.29   -87.00     0.33
11   105.73  -169.28   -87.00     0.33
11   102.14  -160.15   -87.00     0.33
11   125.64  -216.58   -87.00     0.33
11   237.89  -125.58   -87.00     0.33
11   278.36   -52.51   -87.00     0.33
11   287.82   -48.60   -87.00     0.33
11   281.29   -40.12   -87.00     0.33
11   335.79   -96.55   -87.00     0.33
11   334.81  -106.66   -87.00     0.33
11   347.54  -106.66   -87.00     0.33
11   362.55  -131.12   -87.00     0.33
11   355.70  -127.53   -87.00     0.33
11   135.43  -151.34   -87.00     0.33
11   227.45   -38.49   -87.00     0.33
11   213.42   -63.60   -87.00     0.33
11   207.22   -81.22   -87.00     0.33
11   116.50  -111.88   -87.00     0.33
11   139.67  -242.02   -86.00     0.33
11   147.17  -249.20   -86.00     0.33
11   139.67  -229.30   -86.00     0.33
11   160.88  -229.30   -86.00     0.33
11   250.95   -54.47   -86.00     0.33
11   249.31   -63.60   -86.00     0.33
11   243.11   -61.97   -86.00     0.33
11   344.60  -155.26   -86.00     0.33
11   344.27  -166.35   -86.00     0.33
11   349.17   -91.33   -86.00     0.33
11   109.65  -187.55   -86.00     0.33
11   103.77  -177.76   -86.00     0.33
11   128.90  -107.31   -86.00     0.33
11   128.57   -93.29   -86.00     0.33
11   117.80   -93.29   -86.00     0.33
11   111.28   -98.83   -86.00     0.33
11   100.18  -118.73   -86.00     0.33
11   188.62   -58.06   -86.00     0.33
11   271.18   -60.02   -86.00     0.33
11   314.25   -53.17   -86.00     0.33
11   207.22  -145.47   -86.00     0.33
11   231.69  -108.94   -86.00     0.33
11   167.08   -83.50   -86.00     0.33
11   156.31  -215.60   -86.00     0.33
11   154.35  -151.67   -85.00     0.33
11   137.06  -159.17   -85.00     0.33
11   125.64  -153.95   -85.00     0.33
11   350.15  -186.90   -85.00     0.33
11   324.04  -276.59   -85.00     0.33
11   235.93   -37.51   -85.00     0.33
11   138.36   -75.67   -85.00     0.33
11   142.28  -211.03   -85.00     0.33
11   140.97  -204.18   -85.00     0.33
11   358.96  -186.24   -85.00     0.33
11   142.28  -123.29   -85.00     0.33
11   108.01  -117.42   -85.00     0.33
11   373.64  -138.30   -85.00     0.33
11   358.63  -141.88   -85.00     0.33
11   201.34  -116.12   -85.00     0.33
11   164.14  -108.94   -85.00     0.33
11   257.80   -61.65   -85.00     0.33
11   123.68   -99.81   -85.00     0.33
11   183.07  -228.32   -85.00     0.33
11   177.85  -240.06   -85.00     0.33
11   166.10  -250.50   -85.00     0.33
11   362.22  -171.24   -85.00     0.33
11   238.55   -80.89   -84.00     0.33
11   230.39   -80.89   -84.00     0.33
11   249.64   -32.29   -84.00     0.33
11   245.07   -39.47   -84.00     0.33
11   221.58   -45.34   -84.00     0.33
11   225.17   -58.71   -84.00     0.33
11   144.56  -161.46   -84.00     0.33
11   144.24  -148.73   -84.00     0.33
11   234.96  -250.50   -84.00     0.33
11   229.73  -240.06   -84.00     0.33
11   234.30  -262.24   -84.00     0.33
11   160.88  -261.92   -84.00     0.33
11   353.74  -165.04   -84.00     0.33
11   352.43  -176.79   -84.00     0.33
11   364.18  -195.70   -84.00     0.33
11   364.51  -204.84   -84.00     0.33
11   333.18  -229.30   -84.00     0.33
11   318.82  -104.05   -84.00     0.33
11   130.20  -201.25   -83.00     0.33
11   135.43  -210.71   -83.00     0.33
11   116.83  -160.80   -83.00     0.33
11   107.36  -148.41   -83.00     0.33
11   115.52  -171.89   -83.00     0.33
11   119.44  -180.05   -83.00     0.33
11   161.21  -157.54   -83.00     0.33
11   153.37  -208.75   -82.00     0.33
11   221.25  -147.76   -82.00     0.33
11   151.74  -258.00   -82.00     0.33
11   146.19  -266.48   -82.00     0.33
11   117.80  -148.41   -82.00     0.33
11   218.64   -83.17   -82.00     0.33
11   192.21   -74.04   -82.00     0.33
11   195.47   -54.47   -82.00     0.33
11   208.20   -54.14   -82.00     0.33
11   357.00  -111.88   -82.00     0.33
11   352.43  -119.38   -82.00     0.33
11   339.71  -139.28   -82.00     0.33
11   344.27  -128.84   -82.00     0.33
11   158.59   -78.61   -82.00     0.33
11   162.84  -208.42   -82.00     0.33
11   301.53   -59.69   -81.00     0.33
11   277.38  -299.75   -81.00     0.33
11   142.60  -175.15   -81.00     0.33
11   122.37  -228.32   -81.00     0.33
11   158.59  -242.67   -81.00     0.33
11   153.05  -235.17   -81.00     0.33
11   100.18  -128.19   -81.00     0.33
11   105.40  -134.06   -81.00     0.33
11   133.79  -131.12   -81.00     0.33
11   194.49  -144.17   -81.00     0.33
11   214.72  -155.26   -81.00     0.33
11   228.76  -133.40   -81.00     0.33
11   278.36  -112.53   -81.00     0.33
11   335.46  -120.36   -81.00     0.33
11   232.67   -63.93   -81.00     0.33
11   261.71   -29.03   -81.00     0.33
11   142.28  -133.73   -81.00     0.33
11   135.10  -142.86   -81.00     0.33
11   249.97  -236.15   -81.00     0.33
11   169.36  -231.58   -81.00     0.33
11   265.63   -78.93   -81.00     0.33
11   170.34  -152.97   -80.00     0.33
11   153.37  -163.09   -80.00     0.33
11   171.97  -159.17   -80.00     0.33
11   189.27  -189.18   -80.00     0.33
11   184.70  -181.03   -80.00     0.33
11   217.99  -135.69   -80.00     0.33
11   224.84   -87.74   -80.00     0.33
11   221.58   -95.89   -80.00     0.33
11   241.16   -97.53   -80.00     0.33
11   240.18  -113.18   -80.00     0.33
11   245.40  -103.40   -80.00     0.33
11   232.34  -123.62   -80.00     0.33
11   232.34  -140.91   -80.00     0.33
11   301.85   -77.63   -80.00     0.33
11   273.46   -44.69   -80.00     0.33
11   256.82   -43.38   -80.00     0.33
11   306.09   -48.60   -80.00     0.33
11   143.91  -114.49   -80.00     0.33
11   135.10  -113.83   -80.00     0.33
11   108.99  -126.55   -80.00     0.33
11   118.46  -124.27   -80.00     0.33
11    99.86  -142.21   -80.00     0.33
11   153.05  -223.75   -80.00     0.33
11   133.14  -219.19   -80.00     0.33
11   129.55  -235.50   -80.00     0.33
11   258.78  -305.62   -80.00     0.33
11   290.43  -295.84   -80.00     0.33
11   259.43  -111.22   -79.00     0.33
11   249.97  -117.10   -79.00     0.33
11   297.61   -87.41   -79.00     0.33
11   306.09   -99.81   -79.00     0.33
11   336.44  -204.18   -79.00     0.33
11   187.64  -284.42   -79.00     0.33
11   187.64  -274.31   -79.00     0.33
11   187.31  -265.18   -79.00     0.33
11   154.35  -279.86   -79.00     0.33
11   178.83  -279.53   -79.00     0.33
11   249.97  -227.02   -79.00     0.33
11   240.83  -233.54   -79.00     0.33
11   238.87  -225.06   -79.00     0.33
11   140.65  -188.85   -79.00     0.33
11   130.20  -189.18   -79.00     0.33
11   178.83  -111.88   -79.00     0.33
11   150.76  -131.45   -79.00     0.33
11   151.09  -119.71   -79.00     0.33
11   120.74  -134.06   -79.00     0.33
11   123.68  -139.93   -79.00     0.33
11   264.32   -36.86   -79.00     0.33
11   233.32  -283.12   -79.00     0.33
11   230.71  -303.67   -79.00     0.33
11   186.33   -64.91   -79.00     0.33
11   188.29   -88.07   -78.00     0.33
11   176.87   -81.87   -78.00     0.33
11   134.77   -90.35   -78.00     0.33
11   155.01   -90.35   -78.00     0.33
11   155.01  -145.15   -78.00     0.33
11   127.59  -123.95   -78.00     0.33
11   176.87  -217.23   -78.00     0.33
11   167.41  -221.14   -78.00     0.33
11   251.60  -255.39   -78.00     0.33
11   247.36  -246.26   -78.00     0.33
11   292.72  -287.68   -78.00     0.33
11   269.22  -306.28   -78.00     0.33
11   253.23   -75.02   -78.00     0.33
11    97.25  -153.95   -78.00     0.33
11   123.35  -239.74   -78.00     0.33
11   145.54  -219.51   -78.00     0.33
11   253.88  -312.15   -78.00     0.33
11   167.08   -73.71   -78.00     0.33
11   201.02   -62.95   -78.00     0.33
11   235.93   -47.95   -78.00     0.33
11   155.01  -201.25   -78.00     0.33
11   163.82  -201.25   -78.00     0.33
11   114.54  -136.34   -78.00     0.33
11   208.20  -131.77   -78.00     0.33
11   217.99   -53.49   -78.00     0.33
11   367.12  -145.80   -78.00     0.33
11   184.70  -220.17   -78.00     0.33
11   243.77  -254.09   -78.00     0.33
11   256.49  -230.28   -78.00     0.33
11   170.02   -93.29   -78.00     0.33
11   170.34  -102.09   -78.00     0.33
11   139.02  -257.68   -77.00     0.33
11   138.36  -250.50   -77.00     0.33
11   129.23  -245.93   -77.00     0.33
11   239.52  -313.78   -77.00     0.33
11   243.44  -301.71   -77.00     0.33
11   304.46  -290.95   -77.00     0.33
11   349.50  -234.19   -77.00     0.33
11   355.37  -205.16   -77.00     0.33
11   350.15  -214.95   -77.00     0.33
11   222.56  -122.97   -77.00     0.33
11   136.08  -100.79   -77.00     0.33
11   207.54  -306.93   -77.00     0.33
11   121.07  -206.47   -77.00     0.33
11   118.13  -199.62   -77.00     0.33
11   110.62  -193.42   -77.00     0.33
11   286.52  -273.98   -77.00     0.33
11   240.18  -123.29   -76.00     0.33
11   226.80  -115.46   -76.00     0.33
11   214.40   -63.93   -76.00     0.33
11   124.98  -212.99   -75.00     0.33
11   144.89  -241.69   -75.00     0.33
11   152.07  -247.56   -75.00     0.33
11   142.60  -230.93   -75.00     0.33
11   120.09  -110.25   -75.00     0.33
11   147.83   -78.93   -75.00     0.33
11   110.62  -108.94   -75.00     0.33
11   107.36  -179.72   -75.00     0.33
11   105.08  -173.20   -75.00     0.33
11   106.06  -160.15   -75.00     0.33
11   151.42  -290.95   -75.00     0.33
11   349.50  -106.98   -75.00     0.33
11   343.30   -99.48   -75.00     0.33
11   339.38  -109.27   -75.00     0.33
11   330.90  -110.57   -75.00     0.33
11   362.55  -129.16   -75.00     0.33
11   341.66  -182.00   -75.00     0.33
11   272.16   -60.34   -75.00     0.33
11   252.25   -54.47   -75.00     0.33
11   281.95   -53.82   -75.00     0.33
11   347.21   -90.02   -75.00     0.33
11   139.34   -82.20   -74.00     0.33
11   124.66  -102.74   -74.00     0.33
11   105.40  -116.44   -74.00     0.33
11   159.25  -227.67   -74.00     0.33
11   359.61  -183.96   -74.00     0.33
11   350.48  -188.20   -74.00     0.33
11   140.97  -200.92   -73.00     0.33
11   137.71  -151.34   -73.00     0.33
11   245.72   -41.75   -73.00     0.33
11   354.06  -172.87   -73.00     0.33
11   353.74  -158.52   -73.00     0.33
11   314.25  -108.29   -73.00     0.33
11   165.45  -248.54   -73.00     0.33
11   158.27  -267.79   -73.00     0.33
11   343.30  -243.00   -73.00     0.33
11   365.49  -207.12   -73.00     0.33
11   365.16  -200.27   -73.00     0.33
11   204.93  -150.37   -73.00     0.33
11   145.54  -146.78   -73.00     0.33
11   143.91  -157.54   -73.00     0.33
11   261.06   -60.99   -73.00     0.33
11   299.89  -110.57   -73.00     0.33
11   342.97  -163.74   -73.00     0.33
11   340.69  -228.65   -73.00     0.33
11   277.38  -285.73   -73.00     0.33
11   326.00  -274.31   -73.00     0.33
11   226.14   -43.71   -73.00     0.33
11   165.77   -82.20   -73.00     0.33
11   127.59   -92.63   -73.00     0.33
11   365.49  -164.06   -73.00     0.33
11   126.61  -152.32   -72.00     0.33
11   127.59  -162.76   -72.00     0.33
11   115.19  -184.94   -72.00     0.33
11   179.15  -290.62   -72.00     0.33
11   162.51  -256.04   -72.00     0.33
11   179.48  -228.32   -72.00     0.33
11   115.52  -155.91   -72.00     0.33
11   273.14   -68.82   -72.00     0.33
11   215.05  -120.36   -71.00     0.33
11   207.22  -120.68   -71.00     0.33
11   233.65   -79.59   -71.00     0.33
11   194.16   -69.47   -71.00     0.33
11   148.81  -212.99   -71.00     0.33
11   134.77  -209.08   -71.00     0.33
11   147.50  -264.85   -71.00     0.33
11   147.83  -255.72   -71.00     0.33
11   220.27  -303.99   -71.00     0.33
11   192.86  -295.19   -71.00     0.33
11   358.96  -111.55   -71.00     0.33
11   357.65  -122.31   -71.00     0.33
11   347.54  -124.92   -71.00     0.33
11   339.38  -136.99   -71.00     0.33
11   351.78  -135.04   -71.00     0.33
11   207.87   -87.41   -71.00     0.33
11   157.29  -154.28   -71.00     0.33
11   161.86  -145.80   -71.00     0.33
11   151.09  -194.07   -71.00     0.33
11   161.53  -212.01   -71.00     0.33
11   333.51  -218.21   -71.00     0.33
11   344.27  -197.01   -71.00     0.33
11   227.45   -58.06   -71.00     0.33
11   157.94   -77.63   -71.00     0.33
11   169.69  -208.42   -71.00     0.33
11   157.29  -238.11   -70.00     0.33
11   124.00  -228.65   -70.00     0.33
11   135.43  -128.19   -70.00     0.33
11   135.75  -141.88   -70.00     0.33
11   233.32   -66.21   -70.00     0.33
11   242.79   -76.32   -70.00     0.33
11   301.85   -56.43   -70.00     0.33
11   278.36  -111.22   -70.00     0.33
11   256.17  -122.97   -70.00     0.33
11   212.44  -149.39   -70.00     0.33
11   221.90  -149.39   -70.00     0.33
11   227.78  -130.79   -70.00     0.33
11   174.58  -237.45   -70.00     0.33
11   167.73  -233.54   -70.00     0.33
11   278.36  -299.43   -70.00     0.33
11   356.02  -193.42   -70.00     0.33
11   324.04  -111.22   -70.00     0.33
11   336.77  -118.07   -70.00     0.33
11   175.24  -153.63   -69.00     0.33
11   181.11  -181.35   -69.00     0.33
11   187.96  -193.09   -69.00     0.33
11   144.24  -173.20   -69.00     0.33
11   226.47   -91.33   -69.00     0.33
11   222.23   -82.20   -69.00     0.33
11   235.28   -88.07   -69.00     0.33
11   237.57  -112.53   -69.00     0.33
11   272.48  -105.03   -69.00     0.33
11   323.72  -135.69   -69.00     0.33
11   333.51  -176.79   -69.00     0.33
11   230.39  -141.23   -69.00     0.33
11   217.66  -139.28   -69.00     0.33
11   213.09  -226.36   -69.00     0.33
11   190.57  -233.87   -69.00     0.33
11   227.78  -240.39   -69.00     0.33
11   145.54  -113.83   -69.00     0.33
11   134.12  -111.55   -69.00     0.33
11   116.17  -125.25   -69.00     0.33
11   107.04  -127.53   -69.00     0.33
11   113.56  -146.45   -69.00     0.33
11   292.39  -116.77   -69.00     0.33
11   282.60  -120.68   -69.00     0.33
11   269.22  -279.20   -69.00     0.33
11   260.08  -289.31   -69.00     0.33
11   257.15  -299.43   -69.00     0.33
11   214.07  -297.47   -69.00     0.33
11   362.88  -176.13   -69.00     0.33
11   185.68  -266.81   -68.00     0.33
11   233.65  -283.12   -68.00     0.33
11   235.61  -270.40   -68.00     0.33
11   230.71  -302.36   -68.00     0.33
11   296.96   -85.78   -68.00     0.33
11   257.47  -111.55   -68.00     0.33
11   246.05  -107.96   -68.00     0.33
11   217.99   -97.85   -68.00     0.33
11   153.05  -135.36   -68.00     0.33
11   150.44  -130.14   -68.00     0.33
11   160.23  -106.98   -68.00     0.33
11   154.68  -100.46   -68.00     0.33
11   147.17   -99.81   -68.00     0.33
11   124.66  -135.36   -68.00     0.33
11   125.64  -143.52   -68.00     0.33
11   104.75  -136.67   -68.00     0.33
11   236.59  -261.59   -68.00     0.33
11   155.66  -280.18   -68.00     0.33
11   254.21   -40.77   -67.00     0.33
11   260.41   -42.40   -67.00     0.33
11   269.55   -44.69   -67.00     0.33
11   213.74   -56.10   -67.00     0.33
11   125.31  -122.31   -67.00     0.33
11   172.30  -220.17   -67.00     0.33
11   184.37  -218.86   -67.00     0.33
11   147.17  -226.04   -67.00     0.33
11   127.27  -237.78   -67.00     0.33
11   248.01  -258.33   -67.00     0.33
11   248.99  -307.58   -67.00     0.33
11   138.69   -98.83   -66.00     0.33
11   139.34  -251.48   -66.00     0.33
11   123.03  -195.05   -66.00     0.33
11   192.21   -81.87   -66.00     0.33
11   180.79   -98.50   -66.00     0.33
11   170.34  -104.05   -66.00     0.33
11   224.84  -123.29   -66.00     0.33
11   355.37  -207.77   -66.00     0.33
11   290.10  -281.49   -66.00     0.33
11   240.18  -309.21   -66.00     0.33
11   192.86  -222.45   -66.00     0.33
11   182.74  -243.32   -66.00     0.33
11   203.30  -133.40   -66.00     0.33
11   217.33   -73.39   -65.00     0.33
11   234.96  -123.95   -65.00     0.33
11   263.35  -120.03   -65.00     0.33
11   153.05   -87.74   -65.00     0.33
11   114.87  -138.95   -65.00     0.33
11   107.36  -197.99   -65.00     0.33
11   350.48  -107.64   -64.00     0.33
11   344.93   -96.55   -64.00     0.33
11   126.61  -216.58   -64.00     0.33
11   147.50  -243.98   -64.00     0.33
11   105.73  -152.97   -64.00     0.33
11   146.52  -236.80   -64.00     0.33
11   118.46  -115.46   -64.00     0.33
11   333.83  -106.01   -64.00     0.33
11   140.65   -78.28   -63.00     0.33
11   121.39  -100.79   -63.00     0.33
11   275.75  -268.77   -63.00     0.33
11   287.49  -268.11   -63.00     0.33
11   363.20  -189.18   -62.00     0.33
11   351.78  -186.24   -62.00     0.33
11   351.45  -173.85   -62.00     0.33
11   339.71  -168.30   -62.00     0.33
11   344.60  -151.67   -62.00     0.33
11   346.56  -237.13   -62.00     0.33
11   332.85  -206.79   -62.00     0.33
11   346.89  -212.34   -62.00     0.33
11   318.50  -186.90   -62.00     0.33
11   351.13  -158.19   -62.00     0.33
11   304.79  -108.94   -62.00     0.33
11   316.54  -108.29   -62.00     0.33
11   169.69   -79.59   -62.00     0.33
11   133.79   -85.78   -62.00     0.33
11   131.18   -96.22   -62.00     0.33
11   108.01  -115.79   -62.00     0.33
11   139.67  -157.21   -62.00     0.33
11   139.34  -151.67   -62.00     0.33
11   135.43  -198.96   -62.00     0.33
11   155.33  -222.45   -62.00     0.33
11   148.15  -146.12   -62.00     0.33
11   182.09   -79.59   -62.00     0.33
11   246.05   -39.47   -62.00     0.33
11   250.62  -244.95   -62.00     0.33
11   306.42  -157.21   -62.00     0.33
11   312.62  -146.78   -62.00     0.33
11   160.23  -268.44   -62.00     0.33
11   177.85  -279.53   -62.00     0.33
11   171.32  -275.62   -62.00     0.33
11   188.29  -284.75   -62.00     0.33
11   204.61  -298.45   -62.00     0.33
11   105.40  -170.26   -62.00     0.33
11   175.24  -110.25   -62.00     0.33
11   226.80  -177.44   -62.00     0.33
11   272.81  -247.56   -62.00     0.33
11   108.01  -204.84   -61.00     0.33
11   119.44  -161.78   -61.00     0.33
11   155.01  -250.83   -61.00     0.33
11   147.17  -213.64   -60.00     0.33
11   159.57  -204.51   -60.00     0.33
11   158.27  -194.72   -60.00     0.33
11   140.97  -207.45   -60.00     0.33
11   152.72  -154.61   -60.00     0.33
11   161.21  -143.84   -60.00     0.33
11   190.90  -106.33   -60.00     0.33
11   204.28   -91.33   -60.00     0.33
11   203.63   -80.89   -60.00     0.33
11   177.85  -227.02   -60.00     0.33
11   154.35  -261.26   -60.00     0.33
11   142.93  -260.29   -60.00     0.33
11   149.13  -267.46   -60.00     0.33
11   365.49  -214.29   -60.00     0.33
11   369.08  -207.45   -60.00     0.33
11   335.14  -197.99   -60.00     0.33
11   341.01  -189.18   -60.00     0.33
11   357.00  -126.55   -60.00     0.33
11   357.65  -114.49   -60.00     0.33
11   344.27  -131.45   -60.00     0.33
11   341.99  -139.60   -60.00     0.33
11   332.85  -141.23   -60.00     0.33
11   243.44  -128.19   -60.00     0.33
11   231.04  -254.41   -60.00     0.33
11   169.36  -232.23   -59.00     0.33
11   321.76  -228.97   -59.00     0.33
11   328.61  -224.08   -59.00     0.33
11   155.98   -78.61   -59.00     0.33
11   153.70  -232.89   -58.00     0.33
11   211.46  -225.06   -58.00     0.33
11   265.96  -280.51   -58.00     0.33
11   260.41  -292.25   -58.00     0.33
11   280.64  -287.68   -58.00     0.33
11   216.35  -299.43   -58.00     0.33
11   221.25  -299.10   -58.00     0.33
11   278.03  -297.14   -58.00     0.33
11   298.26  -117.42   -58.00     0.33
11   281.62  -117.10   -58.00     0.33
11   271.50  -103.07   -58.00     0.33
11   229.08   -87.41   -58.00     0.33
11   230.39   -93.94   -58.00     0.33
11   254.86  -120.68   -58.00     0.33
11   231.04   -75.35   -58.00     0.33
11   230.39   -48.93   -58.00     0.33
11   182.74  -182.00   -58.00     0.33
11   229.41  -140.91   -58.00     0.33
11   175.56  -152.32   -58.00     0.33
11   142.60  -172.54   -58.00     0.33
11   190.25  -194.07   -57.00     0.33
11   222.23  -243.65   -57.00     0.33
11   241.16  -272.35   -57.00     0.33
11   185.35  -268.44   -57.00     0.33
11   196.12  -233.54   -57.00     0.33
11   248.01  -113.18   -57.00     0.33
11   264.98  -136.99   -57.00     0.33
11   235.61  -109.59   -57.00     0.33
11   341.34  -114.16   -57.00     0.33
11   360.59  -197.33   -57.00     0.33
11   361.90  -165.70   -57.00     0.33
11   139.02  -137.64   -57.00     0.33
11   149.13  -134.06   -57.00     0.33
11   140.32  -122.97   -57.00     0.33
11   126.94  -131.45   -57.00     0.33
11   111.93  -127.86   -57.00     0.33
11   125.31  -142.86   -57.00     0.33
11   154.35   -98.18   -57.00     0.33
11   215.38   -93.29   -57.00     0.33
11   325.02  -112.53   -57.00     0.33
11   361.57  -175.81   -57.00     0.33
11   199.71  -282.14   -57.00     0.33
11   207.87  -285.40   -57.00     0.33
11   235.93  -291.60   -57.00     0.33
11   257.15  -282.79   -57.00     0.33
11   159.90  -243.65   -57.00     0.33
11   134.12  -183.96   -57.00     0.33
11   228.43  -131.12   -57.00     0.33
11   284.88  -128.84   -57.00     0.33
11   326.33  -136.34   -57.00     0.33
11   205.26  -117.10   -57.00     0.33
11   214.72  -143.84   -57.00     0.33
11   183.40   -89.04   -57.00     0.33
11   230.39  -265.83   -57.00     0.33
11   182.42  -219.19   -56.00     0.33
11   246.05  -258.98   -56.00     0.33
11   124.98  -239.74   -56.00     0.33
11   155.01  -278.22   -56.00     0.33
11   248.66  -307.25   -56.00     0.33
11   228.76  -306.28   -56.00     0.33
11   171.97  -217.23   -56.00     0.33
11   270.20  -123.62   -55.00     0.33
11   270.53  -115.14   -55.00     0.33
11   190.57  -223.10   -55.00     0.33
11   185.35  -237.78   -55.00     0.33
11   176.22  -256.37   -55.00     0.33
11   174.58  -249.20   -55.00     0.33
11   139.02  -250.83   -55.00     0.33
11   224.19  -121.01   -55.00     0.33
11   291.08  -277.25   -55.00     0.33
11   237.24  -309.21   -55.00     0.33
11   169.04  -120.68   -54.00     0.33
11   167.73   -94.92   -54.00     0.33
11   174.58  -100.13   -54.00     0.33
11   158.92  -108.94   -54.00     0.33
11   115.19  -138.62   -54.00     0.33
11   186.99   -67.84   -54.00     0.33
11   214.72   -73.71   -54.00     0.33
11   267.59   -50.88   -54.00     0.33
11   284.23  -140.91   -54.00     0.33
11   250.62  -150.04   -54.00     0.33
11   307.07  -116.44   -54.00     0.33
11   145.87  -194.07   -54.00     0.33
11   282.93  -258.98   -54.00     0.33
11   287.17  -240.39   -54.00     0.33
11   289.45  -161.78   -54.00     0.33
11   126.94  -214.29   -53.00     0.33
11   147.17  -246.26   -53.00     0.33
11   134.12  -149.39   -53.00     0.33
11   120.41  -115.46   -53.00     0.33
11   128.90  -123.62   -53.00     0.33
11   129.55  -111.55   -53.00     0.33
11   350.48   -97.20   -53.00     0.33
11   348.84  -106.33   -53.00     0.33
11   214.72  -107.96   -53.00     0.33
11   205.91  -104.05   -53.00     0.33
11   198.73  -101.11   -53.00     0.33
11   189.92   -97.20   -53.00     0.33
11   189.92   -84.48   -53.00     0.33
11   222.88  -143.19   -53.00     0.33
11   227.45  -171.57   -53.00     0.33
11   233.98  -225.06   -53.00     0.33
11   260.41  -247.56   -53.00     0.33
11   261.06  -258.00   -53.00     0.33
11   359.94  -156.89   -53.00     0.33
11   261.71  -118.07   -53.00     0.33
11   235.28  -122.31   -52.00     0.33
11   169.36   -79.59   -51.00     0.33
11   141.63   -79.26   -51.00     0.33
11   132.82   -95.24   -51.00     0.33
11   124.33   -98.18   -51.00     0.33
11   101.16  -153.30   -51.00     0.33
11   145.54  -147.10   -51.00     0.33
11   141.95  -155.91   -51.00     0.33
11   139.67  -159.82   -51.00     0.33
11   179.81  -121.01   -51.00     0.33
11   180.46  -106.01   -51.00     0.33
11   315.56  -145.80   -51.00     0.33
11   339.71  -164.72   -51.00     0.33
11   349.50  -164.72   -51.00     0.33
11   350.48  -175.81   -51.00     0.33
11   355.37  -186.57   -51.00     0.33
11   368.10  -187.22   -51.00     0.33
11   286.19  -269.09   -51.00     0.33
11   277.05  -271.05   -51.00     0.33
11   330.24  -211.36   -51.00     0.33
11   200.04  -296.49   -51.00     0.33
11   186.99  -287.36   -51.00     0.33
11   180.46  -278.22   -51.00     0.33
11   230.71  -192.44   -51.00     0.33
11   211.46  -172.87   -51.00     0.33
11   172.95  -205.16   -51.00     0.33
11   173.61  -191.46   -51.00     0.33
11   157.94  -219.51   -51.00     0.33
11   304.14  -161.78   -51.00     0.33
11   296.96  -151.67   -51.00     0.33
11   333.51  -120.68   -51.00     0.33
11   250.62  -243.65   -51.00     0.33
11   277.70  -249.85   -51.00     0.33
11   271.18  -242.35   -51.00     0.33
11   271.18  -266.16   -51.00     0.33
11   161.53  -154.93   -51.00     0.33
11   337.42  -177.11   -51.00     0.33
11   313.27  -155.26   -51.00     0.33
11   154.68   -87.74   -50.00     0.33
11   145.54  -222.78   -50.00     0.33
11   199.71  -268.44   -50.00     0.33
11   218.31  -225.06   -50.00     0.33
11   200.69  -240.71   -50.00     0.33
11   185.35  -257.02   -50.00     0.33
11   154.68  -253.44   -50.00     0.33
11   199.06  -216.58   -50.00     0.33
11   349.82  -151.34   -50.00     0.33
11   205.26  -159.50   -50.00     0.33
11   177.85   -81.54   -50.00     0.33
11   304.46  -188.85   -50.00     0.33
11   251.27  -219.51   -50.00     0.33
11   327.31  -168.63   -50.00     0.33
11   119.44  -161.46   -50.00     0.33
11   113.56  -202.55   -50.00     0.33
11   115.19  -183.63   -50.00     0.33
11   314.58  -108.62   -50.00     0.33
11   334.16  -151.34   -50.00     0.33
11   178.17  -227.02   -49.00     0.33
11   158.92  -205.81   -49.00     0.33
11   163.82  -182.33   -49.00     0.33
11   155.98  -264.85   -49.00     0.33
11   146.19  -263.87   -49.00     0.33
11   339.71  -144.17   -49.00     0.33
11   338.73  -136.01   -49.00     0.33
11   351.45  -117.75   -49.00     0.33
11   367.44  -218.21   -49.00     0.33
11   367.44  -209.08   -49.00     0.33
11   333.18  -188.53   -49.00     0.33
11   164.80  -144.49   -49.00     0.33
11   163.49  -197.01   -49.00     0.33
11   205.59   -93.61   -49.00     0.33
11   245.07  -123.29   -49.00     0.33
11   148.15  -212.34   -49.00     0.33
11   140.32  -203.20   -49.00     0.33
11   135.75  -228.97   -49.00     0.33
11   328.61  -198.31   -49.00     0.33
11   254.21  -129.82   -49.00     0.33
11   113.56  -120.03   -49.00     0.33
11   241.16  -130.79   -49.00     0.33
11   152.72  -153.30   -49.00     0.33
11   156.96  -138.62   -49.00     0.33
11   245.07  -287.68   -49.00     0.33
11   165.45  -261.59   -49.00     0.33
11   173.93  -239.41   -49.00     0.33
11   143.58  -236.80   -49.00     0.33
11   135.10  -194.40   -49.00     0.33
11   200.04   -88.07   -49.00     0.33
11   344.60  -188.53   -49.00     0.33
11   149.46  -164.39   -49.00     0.33
11   243.77  -249.85   -49.00     0.33
11   243.44  -238.43   -49.00     0.33
11   228.43  -253.11   -49.00     0.33
11   190.90  -109.92   -48.00     0.33
11   179.81  -152.97   -47.00     0.33
11   168.71  -232.56   -47.00     0.33
11   159.90  -232.56   -47.00     0.33
11   149.13  -231.91   -47.00     0.33
11   223.53  -297.14   -47.00     0.33
11   215.38  -297.47   -47.00     0.33
11   220.27  -282.14   -47.00     0.33
11   298.26  -117.75   -47.00     0.33
11   293.69  -125.58   -47.00     0.33
11   229.73   -91.98   -46.00     0.33
11   235.61  -111.22   -46.00     0.33
11   251.27  -116.44   -46.00     0.33
11   325.02  -135.36   -46.00     0.33
11   326.98  -110.90   -46.00     0.33
11   339.71  -110.25   -46.00     0.33
11   239.20  -152.32   -46.00     0.33
11   209.50  -149.71   -46.00     0.33
11   189.60  -195.38   -46.00     0.33
11   184.05  -187.55   -46.00     0.33
11   178.83  -207.77   -46.00     0.33
11   201.02  -226.36   -46.00     0.33
11   221.90  -242.02   -46.00     0.33
11   235.61  -298.12   -46.00     0.33
11   236.26  -277.25   -46.00     0.33
11   237.57  -269.42   -46.00     0.33
11   229.41  -264.20   -46.00     0.33
11   204.28  -279.53   -46.00     0.33
11   184.05  -268.44   -46.00     0.33
11   357.33  -199.62   -46.00     0.33
11   360.59  -171.57   -46.00     0.33
11   224.19  -131.77   -46.00     0.33
11   170.34  -153.95   -46.00     0.33
11   140.97  -171.57   -46.00     0.33
11   146.52  -113.18   -46.00     0.33
11   158.59   -97.20   -46.00     0.33
11   147.83  -134.71   -46.00     0.33
11   202.00  -127.21   -46.00     0.33
11   267.91  -156.24   -46.00     0.33
11   324.04  -221.80   -46.00     0.33
11   295.98  -237.78   -46.00     0.33
11   310.34  -206.47   -46.00     0.33
11   157.94  -242.67   -45.00     0.33
11   162.84  -271.70   -45.00     0.33
11   169.04  -278.22   -45.00     0.33
11   191.88  -276.27   -45.00     0.33
11   248.99  -255.07   -45.00     0.33
11   257.47  -288.34   -45.00     0.33
11   251.92  -301.38   -45.00     0.33
11   247.68  -308.23   -45.00     0.33
11   211.13  -215.93   -45.00     0.33
11   181.76  -215.60   -45.00     0.33
11   277.70  -121.01   -45.00     0.33
11   139.34  -125.58   -45.00     0.33
11   128.25  -135.36   -45.00     0.33
11   135.75  -139.28   -45.00     0.33
11   120.09  -126.88   -45.00     0.33
11   280.31  -153.30   -45.00     0.33
11   310.99  -170.59   -45.00     0.33
11   317.19  -161.13   -45.00     0.33
11   286.19  -212.01   -45.00     0.33
11   233.65  -200.27   -45.00     0.33
11   190.25  -246.26   -45.00     0.33
11   285.21  -180.70   -45.00     0.33
11   296.63  -174.50   -45.00     0.33
11   317.84  -123.62   -45.00     0.33
11   139.02  -179.07   -45.00     0.33
11   171.97  -167.33   -45.00     0.33
11   147.50  -255.07   -45.00     0.33
11   167.73  -218.54   -45.00     0.33
11   182.42   -93.29   -45.00     0.33
11   258.12  -161.13   -45.00     0.33
11   128.25  -234.52   -45.00     0.33
11   276.07  -226.36   -45.00     0.33
11   221.90  -115.14   -44.00     0.33
11   228.10  -132.75   -44.00     0.33
11   266.94  -121.34   -44.00     0.33
11   190.90  -233.54   -44.00     0.33
11   188.29  -222.78   -44.00     0.33
11   166.75  -249.20   -44.00     0.33
11   150.11  -269.74   -44.00     0.33
11   139.99  -253.11   -44.00     0.33
11   246.05  -265.18   -44.00     0.33
11   237.89  -304.97   -44.00     0.33
11   264.98  -132.10   -43.00     0.33
11   284.88  -143.52   -43.00     0.33
11   283.58  -132.43   -43.00     0.33
11   183.07   -69.47   -43.00     0.33
11   147.83  -190.81   -43.00     0.33
11   114.87  -136.01   -43.00     0.33
11   123.35  -219.51   -42.00     0.33
11   130.20  -211.03   -42.00     0.33
11   124.98  -177.76   -42.00     0.33
11   131.18  -145.47   -42.00     0.33
11   128.90  -118.07   -42.00     0.33
11   196.45   -80.89   -42.00     0.33
11   186.01   -76.65   -42.00     0.33
11   255.51  -264.20   -42.00     0.33
11   250.95  -275.29   -42.00     0.33
11   261.06  -241.04   -42.00     0.33
11   231.69  -219.19   -42.00     0.33
11   206.24  -233.21   -42.00     0.33
11   286.52  -229.62   -42.00     0.33
11   264.00  -258.00   -42.00     0.33
11   229.08  -141.88   -42.00     0.33
11   213.09  -111.88   -42.00     0.33
11   202.65  -101.11   -42.00     0.33
11   189.92   -92.63   -42.00     0.33
11   169.36   -94.26   -42.00     0.33
11   164.14  -129.16   -42.00     0.33
11   154.35  -127.21   -42.00     0.33
11   175.89  -256.37   -42.00     0.33
11   181.76  -236.15   -42.00     0.33
11   145.87  -245.93   -42.00     0.33
11   252.58  -197.66   -42.00     0.33
11   279.66  -188.85   -42.00     0.33
11   278.03  -180.37   -42.00     0.33
11   281.62  -166.02   -42.00     0.33
11   295.33  -222.45   -42.00     0.33
11   284.23  -259.63   -42.00     0.33
11   171.97  -183.31   -42.00     0.33
11   150.76  -201.25   -42.00     0.33
11   155.33  -193.09   -42.00     0.33
11   126.29  -203.20   -42.00     0.33
11   136.08  -219.84   -42.00     0.33
11   234.30  -122.64   -41.00     0.33
11   181.76  -124.27   -40.00     0.33
11   142.60  -144.49   -40.00     0.33
11   141.30  -153.63   -40.00     0.33
11   137.71  -159.50   -40.00     0.33
11   164.47   -78.28   -40.00     0.33
11   137.38   -78.93   -40.00     0.33
11   129.23   -98.18   -40.00     0.33
11   123.03  -105.35   -40.00     0.33
11   345.25  -165.70   -40.00     0.33
11   343.95  -173.52   -40.00     0.33
11   280.97  -251.15   -40.00     0.33
11   277.38  -269.09   -40.00     0.33
11   309.68  -147.43   -40.00     0.33
11   315.23  -138.30   -40.00     0.33
11   355.70  -178.74   -40.00     0.33
11   356.35  -158.52   -40.00     0.33
11   175.56  -196.36   -40.00     0.33
11   170.67  -208.42   -40.00     0.33
11   269.55  -239.41   -40.00     0.33
11   274.11  -243.65   -40.00     0.33
11   323.72  -207.45   -40.00     0.33
11   195.14  -292.25   -40.00     0.33
11   178.50  -108.94   -40.00     0.33
11   174.91  -101.77   -40.00     0.33
11   349.82   -96.55   -40.00     0.33
11   223.53  -183.63   -40.00     0.33
11   212.44  -177.44   -40.00     0.33
11   217.99  -166.67   -40.00     0.33
11   227.45  -156.89   -40.00     0.33
11   220.27  -147.76   -40.00     0.33
11   286.19  -271.05   -40.00     0.33
11   308.38  -223.43   -40.00     0.33
11   333.83  -173.85   -40.00     0.33
11   217.33  -224.41   -39.00     0.33
11   246.70  -216.90   -39.00     0.33
11   307.40  -192.77   -39.00     0.33
11   303.16  -185.59   -39.00     0.33
11   321.43  -170.26   -39.00     0.33
11   343.95  -152.65   -39.00     0.33
11   178.17   -82.20   -39.00     0.33
11   185.68  -254.74   -39.00     0.33
11   303.81  -158.85   -39.00     0.33
11   295.00  -150.04   -39.00     0.33
11   201.34  -243.32   -39.00     0.33
11   199.06  -116.44   -39.00     0.33
11   186.33  -102.09   -39.00     0.33
11   174.58  -226.69   -38.00     0.33
11   154.35  -215.60   -38.00     0.33
11   160.88  -143.52   -38.00     0.33
11   199.06   -86.44   -38.00     0.33
11   241.48  -122.64   -38.00     0.33
11   335.79  -143.84   -38.00     0.33
11   161.86  -153.30   -37.00     0.33
11   254.21  -126.23   -37.00     0.33
11   158.27  -257.02   -37.00     0.33
11   169.36  -144.49   -37.00     0.33
11   161.21  -177.44   -37.00     0.33
11   150.76  -165.70   -37.00     0.33
11   152.39  -154.28   -37.00     0.33
11   124.00  -144.49   -37.00     0.33
11   197.75   -93.61   -37.00     0.33
11   217.99  -287.03   -36.00     0.33
11   218.31  -260.29   -36.00     0.33
11   162.18  -233.21   -36.00     0.33
11   150.44  -234.19   -36.00     0.33
11   148.15  -260.94   -36.00     0.33
11   160.88  -204.18   -36.00     0.33
11   166.43  -193.09   -36.00     0.33
11   180.13  -156.56   -36.00     0.33
11   147.83  -182.33   -36.00     0.33
11   233.65  -189.18   -36.00     0.33
11   239.20  -167.00   -36.00     0.33
11   248.01  -135.04   -36.00     0.33
11   345.25  -131.12   -36.00     0.33
11   328.28  -195.70   -36.00     0.33
11   177.20  -247.89   -36.00     0.33
11   196.12  -217.88   -35.00     0.33
11   199.71  -227.67   -35.00     0.33
11   187.96  -189.18   -35.00     0.33
11   218.97  -126.55   -35.00     0.33
11   234.96  -113.51   -35.00     0.33
11   159.25   -97.20   -35.00     0.33
11   346.23  -118.07   -35.00     0.33
11   296.63  -236.47   -35.00     0.33
11   306.75  -206.79   -35.00     0.33
11   299.24  -195.70   -35.00     0.33
11   141.63  -169.61   -35.00     0.33
11   178.83  -147.10   -35.00     0.33
11   181.11  -205.81   -35.00     0.33
11   269.55  -261.59   -35.00     0.33
11   235.93  -286.70   -35.00     0.33
11   247.68  -286.38   -35.00     0.33
11   227.12  -292.25   -35.00     0.33
11   221.90  -301.06   -35.00     0.33
11   205.26  -275.62   -35.00     0.33
11   182.09  -265.83   -35.00     0.33
11   228.76  -267.79   -35.00     0.33
11   241.81  -270.07   -35.00     0.33
11   245.72  -244.95   -35.00     0.33
11   236.26  -256.70   -35.00     0.33
11   223.86  -246.26   -35.00     0.33
11   233.32  -244.63   -35.00     0.33
11   269.87  -205.16   -35.00     0.33
11   273.46  -216.25   -35.00     0.33
11   155.33  -226.69   -35.00     0.33
11   147.50  -134.38   -35.00     0.33
11   147.17  -106.66   -35.00     0.33
11   138.69  -117.10   -35.00     0.33
11   312.29  -163.41   -34.00     0.33
11   317.52  -155.91   -34.00     0.33
11   292.06  -173.85   -34.00     0.33
11   215.05  -239.74   -34.00     0.33
11   292.06  -212.34   -34.00     0.33
11   250.62  -251.15   -34.00     0.33
11   136.40  -179.72   -34.00     0.33
11   168.38  -166.67   -34.00     0.33
11   206.89  -159.50   -34.00     0.33
11   213.42  -215.93   -34.00     0.33
11   167.08  -217.23   -34.00     0.33
11   189.92  -246.91   -34.00     0.33
11   194.82  -269.74   -34.00     0.33
11   123.03  -130.47   -34.00     0.33
11   277.38  -150.04   -33.00     0.33
11   264.98  -133.08   -32.00     0.33
11   265.63  -122.97   -32.00     0.33
11   294.02  -141.88   -32.00     0.33
11   275.09  -172.54   -32.00     0.33
11   182.09   -67.19   -32.00     0.33
11   137.71  -125.58   -32.00     0.33
11   134.12  -137.32   -32.00     0.33
11   160.55   -87.74   -32.00     0.33
11   185.03  -213.64   -32.00     0.33
11   191.23  -229.62   -32.00     0.33
11   157.29  -248.87   -32.00     0.33
11   159.57  -266.48   -32.00     0.33
11   222.88  -117.42   -32.00     0.33
11   228.10  -130.47   -32.00     0.33
11   150.44   -83.17   -32.00     0.33
11   165.77  -133.40   -31.00     0.33
11   207.22  -113.18   -31.00     0.33
11   201.34   -99.81   -31.00     0.33
11   214.40  -118.07   -31.00     0.33
11   188.62   -85.13   -31.00     0.33
11   178.83   -93.61   -31.00     0.33
11   235.93  -134.38   -31.00     0.33
11   231.37  -143.52   -31.00     0.33
11   251.92  -194.40   -31.00     0.33
11   287.49  -228.32   -31.00     0.33
11   297.28  -224.08   -31.00     0.33
11   276.40  -257.02   -31.00     0.33
11   250.29  -263.22   -31.00     0.33
11   259.76  -265.18   -31.00     0.33
11   287.82  -159.82   -31.00     0.33
11   278.36  -191.79   -30.00     0.33
11   281.62  -180.37   -30.00     0.33
11   207.54  -233.54   -30.00     0.33
11   171.97  -259.63   -30.00     0.33
11   174.26  -235.17   -30.00     0.33
11   270.53  -224.08   -30.00     0.33
11   280.64  -224.08   -30.00     0.33
11   356.02  -167.98   -30.00     0.33
11   141.63  -150.69   -29.00     0.33
11   186.33  -117.10   -29.00     0.33
11   186.33  -126.55   -29.00     0.33
11   174.58  -102.42   -29.00     0.33
11   179.15  -194.40   -29.00     0.33
11   174.26  -200.60   -29.00     0.33
11   268.24  -159.17   -29.00     0.33
11   223.21  -162.76   -29.00     0.33
11   190.57  -145.80   -29.00     0.33
11   284.56  -269.42   -29.00     0.33
11   274.11  -269.74   -29.00     0.33
11   273.79  -239.74   -29.00     0.33
11   263.02  -244.30   -29.00     0.33
11   261.06  -255.39   -29.00     0.33
11   347.21  -163.74   -29.00     0.33
11   342.97  -171.89   -29.00     0.33
11   144.89  -142.21   -29.00     0.33
11   302.83  -163.41   -28.00     0.33
11   252.25  -209.73   -28.00     0.33
11   176.54  -221.80   -27.00     0.33
11   170.02  -226.69   -27.00     0.33
11   307.73  -191.46   -27.00     0.33
11   194.16  -196.68   -27.00     0.33
11   242.46  -122.64   -27.00     0.33
11   189.92  -105.35   -27.00     0.33
11   190.25   -95.24   -27.00     0.33
11   200.04  -120.36   -27.00     0.33
11   229.08  -211.36   -27.00     0.33
11   185.03  -239.41   -27.00     0.33
11   173.93  -129.82   -27.00     0.33
11   173.61  -113.18   -27.00     0.33
11   304.14  -182.33   -27.00     0.33
11   257.80  -197.66   -27.00     0.33
11   211.79  -225.71   -26.00     0.33
11   177.85  -229.62   -26.00     0.33
11   194.49  -233.87   -26.00     0.33
11   243.44  -213.64   -26.00     0.33
11   240.18  -201.57   -26.00     0.33
11   151.74  -161.46   -26.00     0.33
11   148.48  -154.61   -26.00     0.33
11   163.16  -148.08   -26.00     0.33
11   256.82  -232.56   -26.00     0.33
11   228.43  -228.32   -26.00     0.33
11   284.23  -234.84   -26.00     0.33
11   221.90  -277.25   -26.00     0.33
11   206.89  -263.55   -26.00     0.33
11   199.06  -246.59   -26.00     0.33
11   151.09  -198.96   -26.00     0.33
11   159.90  -182.00   -26.00     0.33
11   185.35  -192.12   -23.00     0.33
11   170.34  -191.46   -23.00     0.33
11   163.82  -197.66   -23.00     0.33
11   171.65  -213.97   -23.00     0.33
11   235.28  -247.89   -23.00     0.33
11   214.40  -259.31   -23.00     0.33
11   239.85  -259.96   -23.00     0.33
11   180.79  -206.47   -23.00     0.33
11   171.65  -167.98   -23.00     0.33
11   176.54  -151.67   -23.00     0.33
11   146.85  -168.63   -23.00     0.33
11   207.22  -219.19   -23.00     0.33
11   232.67  -240.06   -23.00     0.33
11   272.16  -201.57   -23.00     0.33
11   161.21  -170.59   -22.00     0.33
11   192.53  -216.58   -22.00     0.33
11   198.41  -221.80   -22.00     0.33
11   161.21  -230.28   -22.00     0.33
11   150.76  -230.60   -22.00     0.33
11   138.36  -185.59   -22.00     0.33
11   281.62  -202.88   -22.00     0.33
11   302.83  -197.99   -22.00     0.33
11   287.49  -213.32   -22.00     0.33
11   219.29  -205.81   -22.00     0.33
11   189.92  -179.72   -21.00     0.33
11   186.01  -226.69   -21.00     0.33
11   181.11  -216.90   -21.00     0.33
11   285.86  -176.13   -21.00     0.33
11   278.36  -172.22   -21.00     0.33
11   278.03  -166.67   -21.00     0.33
11   182.09  -139.28   -21.00     0.33
11   171.00  -141.56   -21.00     0.33
11   217.33  -216.90   -21.00     0.33
11   175.24  -184.94   -21.00     0.33
11   168.06  -179.72   -21.00     0.33
11   213.74  -250.50   -21.00     0.33
11   223.53  -258.00   -21.00     0.33
11   248.66  -262.24   -20.00     0.33
11   261.71  -262.57   -20.00     0.33
11   251.27  -250.17   -18.00     0.33
11   203.63  -233.21   -18.00     0.33
11   287.82  -220.82   -18.00     0.33
11   308.38  -162.11   -17.00     0.33
11   304.79  -168.63   -17.00     0.33
11   266.28  -229.62   -16.00     0.33
11   254.21  -219.51   -16.00     0.33
11   250.62  -198.31   -16.00     0.33
11   192.86  -195.70   -16.00     0.33
11   184.70  -243.32   -16.00     0.33
11   209.50  -210.05   -16.00     0.33
11   177.20  -198.96   -16.00     0.33
11   233.32  -217.56   -15.00     0.33
11   239.52  -204.84   -15.00     0.33
11   226.14  -209.73   -15.00     0.33
11   261.71  -239.41   -15.00     0.33
11   264.32  -248.54   -15.00     0.33
11   283.58  -232.89   -15.00     0.33
11   288.80  -194.72   -15.00     0.33
11   174.91  -230.28   -15.00     0.33
11   169.36  -223.43   -15.00     0.33
11   247.68  -213.32   -15.00     0.33
11   213.74  -226.36   -15.00     0.33
11   192.86  -187.55   -15.00     0.33
11   184.05  -202.88   -12.00     0.33
11   182.42  -191.46   -12.00     0.33
11   270.53  -204.84   -12.00     0.33
11   234.96  -246.26   -12.00     0.33
11   171.65  -211.03   -11.00     0.33
11   188.94  -219.84   -11.00     0.33
11   199.06  -224.41   -11.00     0.33
11   219.29  -202.23   -11.00     0.33
11   179.48  -170.91   -11.00     0.33
11   171.32  -170.26   -11.00     0.33
11   279.34  -200.27   -11.00     0.33
11   185.03  -211.69   -10.00     0.33
11   179.15  -220.49   -10.00     0.33
11   169.04  -183.63   -10.00     0.33
11   169.36  -190.81   -10.00     0.33
11   185.03  -179.07   -10.00     0.33
11   217.66  -210.71   -10.00     0.33
11   240.50  -227.02    -9.00     0.33
12   121.39   -67.19  -157.00     0.33
12   146.19  -141.23  -153.00     0.33
12   266.61   -72.41  -153.00     0.33
12   155.01  -184.29  -149.00     0.33
12   216.35   -87.41  -141.00     0.33
12   205.59   -87.74  -141.00     0.33
12   190.90   -78.28  -141.00     0.33
12   310.99  -172.87  -137.00     0.33
12   274.44   -83.50  -137.00     0.33
12   206.89   -53.17  -134.00     0.33
12   202.65  -100.79  -134.00     0.33
12   194.49   -93.61  -134.00     0.33
12   191.23  -103.40  -134.00     0.33
12   185.68   -98.18  -134.00     0.33
12   155.01  -171.89  -131.00     0.33
12   139.99   -76.00  -131.00     0.33
12   220.92   -49.25  -128.00     0.33
12   265.63   -31.31  -128.00     0.33
12   127.59  -210.71  -128.00     0.33
12   270.85   -83.83  -122.00     0.33
12   271.83   -93.29  -122.00     0.33
12   260.08   -94.59  -122.00     0.33
12   255.19  -122.64  -122.00     0.33
12   199.71  -156.24  -122.00     0.33
12   310.66  -176.79  -122.00     0.33
12   193.19  -101.11  -122.00     0.33
12   203.30   -94.26  -122.00     0.33
12   204.93   -98.50  -122.00     0.33
12   203.95   -85.78  -122.00     0.33
12   179.48   -86.11  -120.00     0.33
12   164.80   -74.37  -120.00     0.33
12   141.63   -73.39  -120.00     0.33
12   141.63   -84.48  -120.00     0.33
12   140.32   -65.56  -120.00     0.33
12   204.93   -50.23  -120.00     0.33
12   180.79   -50.23  -120.00     0.33
12   156.31  -172.54  -120.00     0.33
12   197.10   -93.29  -117.00     0.33
12   266.28   -30.66  -117.00     0.33
12   221.90   -47.95  -114.00     0.33
12   255.51  -123.95  -110.00     0.33
12   199.06  -155.58  -110.00     0.33
12   202.65   -98.50  -110.00     0.33
12   193.51  -101.11  -110.00     0.33
12   261.06   -97.85  -110.00     0.33
12   273.14   -89.70  -110.00     0.33
12   199.06   -92.63  -106.00     0.33
12   162.51   -72.41  -106.00     0.33
12   267.59   -27.72  -106.00     0.33
12   129.55  -208.75  -109.00     0.33
12   138.69   -87.09  -108.00     0.33
12   140.32   -69.15  -108.00     0.33
12   132.16   -69.47  -108.00     0.33
12   177.52   -84.48  -108.00     0.33
12   253.88  -130.47  -100.00     0.33
12   194.49  -107.31   -98.00     0.33
12   195.14   -99.81   -98.00     0.33
12   188.94  -102.74   -98.00     0.33
12   270.85   -91.98   -98.00     0.33
12   202.00   -93.29   -95.00     0.33
12   137.38   -82.85   -95.00     0.33
12   267.26   -30.33   -95.00     0.33
12   257.80  -123.29   -92.00     0.33
12   175.24  -137.97   -89.00     0.33
12   206.24  -161.78   -89.00     0.33
12   184.37  -152.97   -89.00     0.33
12   186.66  -172.54   -89.00     0.33
12   222.23  -232.89   -89.00     0.33
12   181.44   -82.52   -89.00     0.33
12   187.96   -92.31   -89.00     0.33
12   256.17  -131.12   -89.00     0.33
12   282.27   -96.55   -89.00     0.33
12   240.50   -69.80   -89.00     0.33
12   241.81  -166.02   -83.00     0.33
12   192.21  -101.44   -83.00     0.33
12   196.45  -108.94   -83.00     0.33
12   160.23  -136.99   -83.00     0.33
12   131.84  -172.87   -83.00     0.33
12   290.76   -61.32   -78.00     0.33
12   265.96   -51.54   -78.00     0.33
12   197.75  -162.43   -78.00     0.33
12   209.83  -163.41   -78.00     0.33
12   239.85  -135.04   -78.00     0.33
12   189.92  -206.47   -78.00     0.33
12   226.14  -230.93   -78.00     0.33
12   175.56  -190.48   -78.00     0.33
12   246.05   -61.97   -74.00     0.33
12   167.41  -122.97   -72.00     0.33
12   193.51  -126.23   -72.00     0.33
12   133.47  -171.24   -72.00     0.33
12   239.52  -162.76   -71.00     0.33
12   245.72  -152.65   -71.00     0.33
12   321.11  -212.34   -68.00     0.33
12   198.08  -259.96   -68.00     0.33
12   204.28  -273.33   -68.00     0.33
12   252.58  -275.29   -68.00     0.33
12   250.29  -182.00   -68.00     0.33
12   247.36  -164.72   -68.00     0.33
12   180.13  -139.60   -64.00     0.33
12   294.67   -62.62   -64.00     0.33
12   186.01  -204.51   -64.00     0.33
12   149.46  -180.37   -64.00     0.33
12   250.62  -181.35   -56.00     0.33
12   244.75   -64.26   -55.00     0.33
12   201.34  -206.47   -55.00     0.33
12   217.99  -257.35   -57.00     0.33
12   180.46  -142.86   -53.00     0.33
12   195.14  -129.16   -53.00     0.33
12   245.72  -167.00   -57.00     0.33
12   242.46  -137.32   -53.00     0.33
12   215.05  -125.58   -53.00     0.33
12   186.99  -136.01   -53.00     0.33
12   149.78  -179.07   -53.00     0.33
12   242.79  -228.32   -53.00     0.33
12   227.78  -288.01   -53.00     0.33
12   199.06  -110.25   -53.00     0.33
12   244.09  -203.20   -47.00     0.33
12   276.40  -234.84   -47.00     0.33
12   261.06  -182.33   -47.00     0.33
12   203.63  -190.16   -47.00     0.33
12   226.47  -209.08   -47.00     0.33
12   189.92  -206.47   -47.00     0.33
12   179.15  -136.01   -41.00     0.33
12   188.94  -139.93   -41.00     0.33
12   189.60  -129.82   -41.00     0.33
12   204.28  -206.47   -41.00     0.33
12   240.83  -227.67   -41.00     0.33
12   248.66  -169.94   -41.00     0.33
12   247.68  -181.68   -41.00     0.33
12   229.73  -176.79   -41.00     0.33
12   191.88  -136.01   -39.00     0.33
12   248.99  -148.08   -39.00     0.33
12   264.00  -188.85   -38.00     0.33
12   194.16  -206.79   -35.00     0.33
12   208.85  -199.62   -28.00     0.33
12   204.93  -208.42   -28.00     0.33
12   191.23  -134.06   -28.00     0.33
12   264.65  -194.07   -23.00     0.33
12   221.58  -234.19   -23.00     0.33
12   208.52  -198.96   -13.00     0.33
12   208.52  -209.40   -61.00     0.33
12   202.32  -187.22   -62.00     0.33
12   259.43  -133.08   -74.00     0.33
12   245.72  -140.58   -74.00     0.33
12   265.30  -113.83   -74.00     0.33
12   284.23   -73.39   -74.00     0.33
12   152.39   -33.60  -147.00     0.33
12   263.02  -242.35  -114.00     0.33
