11 -36.59 -38.67 0 0.32
11 -27.16 -39.32 0 0.32
11 -24.56 -28.91 0 0.32
11 -12.22 -29.23 0 0.32
11 -2.79 -20.44 0 0.32
11 -0.84 -12.63 0 0.32
11 5.66 -10.68 0 0.32
11 14.43 -10.03 0 0.32
11 7.28 4.3 0 0.32
11 28.4 -4.82 0 0.32
11 29.38 12.76 0 0.32
11 45.3 5.92 0 0.32
11 61.55 16.34 0 0.32
11 86.57 -82.62 0 0.32
11 95.99 -73.5 0 0.32
11 88.19 -89.45 0 0.32
11 96.64 -92.38 0 0.32
11 108.34 -92.38 0 0.32
11 112.56 -103.45 0 0.32
11 121.98 -88.15 0 0.32
11 116.78 -77.74 0 0.32
11 125.56 -71.88 0 0.32
11 136.61 -75.46 0 0.32
11 117.2 -58.53 0 0.32
11 -58.36 -55.93 0 0.32
11 -43.08 -52.02 0 0.32
11 -26.19 -57.55 0 0.32
11 -59.98 -66.67 -4 0.32
11 -71.68 -61.6 -4 0.32
11 -51.21 -62.76 -4 0.32
11 -51.86 -38.02 -4 0.32
11 3.71 13.41 -4 0.32
11 8.91 15.04 -4 0.32
11 -16.44 10.48 -4 0.32
11 7.61 -23.05 -4 0.32
11 39.45 18.62 -4 0.32
11 51.47 19.92 -4 0.32
11 33.93 27.08 -4 0.32
11 45.3 29.69 -4 0.32
11 46.6 35.87 -4 0.32
11 66.74 4.95 -7 0.32
11 61.55 -6.45 -7 0.32
11 73.89 -12.63 -7 0.32
11 78.5 2.02 -7 0.32
11 -41.6 5.27 -7 0.32
11 -48.28 4.95 -7 0.32
11 -56.73 -27.6 -7 0.32
11 -19.36 -47.79 -7 0.32
11 16.38 -44.86 -7 0.32
11 32.3 -39.97 -7 0.32
11 39.5 -44.53 -7 0.32
11 104.2 -51.69 -7 0.32
11 93.71 -49.41 -7 0.32
11 82.34 -65.04 -7 0.32
11 -16.2 -21.42 -8 0.32
11 -26.84 -16.21 -8 0.32
11 36.85 -56.25 -8 0.32
11 -48.93 -72.85 -8 0.32
11 -61.61 -41.93 -8 0.32
11 -55.76 -32.81 -8 0.32
11 -56.41 -45.83 -8 0.32
11 -7.34 -25 -11 0.32
11 -5.07 -14.91 -11 0.32
11 -15.46 -5.14 -11 0.32
11 -9.29 -5.79 -11 0.32
11 -19.36 2.34 -11 0.32
11 -11.24 2.02 -11 0.32
11 -10.27 8.53 -11 0.32
11 -22.94 20.9 -11 0.32
11 31.98 -5.79 -11 0.32
11 67.39 -20.44 -11 0.32
11 63.49 -31.19 -11 0.32
11 21.9 -53.97 -11 0.32
11 11.51 -61.6 -11 0.32
11 6.96 -54.95 -11 0.32
11 20.6 -3.19 -11 0.32
11 7.28 -9.05 -11 0.32
11 -43.73 -46.48 -11 0.32
11 -41.6 -37.37 -11 0.32
11 -28.79 -37.7 -11 0.32
11 -46.66 -33.14 -11 0.32
11 -50.56 -15.23 -11 0.32
11 -35.29 -8.72 -11 0.32
11 -34.96 -1.24 -11 0.32
11 -1.17 20.9 -11 0.32
11 85.92 -77.41 -11 0.32
11 98.59 -71.22 -11 0.32
11 99.24 -78.39 -11 0.32
11 128.16 -70.9 -11 0.32
11 134.98 -72.85 -11 0.32
11 118.08 -84.25 -11 0.32
11 110.61 -100.85 -11 0.32
11 -69.08 -23.7 -11 0.32
11 -60.96 -12.31 -11 0.32
11 75.84 -2.21 -11 0.32
11 117.76 -53.97 -11 0.32
11 127.18 -53.32 -11 0.32
11 3.38 -65.37 -11 0.32
11 -8.97 -49.09 -11 0.32
11 8.58 18.62 -14 0.32
11 14.1 13.41 -14 0.32
11 -4.09 30.66 -14 0.32
11 34.25 36.85 -14 0.32
11 44.97 39.6 -14 0.32
11 40.75 27.08 -14 0.32
11 78.44 12.43 -14 0.32
11 -26.84 -16.54 -17 0.32
11 -39.18 -19.79 -17 0.32
11 -17.41 -15.23 -17 0.32
11 -25.21 -6.5 -17 0.32
11 -39.83 5.6 -17 0.32
11 -47.31 5.27 -17 0.32
11 -58.36 -40.63 -17 0.32
11 -59.01 -34.5 -17 0.32
11 -47.31 -57.88 -17 0.32
11 -41.46 -71.55 -17 0.32
11 -44.71 -74.48 -17 0.32
11 -51.53 -84.9 -17 0.32
11 12.8 -46.48 -17 0.32
11 15.73 -49.09 -17 0.32
11 73.57 -24.68 -17 0.32
11 72.92 -11.33 -17 0.32
11 83.32 -10.35 -17 0.32
11 66.09 -6.5 -17 0.32
11 69.99 11.78 -17 0.32
11 72.27 5.27 -17 0.32
11 85.92 28.71 -17 0.32
11 58.95 45.64 -17 0.32
11 -18.71 15.36 -17 0.32
11 -17.74 29.69 -17 0.32
11 6.96 32.94 -17 0.32
11 5.66 41.08 -17 0.32
11 4.36 48.57 -17 0.32
11 -54.78 -6.5 -17 0.32
11 -35.94 -46.48 -17 0.32
11 -14.81 -49.41 -17 0.32
11 2.41 -69.6 -17 0.32
11 31.65 -69.92 -17 0.32
11 40.1 -66.02 -17 0.32
11 37.5 -58.53 -17 0.32
11 48.55 -48.76 -17 0.32
11 33.93 -40.95 -17 0.32
11 29.7 -29.56 -17 0.32
11 19.63 -21.42 -17 0.32
11 6.31 -19.79 -17 0.32
11 126.21 -90.76 -17 0.32
11 136.28 -80.01 -17 0.32
11 141.8 -76.76 -17 0.32
11 129.6 -60.81 -17 0.32
11 101.51 -47.79 -17 0.32
11 82.99 -54.62 -17 0.32
11 -61.93 -24.68 -17 0.32
11 -10.92 -19.14 -20 0.32
11 -7.99 7.55 -20 0.32
11 -21.31 4.62 -20 0.32
11 -35.61 -7.1 -20 0.32
11 -51.86 3.32 -20 0.32
11 -43.41 12.2 -20 0.32
11 -32.04 15.36 -20 0.32
11 -57.38 -16.86 -20 0.32
11 -48.61 -11.65 -20 0.32
11 -81.43 -23.05 -22 0.32
11 -69.08 -30.86 -22 0.32
11 -59.01 -27.93 -22 0.32
11 -46.01 -36.07 -22 0.32
11 -50.23 -43.56 -22 0.32
11 -41.6 -53.65 -22 0.32
11 9.56 -51.69 -22 0.32
11 18 -66.67 -22 0.32
11 21.25 -61.78 -22 0.32
11 30.68 -60.81 -22 0.32
11 20.28 -41.93 -22 0.32
11 31.98 -37.37 -22 0.32
11 41.4 -33.46 -22 0.32
11 47.57 -29.23 -22 0.32
11 31.98 -23.37 -22 0.32
11 35.55 -17.84 -22 0.32
11 23.53 -11 -22 0.32
11 17.68 3.32 -22 0.32
11 20.28 10.48 -22 0.32
11 28.4 5.92 -22 0.32
11 82.02 2.34 -22 0.32
11 57.65 -30.21 -22 0.32
11 65.5 -38.02 -22 0.32
11 78.44 -17.51 -22 0.32
11 105.41 -70.57 -22 0.32
11 106.06 -62.76 -22 0.32
11 116.6 -58.85 -22 0.32
11 121.98 -54.62 -22 0.32
11 143.1 -90.43 -22 0.32
11 132.06 -85.55 -22 0.32
11 129.6 -103.6 -22 0.32
11 121.98 -114.19 -22 0.32
11 111.91 -112.89 -22 0.32
11 123.61 -110.61 -22 0.32
11 111.91 -100.2 -22 0.32
11 117.2 -93.03 -22 0.32
11 99.24 -102.8 -22 0.32
11 127.18 -78.71 -22 0.32
11 128.48 -71.88 -22 0.32
11 -3.44 -51.04 -22 0.32
11 -9.29 -47.14 -22 0.32
11 -11.89 -39 -22 0.32
11 -26.19 23.5 -22 0.32
11 -77.2 -29.88 -22 0.32
11 -59.01 -0.59 -22 0.32
11 -53.81 15.04 -22 0.32
11 -33.34 29.69 -22 0.32
11 -21.96 39.45 -22 0.32
11 -11.24 36.2 -22 0.32
11 3.38 -80.66 -22 0.32
11 -4.42 -76.2 -22 0.32
11 -8.64 -87.18 -22 0.32
11 -1.49 -91.73 -22 0.32
11 7.61 -87.83 -22 0.32
11 21.25 -83.59 -22 0.32
11 28.08 -87.18 -22 0.32
11 132.71 -54.3 -22 0.32
11 -11.57 -102.15 -22 0.32
11 11.51 17.64 -25 0.32
11 3.71 19.27 -25 0.32
11 18.65 26.2 -25 0.32
11 -4.74 29.69 -25 0.32
11 -3.5 39.6 -25 0.32
11 -30.74 -53 -28 0.32
11 -20.99 -51.69 -28 0.32
11 -46.01 -62.2 -28 0.32
11 -56.08 -63.09 -28 0.32
11 -58.36 -55.27 -28 0.32
11 -58.68 -41.6 -28 0.32
11 -56.73 -33.46 -28 0.32
11 -68.43 -3.84 -28 0.32
11 -37.24 4.3 -28 0.32
11 8.58 49.54 -28 0.32
11 68.37 -16.54 -28 0.32
11 68.37 -26.63 -28 0.32
11 82.99 -30.53 -28 0.32
11 85.59 -42.25 -28 0.32
11 89.16 -31.19 -28 0.32
11 90.14 -6.45 -28 0.32
11 72.92 -6.45 -28 0.32
11 69.99 0.39 -28 0.32
11 62.84 0.39 -28 0.32
11 62.2 10.48 -28 0.32
11 57.32 10.16 -28 0.32
11 45.3 13.09 -28 0.32
11 32.3 24.8 -28 0.32
11 21.25 18.62 -28 0.32
11 -14.81 -29.56 -28 0.32
11 -22.94 -21.75 -28 0.32
11 -24.24 -11.33 -28 0.32
11 -18.39 0.06 -28 0.32
11 13.78 -28.26 -28 0.32
11 6.31 -24.35 -28 0.32
11 7.28 -34.77 -28 0.32
11 5.33 -47.79 -28 0.32
11 111.59 1.69 -28 0.32
11 128.81 12.2 -28 0.32
11 124.91 22.2 -28 0.32
11 -14.81 13.41 -28 0.32
11 -25.54 4.62 -28 0.32
11 -42.2 22.85 -28 0.32
11 -17.41 27.08 -28 0.32
11 19.3 -33.79 -28 0.32
11 23.85 -35.09 -28 0.32
11 2.08 -64.06 -28 0.32
11 86.57 -18.82 -28 0.32
11 100.21 -55.93 -28 0.32
11 123.28 -98.24 -28 0.32
11 136.28 -98.89 -28 0.32
11 123.93 -90.43 -28 0.32
11 135.31 -80.01 -28 0.32
11 -40.16 -107.36 -28 0.32
11 -34.64 -110.94 -28 0.32
11 -38.21 -43.23 -28 0.32
11 -4.09 -30.21 -28 0.32
11 -47.63 -0.26 -31 0.32
11 -45.36 12.76 -31 0.32
11 -52.51 18.62 -31 0.32
11 -35.61 30.34 -31 0.32
11 -33.01 21.55 -31 0.32
11 -31.06 12.43 -31 0.32
11 -26.51 24.48 -31 0.32
11 -38.86 27.41 -31 0.32
11 -22.61 35.87 -31 0.32
11 -15.14 37.17 -31 0.32
11 -29.44 45.31 -31 0.32
11 37.82 -33.14 -31 0.32
11 46.27 -31.19 -31 0.32
11 59.6 58.01 -31 0.32
11 54.72 72.33 -31 0.32
11 56.02 51.82 -31 0.32
11 61.22 46.61 -31 0.32
11 87.54 48.57 -31 0.32
11 77.47 -15.89 -31 0.32
11 108.66 -65.37 -31 0.32
11 100.86 -75.6 -31 0.32
11 108.99 -107.03 -31 0.32
11 118.73 -118.1 -31 0.32
11 120.68 -109.31 -31 0.32
11 131.08 -68.29 -31 0.32
11 20.93 -52.02 -31 0.32
11 27.43 -57.23 -31 0.32
11 60.25 -77.74 -31 0.32
11 4.03 -90.43 -31 0.32
11 -2.79 -78.39 -31 0.32
11 -59.98 -15.89 -31 0.32
11 -59.01 -25.98 -31 0.32
11 -51.53 -28.58 -31 0.32
11 -47.63 -24.02 -31 0.32
11 -37.88 -19.79 -31 0.32
11 -60.31 2.34 -31 0.32
11 -32.36 -6.45 -31 0.32
11 15.08 9.5 -31 0.32
11 25.48 12.2 -31 0.32
11 97.29 3.65 -31 0.32
11 -16.44 -100.52 -33 0.32
11 -23.91 -92.38 -33 0.32
11 -26.84 -88.8 -33 0.32
11 -33.34 -83.27 -33 0.32
11 -28.14 -79.69 -33 0.32
11 14.1 -4.82 -33 0.32
11 18.98 -1.56 -33 0.32
11 12.48 3.97 -33 0.32
11 4.68 9.18 -33 0.32
11 53.1 -35.42 -33 0.32
11 57.32 -31.19 -33 0.32
11 60.9 -38.67 -33 0.32
11 67.07 -35.74 -33 0.32
11 58.95 -16.86 -33 0.32
11 72.92 -30.21 -33 0.32
11 -76.55 -16.54 -33 0.32
11 -17.41 46.61 -33 0.32
11 -67.45 -29.56 -33 0.32
11 -49.58 -42.9 -33 0.32
11 -44.38 -53.97 -33 0.32
11 -14.81 -52.02 -33 0.32
11 -4.74 -48.2 -33 0.32
11 -6.04 -19.14 -33 0.32
11 -5.39 -7.42 -33 0.32
11 -10.27 2.34 -33 0.32
11 -6.04 0.06 -33 0.32
11 8.26 27.08 -33 0.32
11 24.5 54.43 -33 0.32
11 14.43 55.4 -33 0.32
11 14.1 63.54 -33 0.32
11 19.63 64.52 -33 0.32
11 24.5 71.03 -33 0.32
11 42.7 55.4 -33 0.32
11 44.32 56.38 -33 0.32
11 94.36 -14.26 -34 0.32
11 109.64 27.41 -34 0.32
11 105.74 34.57 -34 0.32
11 105.41 42.38 -34 0.32
11 -3.5 29.69 -34 0.32
11 -7.02 43.03 -34 0.32
11 6.96 17.32 -34 0.32
11 16.05 22.2 -36 0.32
11 13.78 30.34 -34 0.32
11 37.82 75.59 -37 0.32
11 58.3 79.17 -37 0.32
11 44.65 79.82 -37 0.32
11 87.22 -25.33 -37 0.32
11 98.91 -24.68 -37 0.32
11 93.06 -37.7 -37 0.32
11 83.64 -50.39 -37 0.32
11 78.77 -50.39 -37 0.32
11 76.17 -64.71 -37 0.32
11 70.32 -77.74 -37 0.32
11 1.43 -61.78 -37 0.32
11 2.08 -53.97 -37 0.32
11 -6.69 -58.85 -37 0.32
11 -10.92 -69.27 -37 0.32
11 -13.51 -60.16 -37 0.32
11 -32.04 -58.2 -37 0.32
11 -55.43 -59.51 -37 0.32
11 -59.01 -54.3 -37 0.32
11 -59.33 -39.65 -37 0.32
11 -12.22 -39.32 -37 0.32
11 -0.84 -31.84 -37 0.32
11 12.48 -30.53 -37 0.32
11 -20.01 7.88 -37 0.32
11 -33.34 5.27 -37 0.32
11 -39.83 -105.4 -37 0.32
11 -28.46 -109.64 -37 0.32
11 -28.46 -118.43 -37 0.32
11 -17.09 -122.01 -37 0.32
11 39.45 2.02 -37 0.32
11 46.27 1.37 -37 0.32
11 52.77 3.32 -37 0.32
11 53.75 -4.49 -37 0.32
11 62.84 1.37 -37 0.32
11 67.07 -2.87 -37 0.32
11 108.99 5.92 -37 0.32
11 116.6 6.57 -37 0.32
11 124.91 3.32 -37 0.32
11 117.76 20.9 -37 0.32
11 127.18 23.18 -37 0.32
11 100.21 56.38 -37 0.32
11 95.66 61.91 -37 0.32
11 95.66 67.77 -37 0.32
11 65.5 70.05 -37 0.32
11 70.97 61.91 -37 0.32
11 -21.64 -16.54 -37 0.32
11 -28.46 -12.63 -37 0.32
11 111.26 -18.49 -37 0.32
11 86.89 -9.38 -37 0.32
11 77.79 54.75 -37 0.32
11 -75.58 -0.91 -37 0.32
11 7.93 -62.2 -37 0.32
11 -49.26 -20.5 -40 0.32
11 -57.38 -14.26 -40 0.32
11 -64.53 -12.31 -40 0.32
11 -66.15 -21.42 -40 0.32
11 -50.88 2.34 -40 0.32
11 -49.58 11.46 -40 0.32
11 -41.46 16.34 -40 0.32
11 -30.41 15.36 -40 0.32
11 -34.96 23.83 -40 0.32
11 -37.88 43.03 -40 0.32
11 -30.74 43.03 -40 0.32
11 -19.36 43.03 -40 0.32
11 32.95 18.94 -40 0.32
11 23.2 10.48 -40 0.32
11 29.05 8.85 -40 0.32
11 25.15 21.22 -40 0.32
11 21.9 33.59 -40 0.32
11 31.65 27.41 -40 0.32
11 42.37 18.29 -40 0.32
11 52.45 18.62 -40 0.32
11 53.75 21.87 -40 0.32
11 55.7 53.45 -40 0.32
11 67.39 53.78 -40 0.32
11 63.49 59.31 -40 0.32
11 57.97 66.8 -40 0.32
11 91.2 28.06 -40 0.32
11 94.04 27.73 -40 0.32
11 90.46 37.82 -40 0.32
11 11.18 -78.71 -40 0.32
11 1.43 -90.43 -40 0.32
11 -8.64 -94.99 -40 0.32
11 -3.44 -77.74 -40 0.32
11 -17.41 -88.15 -40 0.32
11 -2.14 -107.36 -40 0.32
11 -1.82 -114.19 -40 0.32
11 -1.82 -130.47 -40 0.32
11 -12.22 -126.24 -40 0.32
11 -12.86 -134.7 -40 0.32
11 -21.64 -132.42 -40 0.32
11 -36.91 -127.87 -40 0.32
11 -45.03 -118.43 -40 0.32
11 -50.88 -100.52 -40 0.32
11 -58.36 -86.2 -40 0.32
11 -47.96 -73.5 -40 0.32
11 -46.01 -66.67 -40 0.32
11 -24.56 -28.26 -40 0.32
11 -29.44 -25.65 -40 0.32
11 -38.21 -18.16 -40 0.32
11 -19.04 -6.77 -40 0.32
11 -27.16 -2.54 -40 0.32
11 132.06 -66.02 -40 0.32
11 134.01 -72.85 -40 0.32
11 124.91 -78.71 -40 0.32
11 120.36 -86.85 -40 0.32
11 127.51 -97.59 -40 0.32
11 128.16 -102.8 -40 0.32
11 120.03 -108.99 -40 0.32
11 114.51 -105.08 -40 0.32
11 104.2 -108.99 -40 0.32
11 90.46 -96.62 -40 0.32
11 101.19 -77.08 -40 0.32
11 92.09 -73.83 -40 0.32
11 94.04 -63.09 -40 0.32
11 -84.35 -13.61 -40 0.32
11 -62.26 1.37 -40 0.32
11 -21.64 30.01 -40 0.32
11 -17.09 31.97 -40 0.32
11 -13.19 31.97 -40 0.32
11 18 -23.37 -40 0.32
11 22.88 -18.16 -40 0.32
11 32.95 -21.09 -40 0.32
11 44.32 -25.33 -40 0.32
11 32.95 -31.51 -40 0.32
11 25.48 -37.37 -40 0.32
11 26.78 -56.9 -40 0.32
11 15.4 -56.58 -40 0.32
11 24.18 -72.53 -40 0.32
11 28.08 -83.59 -40 0.32
11 30.35 -80.66 -40 0.32
11 10.86 -94.34 -40 0.32
11 66.09 -92.06 -40 0.32
11 -7.99 4.3 -42 0.32
11 -43.08 -53 -42 0.32
11 -54.46 -35.09 -42 0.32
11 -50.88 -47.79 -42 0.32
11 -22.94 -96.29 -42 0.32
11 133.68 45.64 -43 0.32
11 139.53 47.59 -43 0.32
11 137.25 40.1 -43 0.32
11 136.61 27.08 -43 0.32
11 115.16 60.94 -43 0.32
11 29.38 68.1 -43 0.32
11 0.78 29.69 -43 0.32
11 9.23 29.36 -43 0.32
11 4.68 20.57 -43 0.32
11 25.8 -1.24 -43 0.32
11 16.05 -11.98 -43 0.32
11 7.28 -17.51 -43 0.32
11 -10.92 -29.56 -43 0.32
11 -5.39 -40.63 -43 0.32
11 -9.94 -48.76 -43 0.32
11 -14.81 -42.9 -43 0.32
11 -21.31 -49.09 -43 0.32
11 -34.64 -100.2 -43 0.32
11 -37.56 -95.31 -43 0.32
11 -32.04 -94.01 -43 0.32
11 -31.71 -88.15 -43 0.32
11 4.68 -71.88 -46 0.32
11 9.23 -59.51 -46 0.32
11 3.71 -52.02 -46 0.32
11 -16.44 -66.99 -46 0.32
11 -20.66 -61.46 -46 0.32
11 -28.46 -58.85 -46 0.32
11 -7.34 -13.28 -46 0.32
11 -9.94 -5.47 -46 0.32
11 -0.19 -31.19 -46 0.32
11 7.61 -30.21 -46 0.32
11 5.33 -38.67 -46 0.32
11 74.22 -49.41 -46 0.32
11 82.02 -47.79 -46 0.32
11 86.57 -42.9 -46 0.32
11 92.09 -37.04 -46 0.32
11 85.27 -29.23 -46 0.32
11 80.72 -18.49 -46 0.32
11 76.82 -23.05 -46 0.32
11 68.69 -16.86 -46 0.32
11 57.65 -18.82 -46 0.32
11 56.35 -10.03 -46 0.32
11 56.67 4.62 -46 0.32
11 106.71 30.01 -46 0.32
11 110.29 20.57 -46 0.32
11 112.24 14.71 -46 0.32
11 114.18 29.36 -46 0.32
11 120.03 37.5 -46 0.32
11 25.8 46.61 -46 0.32
11 41.4 49.54 -46 0.32
11 27.1 57.36 -46 0.32
11 36.85 78.84 -46 0.32
11 15.08 58.98 -46 0.32
11 -15.79 47.92 -46 0.32
11 -22.61 47.59 -46 0.32
11 -42.43 23.5 -49 0.32
11 -46.98 14.71 -49 0.32
11 -39.83 7.23 -49 0.32
11 -59.33 20.25 -49 0.32
11 -53.81 7.55 -49 0.32
11 -57.71 -5.47 -49 0.32
11 -70.7 -8.07 -49 0.32
11 -68.1 -15.89 -49 0.32
11 -58.68 -17.19 -49 0.32
11 -53.16 -17.84 -49 0.32
11 -29.44 33.59 -49 0.32
11 -35.29 38.48 -49 0.32
11 -42.43 43.36 -49 0.32
11 -22.94 40.75 -49 0.32
11 -87.6 -17.51 -50 0.32
11 -81.43 -2.87 -50 0.32
11 -28.46 -2.87 -50 0.32
11 -32.04 7.55 -50 0.32
11 -20.99 13.09 -50 0.32
11 -30.09 18.94 -50 0.32
11 -34.64 24.15 -50 0.32
11 -21.31 -6.77 -50 0.32
11 -22.29 -16.86 -50 0.32
11 -27.49 -22.07 -50 0.32
11 -45.36 -19.79 -50 0.32
11 -41.46 -8.4 -50 0.32
11 12.8 -49.09 -50 0.32
11 24.83 -56.9 -50 0.32
11 32.63 -51.37 -50 0.32
11 25.8 -41.6 -50 0.32
11 16.05 -38.67 -50 0.32
11 16.05 -30.21 -50 0.32
11 18.65 -23.7 -50 0.32
11 27.75 -23.7 -50 0.32
11 31.98 -35.09 -50 0.32
11 18.65 8.85 -50 0.32
11 24.5 15.36 -50 0.32
11 31.98 10.81 -50 0.32
11 32.3 24.15 -50 0.32
11 51.8 48.57 -50 0.32
11 57.65 60.29 -50 0.32
11 62.84 60.29 -50 0.32
11 70.32 60.29 -50 0.32
11 82.34 59.31 -50 0.32
11 129.78 54.1 -50 0.32
11 128.81 -3.52 -50 0.32
11 107.04 -16.86 -50 0.32
11 116.78 -13.61 -50 0.32
11 112.88 -26.95 -50 0.32
11 125.23 -22.4 -50 0.32
11 122.63 -29.23 -50 0.32
11 124.58 -38.67 -50 0.32
11 110.94 -33.14 -50 0.32
11 91.44 -19.47 -50 0.32
11 115.16 -77.08 -50 0.32
11 128.48 -78.06 -50 0.32
11 125.56 -60.81 -50 0.32
11 132.38 -92.38 -50 0.32
11 121.01 -102.47 -50 0.32
11 87.22 -117.77 -50 0.32
11 90.14 -108.01 -50 0.32
11 73.57 -122.33 -50 0.32
11 78.44 -93.69 -50 0.32
11 83.97 -92.38 -50 0.32
11 79.74 -85.55 -50 0.32
11 71.29 -85.87 -50 0.32
11 -69.08 -100.52 -50 0.32
11 -59.98 -99.22 -50 0.32
11 -53.16 -108.99 -50 0.32
11 -23.91 -130.14 -50 0.32
11 -15.14 -136.65 -50 0.32
11 -6.69 -133.07 -50 0.32
11 8.26 -132.1 -50 0.32
11 -18.71 -122.66 -50 0.32
11 -17.74 -108.99 -50 0.32
11 -10.27 -97.59 -50 0.32
11 -11.57 -90.1 -50 0.32
11 0.46 -96.29 -50 0.32
11 9.56 -94.66 -50 0.32
11 -54.6 -84.57 -50 0.32
11 -41.6 -67.32 -50 0.32
11 -29.44 -39.65 -50 0.32
11 -5.39 -64.39 -50 0.32
11 9.88 -84.9 -50 0.32
11 15.4 -77.74 -50 0.32
11 -16.2 30.66 -55 0.32
11 -15.14 40.75 -55 0.32
11 -21.31 52.8 -55 0.32
11 14.43 42.71 -55 0.32
11 34.9 40.43 -55 0.32
11 21.58 49.22 -55 0.32
11 17.68 57.03 -55 0.32
11 28.73 53.78 -55 0.32
11 33.6 50.85 -55 0.32
11 41.07 50.52 -55 0.32
11 27.1 59.96 -55 0.32
11 44.97 71.35 -55 0.32
11 52.77 81.5 -55 0.32
11 10.21 81.77 -55 0.32
11 24.18 85.35 -55 0.32
11 -67.6 -54.3 -55 0.32
11 -65.18 -58.53 -55 0.32
11 -64.53 -47.14 -55 0.32
11 -57.71 -54.95 -55 0.32
11 -47.63 -46.48 -55 0.32
11 -30.41 -58.2 -55 0.32
11 -33.66 -71.55 -55 0.32
11 -39.51 -80.99 -55 0.32
11 -49.91 -74.48 -55 0.32
11 -56.08 -63.41 -55 0.32
11 -49.58 -61.46 -55 0.32
11 -44.38 -54.95 -55 0.32
11 -9.62 -11.98 -55 0.32
11 -9.94 -5.14 -55 0.32
11 -15.46 8.85 -55 0.32
11 11.51 6.25 -55 0.32
11 8.91 13.74 -55 0.32
11 25.8 -9.7 -55 0.32
11 29.38 -3.19 -55 0.32
11 41.07 4.95 -55 0.32
11 52.77 -0.26 -55 0.32
11 51.15 -20.5 -55 0.32
11 41.07 -24.02 -55 0.32
11 62.2 -23.7 -55 0.32
11 72.92 -18.49 -55 0.32
11 101.51 1.37 -55 0.32
11 91.76 -2.54 -55 0.32
11 135.63 15.04 -55 0.32
11 142.78 24.15 -55 0.32
11 139.2 37.5 -55 0.32
11 139.2 48.89 -55 0.32
11 121.33 56.38 -55 0.32
11 126.53 62.56 -55 0.32
11 130.76 71.68 -55 0.32
11 80.72 -136 -55 0.32
11 79.09 -140.89 -55 0.32
11 54.72 -132.42 -55 0.32
11 54.4 -137.63 -55 0.32
11 47.9 -123.96 -55 0.32
11 24.5 -138.28 -55 0.32
11 24.5 -144.14 -55 0.32
11 23.2 -154.56 -55 0.32
11 34.58 -151.3 -55 0.32
11 12.48 -147.72 -55 0.32
11 4.68 -150.33 -55 0.32
11 -29.44 -94.01 -55 0.32
11 -41.78 -96.94 -55 0.32
11 -12.86 -49.09 -55 0.32
11 -16.76 -59.18 -55 0.32
11 -16.44 -69.6 -55 0.32
11 -4.74 -39.65 -55 0.32
11 -12.22 -31.51 -55 0.32
11 -92.47 -29.56 -55 0.32
11 -97.67 -18.49 -55 0.32
11 -81.75 5.6 -55 0.32
11 -54.78 33.59 -55 0.32
11 10.53 27.08 -55 0.32
11 136.61 -21.75 -55 0.32
11 134.33 -30.86 -55 0.32
11 140.5 -38.67 -55 0.32
11 90.46 -29.56 -55 0.32
11 100.86 -30.21 -55 0.32
11 64.47 26.43 -55 0.32
11 69.67 22.53 -55 0.32
11 92.74 13.41 -55 0.32
11 83.97 1.04 -55 0.32
11 -49.26 -1.24 -58 0.32
11 -65.5 -9.05 -58 0.32
11 -62.9 2.99 -58 0.32
11 -53.16 10.16 -58 0.32
11 -61.61 14.71 -58 0.32
11 -43.73 42.38 -58 0.32
11 -34.96 37.82 -58 0.32
11 -44.38 33.27 -58 0.32
11 -25.86 36.52 -58 0.32
11 -49.91 43.68 -58 0.32
11 -35.29 51.82 -58 0.32
11 34.58 65.17 -58 0.32
11 87.22 52.47 -58 0.32
11 133.36 62.56 -58 0.32
11 101.51 -78.06 -58 0.32
11 70.64 -150 -58 0.32
11 57.32 -143.49 -58 0.32
11 42.37 -136.98 -58 0.32
11 20.28 -128.19 -58 0.32
11 -59.33 -151.95 -58 0.32
11 -46.01 -155.86 -58 0.32
11 -47.96 -150 -58 0.32
11 -39.18 -134.7 -58 0.32
11 -70.38 -126.89 -58 0.32
11 -60.96 -122.98 -58 0.32
11 -77.85 -119.08 -58 0.32
11 -92.47 -121.68 -58 0.32
11 28.4 -84.57 -58 0.32
11 34.9 -83.92 -58 0.32
11 32.95 -70.25 -58 0.32
11 10.86 -107.68 -58 0.32
11 78.5 22.53 -58 0.32
11 78.5 15.04 -58 0.32
11 85.92 70.38 -58 0.32
11 89.49 67.5 -58 0.32
11 93.39 -19.79 -60 0.32
11 96.64 -12.31 -60 0.32
11 108.34 -16.54 -60 0.32
11 108.66 -22.72 -60 0.32
11 117.43 -24.68 -60 0.32
11 121.98 -32.49 -60 0.32
11 126.86 -44.21 -60 0.32
11 128.48 -60.81 -60 0.32
11 140.18 -54.3 -60 0.32
11 109.96 -76.76 -60 0.32
11 109.96 -69.92 -60 0.32
11 -30.41 -6.45 -60 0.32
11 -25.54 6.25 -60 0.32
11 -34.31 2.02 -60 0.32
11 -39.18 10.16 -60 0.32
11 -39.18 21.55 -60 0.32
11 -23.59 20.57 -60 0.32
11 -19.36 25.78 -60 0.32
11 10.21 49.87 -60 0.32
11 24.18 36.85 -60 0.32
11 48.87 54.43 -60 0.32
11 55.7 61.91 -60 0.32
11 61.87 56.71 -60 0.32
11 78.44 61.59 -60 0.32
11 82.99 57.03 -60 0.32
11 101.19 87.96 -60 0.32
11 42.37 77.21 -60 0.32
11 42.7 88.28 -60 0.32
11 -28.46 54.43 -60 0.32
11 -30.41 62.24 -60 0.32
11 -20.99 63.54 -60 0.32
11 -71.35 10.48 -60 0.32
11 -75.58 -10.03 -60 0.32
11 -93.5 -14.58 -60 0.32
11 -58.68 -82.29 -60 0.32
11 -22.29 -117.5 -60 0.32
11 -27.16 -123.63 -60 0.32
11 -20.99 -133.07 -60 0.32
11 -67.6 -147.07 -60 0.32
11 82.67 -120.38 -60 0.32
11 90.14 -120.7 -60 0.32
11 90.79 -112.89 -60 0.32
11 78.5 -94.34 -60 0.32
11 69.02 -90.1 -60 0.32
11 26.6 -62.2 -62 0.32
11 27.75 -57.55 -62 0.32
11 13.78 -39 -62 0.32
11 11.51 -27.93 -62 0.32
11 17.68 -18.82 -62 0.32
11 25.15 -25.98 -62 0.32
11 23.2 -39.97 -62 0.32
11 36.53 24.48 -62 0.32
11 56.02 70.7 -63 0.32
11 67.07 78.19 -63 0.32
11 -42.43 -159.44 -63 0.32
11 -63.23 -102.47 -63 0.32
11 -57.38 -109.31 -63 0.32
11 -34.96 -46.48 -63 0.32
11 -28.79 -44.21 -63 0.32
11 -32.69 -41.28 -63 0.32
11 -29.44 -38.35 -63 0.32
11 -62.26 26.2 -63 0.32
11 -48.61 21.22 -63 0.32
11 -7.02 32.94 -63 0.32
11 2.08 61.91 -63 0.32
11 13.45 65.17 -63 0.32
11 68.04 62.24 -63 0.32
11 45.62 16.02 -63 0.32
11 121.98 41.41 -63 0.32
11 125.56 30.66 -63 0.32
11 120.68 48.57 -63 0.32
11 127.51 26.43 -63 0.32
11 155.45 16.34 -63 0.32
11 155.78 2.34 -63 0.32
11 144.08 6.9 -63 0.32
11 147 38.8 -63 0.32
11 95.01 90.23 -63 0.32
11 144.4 -41.93 -63 0.32
11 87.54 -132.1 -63 0.32
11 76.82 -129.49 -63 0.32
11 40.75 -127.87 -63 0.32
11 -38.86 -154.23 -63 0.32
11 -15.79 -181.9 -63 0.32
11 -64.2 -135.68 -63 0.32
11 29.7 -115.17 -63 0.32
11 42.05 -59.83 -63 0.32
11 56.35 -63.41 -63 0.32
11 57.32 -49.41 -63 0.32
11 83.32 -146.09 -65 0.32
11 -29.76 -86.2 -65 0.32
11 -25.54 -81.64 -65 0.32
11 -31.39 -75.6 -65 0.32
11 -49.58 -77.74 -65 0.32
11 -57.38 -67.32 -65 0.32
11 -66.15 -53.97 -65 0.32
11 -56.41 -58.2 -65 0.32
11 -52.18 -60.48 -65 0.32
11 -26.19 -59.51 -65 0.32
11 -19.04 -18.82 -65 0.32
11 -11.89 -30.86 -65 0.32
11 73.57 -10.03 -65 0.32
11 65.44 -15.23 -65 0.32
11 71.62 -23.37 -65 0.32
11 59.6 -19.79 -65 0.32
11 50.82 -16.21 -65 0.32
11 52.45 -9.05 -65 0.32
11 60.25 -0.91 -65 0.32
11 66.74 -2.54 -65 0.32
11 86.24 -11.33 -65 0.32
11 84.62 -4.82 -65 0.32
11 90.46 -6.77 -65 0.32
11 94.69 9.5 -65 0.32
11 102.16 3.32 -65 0.32
11 105.09 9.18 -65 0.32
11 110.61 5.27 -65 0.32
11 131.08 44.99 -65 0.32
11 141.48 22.53 -65 0.32
11 143.75 29.36 -65 0.32
11 22.55 53.45 -65 0.32
11 30.03 55.4 -65 0.32
11 17.68 82.1 -65 0.32
11 22.55 86.65 -65 0.32
11 -16.44 41.73 -65 0.32
11 -25.86 51.17 -65 0.32
11 -83.05 12.2 -65 0.32
11 -76.88 -0.59 -65 0.32
11 -15.46 -127.87 -65 0.32
11 -10.92 -139.91 -65 0.32
11 -3.44 -148.7 -65 0.32
11 33.6 -152.6 -65 0.32
11 10.86 -141.21 -65 0.32
11 0.78 -132.75 -65 0.32
11 9.88 -126.56 -65 0.32
11 -2.14 -125.59 -65 0.32
11 25.8 -153.91 -65 0.32
11 25.15 -144.79 -65 0.32
11 -25.86 -187.44 -65 0.32
11 97.94 -112.57 -65 0.32
11 102.16 -108.99 -65 0.32
11 134.66 -28.58 -65 0.32
11 136.28 -31.19 -65 0.32
11 139.2 -17.19 -65 0.32
11 133.03 -9.7 -65 0.32
11 139.85 -7.1 -65 0.32
11 136.61 -2.21 -65 0.32
11 134.98 13.09 -65 0.32
11 130.43 19.27 -65 0.32
11 140.83 50.52 -65 0.32
11 26.78 -16.86 -65 0.32
11 33.93 -16.86 -65 0.32
11 30.03 -4.49 -65 0.32
11 39.77 -2.87 -65 0.32
11 125.56 65.17 -67 0.32
11 132.06 62.89 -67 0.32
11 97.29 73.96 -67 0.32
11 92.41 77.54 -67 0.32
11 -54.78 5.92 -67 0.32
11 -47.96 -0.91 -67 0.32
11 -60.31 16.99 -67 0.32
11 -26.51 38.48 -67 0.32
11 -35.61 45.31 -67 0.32
11 -39.18 49.87 -67 0.32
11 25.48 -137.31 -67 0.32
11 44 -134.7 -67 0.32
11 71.94 -153.58 -67 0.32
11 62.84 -146.09 -67 0.32
11 58.3 -148.37 -67 0.32
11 -36.91 -140.89 -67 0.32
11 15.4 -70.9 -67 0.32
11 23.53 -71.88 -67 0.32
11 17.35 -87.5 -67 0.32
11 28.08 -84.57 -67 0.32
11 54.07 -25 -67 0.32
11 46.27 -21.09 -67 0.32
11 50.17 -34.77 -67 0.32
11 79.09 18.29 -67 0.32
11 79.42 26.2 -67 0.32
11 88.19 26.43 -67 0.32
11 94.04 43.68 -67 0.32
11 82.34 47.27 -67 0.32
11 97.61 52.8 -67 0.32
11 -31.71 13.41 -69 0.32
11 -25.86 21.55 -69 0.32
11 -35.94 21.87 -69 0.32
11 -40.48 29.04 -69 0.32
11 5.66 34.57 -69 0.32
11 1.43 38.8 -69 0.32
11 9.23 51.5 -69 0.32
11 14.75 44.01 -69 0.32
11 27.43 46.29 -69 0.32
11 38.8 46.94 -69 0.32
11 24.18 68.1 -69 0.32
11 34.58 73.63 -69 0.32
11 44 75.26 -69 0.32
11 43.35 64.19 -69 0.32
11 108.34 -70.9 -69 0.32
11 105.41 -78.71 -69 0.32
11 95.01 -125.91 -69 0.32
11 -19.04 -118.43 -69 0.32
11 104.76 -31.84 -69 0.32
11 98.59 -32.49 -69 0.32
11 91.2 -27.93 -69 0.32
11 93.06 -22.4 -69 0.32
11 105.09 -16.86 -69 0.32
11 114.51 -13.61 -69 0.32
11 63.49 12.43 -69 0.32
11 67.72 20.9 -69 0.32
11 55.37 20.25 -69 0.32
11 23.85 -6.77 -69 0.32
11 18 5.6 -69 0.32
11 10.21 -6.77 -69 0.32
11 1.2 -21.09 -69 0.32
11 -6.04 -21.09 -69 0.32
11 -3.77 11.6 -69 0.32
11 -26.19 4.3 -69 0.32
11 -12.86 17.32 -69 0.32
11 -3.77 23.18 -69 0.32
11 12.8 29.69 -69 0.32
11 27.43 31.64 -69 0.32
11 49.52 52.8 -69 0.32
11 122.31 -38.35 -69 0.32
11 129.78 -34.77 -69 0.32
11 114.18 -27.28 -69 0.32
11 132.38 -53.32 -69 0.32
11 125.88 -63.74 -69 0.32
11 116.46 -105.4 -69 0.32
11 86.89 -116.15 -69 0.32
11 85.92 -108.66 -69 0.32
11 70.64 -83.27 -69 0.32
11 60.9 -69.27 -69 0.32
11 43.67 -68.29 -69 0.32
11 32.95 -46.81 -69 0.32
11 -65.83 -39.65 -69 0.32
11 -58.03 -36.72 -69 0.32
11 -72.33 -14.58 -69 0.32
11 -94.1 -9.05 -69 0.32
11 -72.65 24.48 -71 0.32
11 -59.33 39.78 -71 0.32
11 -43.73 63.22 -71 0.32
11 -36.59 67.5 -71 0.32
11 -24.24 69.07 -71 0.32
11 -19.04 77.54 -71 0.32
11 63.49 62.24 -73 0.32
11 51.8 64.84 -73 0.32
11 63.49 84.37 -73 0.32
11 119.71 82.75 -73 0.32
11 118.41 90.56 -73 0.32
11 154.8 39.78 -73 0.32
11 149.28 16.02 -73 0.32
11 160.65 16.99 -73 0.32
11 157.73 5.6 -73 0.32
11 153.83 -3.52 -73 0.32
11 155.78 -10.03 -73 0.32
11 149.28 -14.26 -73 0.32
11 145.7 -19.14 -73 0.32
11 143.75 -28.58 -73 0.32
11 147.33 -38.67 -73 0.32
11 154.8 -37.37 -73 0.32
11 89.81 -131.5 -73 0.32
11 85.59 -138.61 -73 0.32
11 79.09 -137.63 -73 0.32
11 72.92 -130.79 -73 0.32
11 55.7 -124.61 -73 0.32
11 46.27 -129.82 -73 0.32
11 -18.71 -162.7 -73 0.32
11 -28.79 -176.37 -73 0.32
11 -60.96 -179.3 -73 0.32
11 9.88 67.77 -73 0.32
11 5.66 59.63 -73 0.32
11 -14.81 59.31 -73 0.32
11 -11.89 53.5 -73 0.32
11 -65.83 -118.75 -73 0.32
11 -62.9 -127.54 -73 0.32
11 -94.75 -122.66 -73 0.32
11 -72.98 -133.72 -73 0.32
11 -61.28 -149.35 -73 0.32
11 -57.71 -158.46 -73 0.32
11 -46.66 -155.53 -73 0.32
11 -30.41 -136.33 -73 0.32
11 -25.86 -130.47 -73 0.32
11 -23.59 -111.91 -73 0.32
11 -23.26 -98.89 -73 0.32
11 -18.06 -84.57 -73 0.32
11 -83.38 -15.23 -76 0.32
11 -78.83 -4.49 -76 0.32
11 -76.23 2.99 -76 0.32
11 -75.9 13.74 -76 0.32
11 -64.85 7.88 -76 0.32
11 -61.93 25.78 -76 0.32
11 -67.6 33.92 -76 0.32
11 -55.43 33.27 -76 0.32
11 -27.16 48.57 -76 0.32
11 -24.89 40.43 -76 0.32
11 18.33 54.75 -76 0.32
11 33.28 47.92 -76 0.32
11 33.6 38.15 -76 0.32
11 141.48 -44.86 -76 0.32
11 139.53 -27.93 -76 0.32
11 131.73 -14.58 -76 0.32
11 142.45 -8.07 -76 0.32
11 151.55 -1.56 -76 0.32
11 132.71 41.41 -76 0.32
11 124.26 44.66 -76 0.32
11 127.51 54.43 -76 0.32
11 129.6 63.22 -76 0.32
11 138.23 56.05 -76 0.32
11 123.61 66.47 -76 0.32
11 124.91 72.33 -76 0.32
11 98.59 76.89 -76 0.32
11 104.2 79.49 -76 0.32
11 104.2 91.54 -76 0.32
11 121.33 -105.73 -76 0.32
11 73.24 -150.33 -76 0.32
11 60.25 -156.19 -76 0.32
11 57.32 -146.75 -76 0.32
11 40.75 -136 -76 0.32
11 15.4 -132.42 -76 0.32
11 17.35 -140.89 -76 0.32
11 2.08 -141.21 -76 0.32
11 9.23 -129.82 -76 0.32
11 6.63 -121.03 -76 0.32
11 8.58 -113.22 -76 0.32
11 -5.39 -114.19 -76 0.32
11 -16.2 -192.32 -76 0.32
11 -4.09 -192.32 -76 0.32
11 4.36 -189.71 -76 0.32
11 -49.26 -187.76 -76 0.32
11 -58.03 -114.52 -76 0.32
11 -50.23 -96.29 -76 0.32
11 -42.76 -107.68 -76 0.32
11 -34.31 -106.38 -76 0.32
11 -53.81 -88.8 -76 0.32
11 -65.18 -80.34 -76 0.32
11 -55.43 -67.64 -76 0.32
11 -61.61 -59.18 -76 0.32
11 -66.48 -55.27 -76 0.32
11 -60.31 -48.76 -76 0.32
11 -49.26 -48.76 -76 0.32
11 -46.33 -35.09 -76 0.32
11 -38.53 -28.58 -76 0.32
11 -49.26 -15.89 -76 0.32
11 -43.41 -11.98 -76 0.32
11 -48.93 -2.21 -76 0.32
11 -51.21 5.27 -76 0.32
11 -38.86 6.9 -76 0.32
11 -50.23 15.69 -76 0.32
11 57.32 -20.77 -76 0.32
11 53.1 -31.51 -76 0.32
11 63.17 -29.88 -76 0.32
11 68.04 -17.19 -76 0.32
11 75.84 -11.33 -76 0.32
11 73.89 -1.89 -76 0.32
11 81.37 -3.19 -76 0.32
11 77.47 6.9 -76 0.32
11 84.62 18.29 -76 0.32
11 94.69 23.5 -76 0.32
11 83.97 26.2 -76 0.32
11 99.56 5.92 -76 0.32
11 105.09 0.72 -76 0.32
11 111.59 6.25 -76 0.32
11 27.75 -10.03 -76 0.32
11 23.85 -22.72 -76 0.32
11 43.35 -7.75 -76 0.32
11 36.85 -0.26 -76 0.32
11 44.97 24.15 -76 0.32
11 36.85 27.08 -76 0.32
11 82.67 41.08 -76 0.32
11 76.49 47.27 -76 0.32
11 86.24 53.5 -76 0.32
11 65.5 -58.2 -76 0.32
11 68.69 -49.09 -76 0.32
11 85.59 -50.07 -76 0.32
11 110.94 -58.53 -76 0.32
11 96.31 -54.62 -76 0.32
11 91.76 -63.09 -76 0.32
11 79.42 -94.34 -76 0.32
11 43.67 -107.68 -76 0.32
11 62.84 -119.4 -76 0.32
11 64.79 -141.86 -76 0.32
11 33.6 -157.16 -76 0.32
11 40.1 -160.09 -76 0.32
11 27.43 -151.63 -76 0.32
11 14.75 -149.68 -76 0.32
11 4.68 -156.51 -76 0.32
11 -37.88 -182.55 -76 0.32
11 -31.39 -186.78 -76 0.32
11 -53.81 -103.45 -76 0.32
11 16.05 -39.65 -76 0.32
11 7.93 -30.86 -76 0.32
11 8.91 -12.31 -76 0.32
11 -14.81 -13.61 -76 0.32
11 34.58 78.19 -78 0.32
11 40.42 67.77 -78 0.32
11 46.92 75.59 -78 0.32
11 49.52 82.75 -78 0.32
11 75.19 67.45 -78 0.32
11 79.09 79.49 -78 0.32
11 142.45 49.54 -78 0.32
11 150.58 43.36 -78 0.32
11 112.56 57.03 -78 0.32
11 108.34 65.82 -78 0.32
11 123.93 40.75 -78 0.32
11 131.08 34.9 -78 0.32
11 131.08 19.27 -78 0.32
11 147.65 18.94 -78 0.32
11 86.89 -104.1 -78 0.32
11 96.96 -110.61 -78 0.32
11 91.2 -114.84 -78 0.32
11 100.54 -114.19 -78 0.32
11 70.97 -84.25 -78 0.32
11 77.47 -79.36 -78 0.32
11 -4.42 -74.81 -78 0.32
11 19.95 -73.5 -78 0.32
11 20.28 -81.97 -78 0.32
11 29.7 -87.5 -78 0.32
11 40.1 -88.8 -78 0.32
11 36.2 -75.6 -78 0.32
11 32.95 -65.04 -78 0.32
11 18.33 -52.34 -78 0.32
11 96.64 -27.28 -79 0.32
11 98.26 -34.5 -79 0.32
11 105.41 -39.65 -79 0.32
11 110.29 -29.56 -79 0.32
11 102.16 -22.07 -79 0.32
11 113.21 -19.47 -79 0.32
11 117.43 -27.6 -79 0.32
11 126.86 -29.56 -79 0.32
11 113.86 -12.31 -79 0.32
11 98.91 -10.68 -79 0.32
11 113.53 22.53 -79 0.32
11 118.41 30.99 -79 0.32
11 -4.42 -89.6 -79 0.32
11 -11.89 -94.99 -79 0.32
11 -2.47 -98.57 -79 0.32
11 50.82 -137.96 -79 0.32
11 55.05 -111.91 -79 0.32
11 62.52 -109.64 -79 0.32
11 67.07 -106.71 -79 0.32
11 50.5 -99.22 -79 0.32
11 50.82 -85.87 -79 0.32
11 5.33 -195.57 -79 0.32
11 -5.39 -199.15 -79 0.32
11 -72 -195.25 -79 0.32
11 -76.88 -175.72 -79 0.32
11 -119.44 -76.2 -79 0.32
11 -98.32 -13.28 -79 0.32
11 -87.28 -7.75 -79 0.32
11 3.71 48.57 -79 0.32
11 2.73 37.17 -79 0.32
11 23.2 33.59 -79 0.32
11 11.51 42.71 -79 0.32
11 -7.34 13.09 -79 0.32
11 -7.99 4.3 -79 0.32
11 -13.51 11.78 -79 0.32
11 -19.36 2.02 -79 0.32
11 -18.71 -2.54 -79 0.32
11 -25.54 16.67 -79 0.32
11 62.2 -73.83 -79 0.32
11 59.6 -44.53 -79 0.32
11 72.59 -29.88 -79 0.32
11 81.69 -31.51 -79 0.32
11 136.61 9.18 -79 0.32
11 141.8 9.18 -79 0.32
11 159.03 -26.63 -79 0.32
11 152.2 -21.75 -79 0.32
11 160 50.19 -79 0.32
11 151.88 24.8 -79 0.32
11 149.6 31.64 -79 0.32
11 143.1 37.17 -79 0.32
11 -30.41 -54.3 -83 0.32
11 -23.91 -60.16 -83 0.32
11 -25.86 -66.34 -83 0.32
11 -11.57 -71.88 -83 0.32
11 -10.59 -61.78 -83 0.32
11 -20.34 -48.76 -83 0.32
11 59.6 -2.21 -83 0.32
11 67.07 -2.54 -83 0.32
11 68.04 5.6 -83 0.32
11 60.9 15.69 -83 0.32
11 46.92 22.85 -83 0.32
11 72.92 27.73 -83 0.32
11 60.9 64.84 -83 0.32
11 66.74 59.31 -83 0.32
11 58.3 55.73 -83 0.32
11 48.22 48.24 -83 0.32
11 37.18 -128.84 -83 0.32
11 48.55 -126.56 -83 0.32
11 57.97 -129.82 -83 0.32
11 62.52 -139.58 -83 0.32
11 67.07 -135.35 -83 0.32
11 66.74 -126.24 -83 0.32
11 75.19 -121.68 -83 0.32
11 78.77 -120.7 -83 0.32
11 31.98 -174.41 -83 0.32
11 36.53 -172.14 -83 0.32
11 44 -173.44 -83 0.32
11 -20.99 -171.49 -83 0.32
11 -45.03 -176.69 -83 0.32
11 -49.26 -159.77 -83 0.32
11 -42.76 -155.21 -83 0.32
11 -33.99 -156.84 -83 0.32
11 -73.95 -135.68 -83 0.32
11 -77.53 -131.45 -83 0.32
11 -71.03 -122.33 -83 0.32
11 -89.55 -122.01 -83 0.32
11 -72.65 -118.43 -83 0.32
11 -89.55 -145.77 -83 0.32
11 -81.1 -150 -83 0.32
11 -81.75 -141.54 -83 0.32
11 -89.55 -68.95 -83 0.32
11 -68.43 -97.92 -83 0.32
11 -53.81 -80.01 -83 0.32
11 -18.06 -114.19 -83 0.32
11 -24.56 -131.77 -83 0.32
11 -32.36 -125.91 -83 0.32
11 -18.06 -106.06 -83 0.32
11 10.53 -101.17 -83 0.32
11 6.63 -90.76 -83 0.32
11 6.63 -81.32 -83 0.32
11 2.41 -58.85 -83 0.32
11 13.6 -68.95 -83 0.32
11 18.33 -59.51 -83 0.32
11 31.65 -44.86 -83 0.32
11 39.45 -35.09 -83 0.32
11 42.37 -25.65 -83 0.32
11 7.28 12.76 -83 0.32
11 -21.96 -34.77 -83 0.32
11 37.82 -105.73 -83 0.32
11 47.25 -92.06 -83 0.32
11 -56.08 -180.93 -83 0.32
11 -55.43 -193.62 -83 0.32
11 -67.45 -188.09 -83 0.32
11 -31.71 57.68 -83 0.32
11 -27.81 69.07 -83 0.32
11 -11.24 59.96 -83 0.32
11 -2.14 66.47 -83 0.32
11 18.65 86.98 -83 0.32
11 117.43 76.24 -83 0.32
11 117.43 86.98 -83 0.32
11 156.75 -12.31 -83 0.32
11 158.38 4.62 -83 0.32
11 152.2 14.39 -83 0.32
11 86.89 -129.82 -83 0.32
11 86.89 -137.96 -83 0.32
11 -71.03 -11.65 -85 0.32
11 -72 3.32 -85 0.32
11 -80.6 4.3 -85 0.32
11 -71.68 11.46 -85 0.32
11 -57.38 -5.79 -85 0.32
11 -61.28 7.23 -85 0.32
11 -57.38 23.5 -85 0.32
11 -59.98 34.57 -85 0.32
11 -43.41 44.34 -85 0.32
11 -34.96 46.29 -85 0.32
11 -56.41 -119.4 -85 0.32
11 -51.21 -112.24 -85 0.32
11 -39.83 -120.05 -85 0.32
11 -0.52 -138.28 -85 0.32
11 3.06 -141.54 -85 0.32
11 12.8 -136.33 -85 0.32
11 10.21 -126.89 -85 0.32
11 -6.04 -115.82 -85 0.32
11 4.03 -112.24 -85 0.32
11 17.68 -126.56 -85 0.32
11 21.25 -132.42 -85 0.32
11 22.55 -148.05 -85 0.32
11 33.93 -154.88 -85 0.32
11 39.45 -160.42 -85 0.32
11 48.55 -147.07 -85 0.32
11 55.7 -153.91 -85 0.32
11 68.37 -149.68 -85 0.32
11 -43.41 -186.78 -85 0.32
11 -33.99 -188.09 -85 0.32
11 -38.86 -197.2 -85 0.32
11 -36.26 -205.34 -85 0.32
11 -30.41 -203.06 -85 0.32
11 -23.59 -198.18 -85 0.32
11 -12.22 -193.62 -85 0.32
11 -4.42 -192.97 -85 0.32
11 -61.61 -158.46 -85 0.32
11 -61.93 -143.16 -85 0.32
11 95.99 -25.33 -89 0.32
11 111.59 -21.42 -89 0.32
11 109.64 -29.88 -89 0.32
11 125.88 -30.86 -89 0.32
11 122.31 -23.7 -89 0.32
11 131.41 -23.37 -89 0.32
11 134.98 -17.51 -89 0.32
11 105.09 -2.87 -89 0.32
11 109.31 -6.5 -89 0.32
11 114.18 -4.49 -89 0.32
11 110.94 7.88 -89 0.32
11 102.81 10.16 -89 0.32
11 78.77 16.99 -89 0.32
11 84.29 22.2 -89 0.32
11 128.81 44.01 -89 0.32
11 133.68 50.19 -89 0.32
11 137.9 40.75 -89 0.32
11 146.03 52.8 -89 0.32
11 137.25 58.33 -89 0.32
11 146.03 47.59 -89 0.32
11 161.3 50.19 -89 0.32
11 126.53 72.33 -89 0.32
11 126.86 64.19 -89 0.32
11 107.04 82.1 -89 0.32
11 101.51 91.21 -89 0.32
11 79.74 70.7 -89 0.32
11 67.07 82.75 -89 0.32
11 57.65 73.63 -89 0.32
11 50.82 69.07 -89 0.32
11 46.27 73.63 -89 0.32
11 39.77 76.24 -89 0.32
11 34.25 85.03 -89 0.32
11 42.05 88.61 -89 0.32
11 17.68 90.23 -89 0.32
11 22.23 80.47 -89 0.32
11 69.99 -102.15 -89 0.32
11 81.04 -93.69 -89 0.32
11 71.94 -93.36 -89 0.32
11 61.22 -82.62 -89 0.32
11 72.27 -82.94 -89 0.32
11 87.54 -113.87 -89 0.32
11 94.04 -111.26 -89 0.32
11 37.82 -109.96 -89 0.32
11 26.78 -106.71 -89 0.32
11 31.33 -97.59 -89 0.32
11 15.4 -162.04 -89 0.32
11 6.63 -164.32 -89 0.32
11 -4.09 -152.93 -89 0.32
11 -15.46 -151.95 -89 0.32
11 -16.76 -139.91 -89 0.32
11 -57.38 -96.29 -89 0.32
11 -68.43 -88.15 -89 0.32
11 -85.65 -97.92 -89 0.32
11 -96.37 -100.52 -89 0.32
11 -123.99 -75.78 -89 0.32
11 -66.48 -48.44 -89 0.32
11 -56.08 -46.48 -89 0.32
11 -66.48 -35.74 -89 0.32
11 -75.58 -25.98 -89 0.32
11 -81.1 -19.14 -89 0.32
11 -97.67 -11.98 -89 0.32
11 -91.5 -23.05 -89 0.32
11 -87.92 -10.03 -89 0.32
11 -81.75 -10.03 -89 0.32
11 -39.18 -6.5 -89 0.32
11 -45.03 3.97 -89 0.32
11 -27.16 6.25 -89 0.32
11 -13.51 10.16 -89 0.32
11 0.6 24.48 -89 0.32
11 5.66 34.57 -89 0.32
11 15.4 31.97 -89 0.32
11 23.2 44.34 -89 0.32
11 119.71 -104.1 -89 0.32
11 57.65 -65.37 -91 0.32
11 76.17 -59.51 -91 0.32
11 95.34 -67.64 -91 0.32
11 96.64 -49.74 -91 0.32
11 90.14 -42.9 -91 0.32
11 74.22 -34.44 -91 0.32
11 67.07 -22.4 -91 0.32
11 80.07 -17.51 -91 0.32
11 86.57 -26.63 -91 0.32
11 39.77 -13.93 -91 0.32
11 38.8 -1.89 -91 0.32
11 25.8 -17.19 -91 0.32
11 12.16 -19.79 -91 0.32
11 21.9 3.32 -91 0.32
11 14.1 14.06 -91 0.32
11 29.05 23.5 -91 0.32
11 80.39 44.01 -91 0.32
11 86.57 44.01 -91 0.32
11 118.73 55.73 -91 0.32
11 153.83 -22.72 -91 0.32
11 148.3 -29.88 -91 0.32
11 103.46 -119.4 -91 0.32
11 99.89 -127.87 -91 0.32
11 94.36 -136 -91 0.32
11 -0.84 -206.32 -91 0.32
11 -9.29 -210.22 -91 0.32
11 -43.41 -208.59 -91 0.32
11 -61.61 -201.2 -91 0.32
11 -73.3 -196.88 -91 0.32
11 -82.73 -192.97 -91 0.32
11 -72 -149.35 -91 0.32
11 -86.63 -68.29 -93 0.32
11 -84.35 -85.22 -93 0.32
11 -104.82 -136.98 -93 0.32
11 -111.65 -133.4 -93 0.32
11 -106.77 -127.87 -93 0.32
11 -98.32 -131.5 -93 0.32
11 -79.48 -128.84 -93 0.32
11 -68.75 -128.52 -93 0.32
11 -75.25 -116.8 -93 0.32
11 -59.01 -120.38 -93 0.32
11 -41.6 58.33 -93 0.32
11 -52.83 -198.83 -93 0.32
11 -60.63 -195.57 -93 0.32
11 -67.45 -192.32 -93 0.32
11 -65.18 -186.46 -93 0.32
11 -54.46 -187.44 -93 0.32
11 -55.76 -167.58 -93 0.32
11 -41.46 -154.88 -93 0.32
11 -33.01 -142.51 -93 0.32
11 -40.48 -138.28 -93 0.32
11 -25.54 -131.77 -93 0.32
11 -32.04 -127.21 -93 0.32
11 -14.81 -118.43 -93 0.32
11 30.35 -132.75 -93 0.32
11 30.68 -123.63 -93 0.32
11 46.6 -133.07 -93 0.32
11 51.47 -123.63 -93 0.32
11 64.14 -127.21 -93 0.32
11 61.55 -140.56 -93 0.32
11 71.62 -136.33 -93 0.32
11 69.34 -122.01 -93 0.32
11 60.9 -110.94 -93 0.32
11 49.2 -103.78 -93 0.32
11 57 -95.64 -93 0.32
11 44.65 -96.62 -93 0.32
11 49.52 -84.25 -93 0.32
11 31.98 -64.71 -93 0.32
11 39.5 -47.46 -93 0.32
11 52.45 -44.53 -93 0.32
11 44 -36.39 -93 0.32
11 3.38 -46.81 -93 0.32
11 8.58 -53.97 -93 0.32
11 -31.06 -45.83 -93 0.32
11 -39.83 -43.23 -93 0.32
11 -46.98 -40.63 -93 0.32
11 -47.31 -27.28 -93 0.32
11 -28.79 -30.21 -93 0.32
11 67.07 5.27 -93 0.32
11 60.9 -5.79 -93 0.32
11 73.57 -6.5 -93 0.32
11 69.67 -11.98 -93 0.32
11 44 15.36 -93 0.32
11 38.15 29.04 -93 0.32
11 99.24 -15.89 -93 0.32
11 95.99 -8.4 -93 0.32
11 112.88 27.73 -93 0.32
11 161.3 -8.4 -93 0.32
11 152.53 -16.54 -93 0.32
11 -80.6 8.2 -95 0.32
11 -65.83 7.88 -95 0.32
11 -71.35 -1.56 -95 0.32
11 -59.98 -1.89 -95 0.32
11 -78.5 17.97 -95 0.32
11 -61.28 17.32 -95 0.32
11 -56.41 25.46 -95 0.32
11 -41.78 46.61 -95 0.32
11 -32.36 41.08 -95 0.32
11 1.2 46.61 -95 0.32
11 18.98 55.4 -95 0.32
11 10.53 42.71 -95 0.32
11 4.36 61.91 -95 0.32
11 -4.09 68.42 -95 0.32
11 32.3 50.19 -95 0.32
11 71.62 62.89 -95 0.32
11 55.7 60.61 -95 0.32
11 80.72 87.96 -95 0.32
11 115.81 85.35 -95 0.32
11 139.2 77.21 -95 0.32
11 128.81 -74.81 -95 0.32
11 134.33 -61.78 -95 0.32
11 138.88 -48.44 -95 0.32
11 44.65 -152.93 -95 0.32
11 56.35 -146.42 -95 0.32
11 23.53 -143.16 -95 0.32
11 15.08 -140.24 -95 0.32
11 21.25 -148.7 -95 0.32
11 12.16 -147.4 -95 0.32
11 6.31 -128.19 -95 0.32
11 8.91 -123.96 -95 0.32
11 14.75 -128.52 -95 0.32
11 -44.38 -198.18 -95 0.32
11 -34.64 -202.41 -95 0.32
11 -30.74 -202.74 -95 0.32
11 -30.74 -196.55 -95 0.32
11 -6.69 -198.5 -95 0.32
11 2.73 -194.27 -95 0.32
11 -5.39 -190.04 -95 0.32
11 -15.14 -192.97 -95 0.32
11 1.43 -181.58 -95 0.32
11 110.94 61.91 -95 0.32
11 108.34 51.17 -95 0.32
11 138.55 -32.16 -95 0.32
11 145.38 -19.79 -95 0.32
11 142.45 -9.38 -95 0.32
11 144.4 -1.89 -95 0.32
11 106.39 -103.45 -95 0.32
11 90.46 -94.34 -95 0.32
11 -32.55 -216.93 -95 0.32
11 -21.83 -211.72 -95 0.32
11 -49.77 -217.9 -95 0.32
11 -46.52 -183.72 -95 0.32
11 -36.5 -187.3 -95 0.32
11 -58.54 -178.51 -95 0.32
11 -73.82 -164.52 -95 0.32
11 -77.39 -155.4 -95 0.32
11 -84.86 -142.71 -95 0.32
11 -49.5 -147.59 -95 0.32
11 -54.32 -139.45 -95 0.32
11 -49.5 -130.01 -95 0.32
11 -52.37 -115.04 -95 0.32
11 -53.35 -104.62 -95 0.32
11 -55.94 -83.46 -95 0.32
11 -62.77 -64.91 -95 0.32
11 -56.59 48.7 -95 0.32
11 -73.17 -7.94 -98 0.32
11 -86.49 0.85 -98 0.32
11 -50.1 10.29 -98 0.32
11 -33.2 13.54 -98 0.32
11 -24.1 22.98 -98 0.32
11 -29.95 56.51 -98 0.32
11 -28.33 63.35 -98 0.32
11 -3.96 29.17 -98 0.32
11 83.45 -142.71 -98 0.32
11 78.25 -148.57 -98 0.32
11 65.91 -148.24 -98 0.32
11 49.66 -138.48 -98 0.32
11 47.38 -153.78 -98 0.32
11 -58.54 -208.79 -98 0.32
11 -63.42 -172 -98 0.32
11 -122.23 -80.86 -97 0.32
11 -115.08 -87.37 -97 0.32
11 -105.98 -89.65 -97 0.32
11 -33.52 -167.5 -97 0.32
11 -36.45 -161.59 -97 0.32
11 -26.7 -148.89 -97 0.32
11 -22.15 -157.68 -97 0.32
11 -20.85 -139.78 -97 0.32
11 -9.15 -149.54 -97 0.32
11 -8.83 -158.98 -97 0.32
11 -15.33 -163.54 -97 0.32
11 4.17 -162.56 -97 0.32
11 4.17 -170.05 -97 0.32
11 25.29 -166.15 -97 0.32
11 98.72 6.71 -97 0.32
11 114.32 0.85 -97 0.32
11 111.4 -1.43 -97 0.32
11 120.49 -27.15 -97 0.32
11 139.02 -16.41 -97 0.32
11 117.9 16.8 -97 0.32
11 128.62 19.73 -97 0.32
11 139.34 35.35 -97 0.32
11 126.34 38.61 -97 0.32
11 134.14 44.14 -97 0.32
11 131.87 49.68 -97 0.32
11 138.04 62.05 -97 0.32
11 123.09 73.44 -97 0.32
11 102.62 77.67 -97 0.32
11 50.96 80.93 -97 0.32
11 45.43 72.14 -97 0.32
11 34.71 80.27 -97 0.32
11 39.91 86.46 -97 0.32
11 59.08 75.39 -97 0.32
11 67.21 79.62 -97 0.32
11 -84.54 -13.15 -97 0.32
11 -94.61 -5.66 -97 0.32
11 -93.96 -20.96 -97 0.32
11 -75.44 -21.94 -97 0.32
11 -67.64 -27.47 -97 0.32
11 -63.09 -32.36 -97 0.32
11 -5.25 -115.36 -97 0.32
11 -56.27 -158.33 -97 0.32
11 -48.15 -40.49 -84 0.32
11 -41.97 -32.36 -84 0.32
11 -36.5 -29.1 -84 0.32
11 33.09 47.4 -84 0.32
11 124.39 86.46 -84 0.32
11 132.84 -64.58 -84 0.32
11 122.77 -56.44 -84 0.32
11 134.47 -78.25 -84 0.32
11 75.33 -95.83 -97 0.32
11 68.51 -92.25 -97 0.32
11 63.96 -79.56 -97 0.32
11 73.05 -73.7 -97 0.32
11 28.54 -107.88 -97 0.32
11 34.06 -109.83 -97 0.32
11 43.16 -111.6 -97 0.32
11 31.46 -97.79 -97 0.32
11 86.05 -116.34 -97 0.32
11 94.5 -113.74 -97 0.32
11 87.35 -99.74 -97 0.32
11 6.44 -154.75 -97 0.32
11 2.87 -148.57 -97 0.32
11 -32.22 2.15 -97 0.32
11 67.86 24.61 -100 0.32
11 73.7 31.45 -100 0.32
11 87.35 30.8 -100 0.32
11 85.73 41.21 -100 0.32
11 29.19 -31.38 -99 0.32
11 35.36 -23.24 -99 0.32
11 43.81 -11.85 -99 0.32
11 17.82 -18.68 -99 0.32
11 14.89 -7.29 -99 0.32
11 44.79 3.6 -99 0.32
11 -3.63 -33.33 -99 0.32
11 58.2 -65.23 -99 0.32
11 47.38 -65.23 -99 0.32
11 73.05 -60.35 -99 0.32
11 77.28 -45.38 -99 0.32
11 91.25 -46.03 -99 0.32
11 101.32 -67.19 -99 0.32
11 87.03 -67.84 -99 0.32
11 77.28 -28.78 -99 0.32
11 90.28 -27.15 -99 0.32
11 129.59 -3.38 -99 0.32
11 11.64 -186.65 -101 0.32
11 51.28 -132.62 -101 0.32
11 54.53 -121.55 -101 0.32
11 61.68 -112.2 -101 0.32
11 83.78 -126.2 -101 0.32
11 108.8 -23.57 -101 0.32
11 96.45 -8.59 -101 0.32
11 45.76 29.82 -101 0.32
11 -106.31 -122.85 -101 0.32
11 -115.73 -128.38 -101 0.32
11 -110.21 -135.87 -101 0.32
11 -62.5 -97.6 -101 0.32
11 -68.94 -186 -101 0.32
11 -63.09 -197.72 -101 0.32
11 -80.31 -185.68 -101 0.32
11 -72.19 25.59 -101 0.32
11 117.25 34.7 -101 0.32
11 7.74 35.03 -101 0.32
11 -45.55 -216.6 -104 0.32
11 -42.95 -212.69 -104 0.32
11 -41.97 -202.6 -104 0.32
11 -31.25 -217.9 -104 0.32
11 -18.58 -214.32 -104 0.32
11 -69.92 8.66 -104 0.32
11 -65.04 23.31 -104 0.32
11 2.87 50.98 -104 0.32
11 12.62 54.56 -104 0.32
11 18.79 44.14 -104 0.32
11 22.69 54.23 -104 0.32
11 113.67 49.35 -104 0.32
11 122.77 49.35 -104 0.32
11 123.09 62.05 -104 0.32
11 80.85 87.76 -104 0.32
11 69.48 66.93 -104 0.32
11 68.83 -132.62 -104 0.32
11 15.22 -127.73 -104 0.32
11 5.79 -130.66 -104 0.32
11 4.49 -118.94 -104 0.32
11 11.64 -136.85 -104 0.32
11 15.22 -107.55 -104 0.32
11 -12.4 -194.14 -104 0.32
11 -3.63 -186.98 -104 0.32
11 -5.25 -174.93 -104 0.32
11 2.54 -190.56 -104 0.32
11 -44.25 -178.51 -104 0.32
11 -53.02 -183.4 -104 0.32
11 -56.59 -178.19 -104 0.32
11 -51.72 -169.73 -104 0.32
11 -48.15 -149.87 -104 0.32
11 -39.37 -147.92 -104 0.32
11 -49.45 -125.45 -104 0.32
11 -59.19 -117.64 -104 0.32
11 -63.74 -112.43 -104 0.32
11 -43.6 51.3 -104 0.32
11 141.29 -29.1 -104 0.32
11 129.92 -28.78 -104 0.32
11 140.64 -56.77 -104 0.32
11 -42.62 -165.17 -106 0.32
11 -71.54 -205.21 -106 0.32
11 -63.74 -209.44 -106 0.32
11 -21.83 -160.29 -106 0.32
11 -11.1 -161.26 -106 0.32
11 -15 -166.47 -106 0.32
11 -18.58 -174.61 -106 0.32
11 63.96 -162.56 -106 0.32
11 54.86 -152.47 -106 0.32
11 78.25 -148.57 -106 0.32
11 36.66 -142.38 -106 0.32
11 31.14 -135.87 -106 0.32
11 44.46 -135.87 -106 0.32
11 -3.96 -143.68 -106 0.32
11 -12.4 -141.08 -106 0.32
11 5.14 -147.59 -106 0.32
11 -90.06 -7.94 -106 0.32
11 -85.19 -0.6 -106 0.32
11 -49.45 1.5 -106 0.32
11 126.34 77.34 -106 0.32
11 134.79 77.02 -106 0.32
11 138.04 65.63 -106 0.32
11 115.62 -3.06 -106 0.32
11 115.3 7.36 -106 0.32
11 101.97 6.06 -106 0.32
11 42.19 71.16 -106 0.32
11 -76.74 -156.71 -106 0.32
11 -120.28 -82.49 -106 0.32
11 -80.31 -202.93 -106 0.32
11 -27.68 -192.51 -106 0.32
11 -27.35 -182.75 -106 0.32
11 19.77 -154.43 -106 0.32
11 26.91 -162.24 -106 0.32
11 92.55 -136.85 -106 0.32
11 64.93 -7.62 -106 0.32
11 -89.41 -79.88 -107 0.32
11 -62.77 -29.43 -107 0.32
11 -56.92 -15.43 -107 0.32
11 141.29 36.33 -107 0.32
11 143.89 50 -107 0.32
11 152.34 52.28 -107 0.32
11 57.78 75.39 -107 0.32
11 70.6 79.3 -107 0.32
11 42.19 91.67 -107 0.32
11 89.63 -108.85 -107 0.32
11 7.74 -163.87 -107 0.32
11 6.44 -175.26 -107 0.32
11 74.03 -160.94 -107 0.32
11 83.45 -158.01 -107 0.32
11 64.93 -151.17 -107 0.32
11 -81.61 -168.42 -107 0.32
11 -36.77 21.03 -107 0.32
11 -65.04 34.7 -107 0.32
11 146.81 1.17 -107 0.32
11 141.29 -5.99 -107 0.32
11 -33.52 -147.26 -107 0.32
11 76.63 -116.67 -107 0.32
11 24.31 -107.88 -107 0.32
11 29.84 -92.9 -107 0.32
11 43.49 -82.49 -107 0.32
11 17.82 -14.45 -107 0.32
11 24.31 -9.24 -107 0.32
11 12.94 0.2 -107 0.32
11 0.27 11.91 -107 0.32
11 12.94 19.73 -107 0.32
11 16.19 11.91 -107 0.32
11 -101.76 -111.46 -107 0.32
11 -54.32 -214 -107 0.32
11 -11.75 -107.55 -107 0.32
11 1.57 -102.67 -107 0.32
11 11.97 -95.51 -107 0.32
11 62.01 -89.65 -107 0.32
11 67.86 -77.28 -107 0.32
11 68.51 -91.6 -107 0.32
11 79.88 -89.97 -107 0.32
11 83.78 -101.04 -107 0.32
11 84.43 -75 -107 0.32
11 107.17 -70.5 -107 0.32
11 93.85 -61.33 -107 0.32
11 87.03 -51.56 -107 0.32
11 101 -49.93 -107 0.32
11 113.35 -49.61 -107 0.32
11 99.7 -30.4 -107 0.32
11 99.37 25.26 -107 0.32
11 -26.38 56.84 -107 0.32
11 -56.59 -150.85 -112 0.32
11 -54.65 -176.89 -112 0.32
11 -50.42 -170.38 -112 0.32
11 -43.27 -172.98 -112 0.32
11 -72.19 -191.86 -112 0.32
11 -66.99 -196.42 -112 0.32
11 -59.19 -196.42 -112 0.32
11 -58.87 -200.98 -112 0.32
11 -31.57 -214.32 -112 0.32
11 6.5 -213.02 -113 0.32
11 12.62 -206.51 -113 0.32
11 -4.61 -189.58 -113 0.32
11 -5.9 -180.14 -113 0.32
11 -113.6 -153.45 -115 0.32
11 -104.69 -163.54 -115 0.32
11 -106.96 -149.22 -115 0.32
11 -1.36 -149.87 -115 0.32
11 -114.2 -40.82 -73 0.32
11 -100.14 -121.55 -110 0.32
11 8.07 -38.22 -110 0.32
11 -56.27 -47 -110 0.32
11 136.74 -54.49 -113 0.32
11 137.39 -35.94 -113 0.32
11 115.95 -28.78 -113 0.32
11 144.22 -19.01 -113 0.32
11 151.04 -33.66 -113 0.32
11 153.96 -13.48 -113 0.32
11 75.98 -131.97 -113 0.32
11 98.07 -126.43 -113 0.32
11 104.57 -133.92 -113 0.32
11 106.2 -121.22 -113 0.32
11 -77.72 -114.39 -112 0.32
11 -70.89 -119.6 -112 0.32
11 -66.67 -110.16 -112 0.32
11 -60.17 -124.15 -112 0.32
11 -51.07 -114.06 -112 0.32
11 -50.75 -137.17 -112 0.32
11 -48.47 -208.14 -112 0.32
11 -43.92 -217.58 -112 0.32
11 0.92 42.84 -113 0.32
11 -48.8 46.09 -113 0.32
11 -34.5 53.91 -113 0.32
11 97.1 42.84 -113 0.32
11 72.4 41.21 -113 0.32
11 82.48 53.58 -113 0.32
11 71.1 56.51 -113 0.32
11 123.74 54.56 -113 0.32
11 7.42 -128.06 -113 0.32
11 6.5 -117.64 -113 0.32
11 25.61 -133.92 -113 0.32
11 39.59 -154.75 -113 0.32
11 -83.24 -182.42 -113 0.32
11 -92.66 -174.61 -113 0.32
11 93.85 -145.31 -113 0.32
11 104.9 -109.5 -113 0.32
11 13.27 -136.52 -113 0.32
11 -7.53 -122.85 -113 0.32
11 72.08 3.45 -113 0.32
11 96.45 -10.22 -113 0.32
11 85.08 -10.55 -113 0.32
11 42.51 17.77 -113 0.32
11 -116.38 -94.53 -113 0.32
11 -21.18 -155.08 -115 0.32
11 -37.1 -155.08 -115 0.32
11 -32.55 -145.96 -115 0.32
11 -21.83 -143.68 -115 0.32
11 -37.75 -143.68 -115 0.32
11 -19.55 -174.93 -115 0.32
11 -10.45 -165.82 -115 0.32
11 29.19 -154.43 -115 0.32
11 26.59 -147.92 -115 0.32
11 44.14 -142.06 -115 0.32
11 33.09 -133.92 -115 0.32
11 54.53 -152.47 -115 0.32
11 57.46 -167.77 -115 0.32
11 69.48 -165.17 -115 0.32
11 75 -160.29 -115 0.32
11 79.23 -156.38 -115 0.32
11 38.94 -192.19 -115 0.32
11 -63.09 -161.26 -115 0.32
11 -76.74 -149.87 -115 0.32
11 -67.32 -152.47 -115 0.32
11 -17.28 52.28 -115 0.32
11 -3.96 61.72 -115 0.32
11 -9.48 38.28 -115 0.32
11 91.58 20.38 -115 0.32
11 93.2 11.91 -115 0.32
11 110.1 14.19 -115 0.32
11 110.1 5.73 -115 0.32
11 150.39 1.17 -115 0.32
11 147.46 7.68 -115 0.32
11 157.54 6.71 -115 0.32
11 143.24 44.14 -115 0.32
11 147.46 53.58 -115 0.32
11 138.37 62.37 -115 0.32
11 135.5 40.89 -115 0.32
11 50.31 75.07 -115 0.32
11 77.6 -117.32 -115 0.32
11 53.23 -134.24 -115 0.32
11 55.18 -129.36 -115 0.32
11 65.58 -127.41 -115 0.32
11 27.24 -100.72 -115 0.32
11 10.02 -97.46 -115 0.32
11 28.86 -81.51 -115 0.32
11 20.09 -77.28 -115 0.32
11 60.38 -44.73 -115 0.32
11 53.56 -37.56 -115 0.32
11 60.71 -26.82 -115 0.32
11 68.51 -31.38 -115 0.32
11 93.85 -77.28 -115 0.32
11 70.78 -91.93 -115 0.32
11 58.43 -88.67 -115 0.32
11 -34.5 -93.23 -115 0.32
11 -78.04 -89.97 -115 0.32
11 -57.24 -21.61 -115 0.32
11 -59.52 -9.9 -115 0.32
11 -48.15 -13.15 -115 0.32
11 -46.85 -3.06 -115 0.32
11 -34.82 -10.87 -115 0.32
11 -16.63 -20.31 -115 0.32
11 -30.27 13.87 -115 0.32
11 -60.17 31.45 -115 0.32
11 -74.79 -204.23 -115 0.32
11 -66.02 -215.62 -115 0.32
11 10.02 -166.47 -115 0.32
11 13.27 -177.86 -115 0.32
11 25.61 -171.68 -115 0.32
11 126.34 -18.03 -117 0.32
11 93.53 -110.48 -117 0.32
11 -29.3 -195.5 -117 0.32
11 -27.03 -188.28 -117 0.32
11 -122.56 -68.81 -119 0.32
11 -82.26 -129.69 -119 0.32
11 -41 -223.2 -121 0.32
11 -50.75 -213.02 -121 0.32
11 -59.19 -207.49 -121 0.32
11 -62.5 -197.4 -121 0.32
11 -56.27 -192.84 -121 0.32
11 -72.19 -189.91 -121 0.32
11 -87.14 -190.23 -121 0.32
11 -94.61 -186.98 -121 0.32
11 -85.19 -172 -121 0.32
11 -102.09 -170.05 -121 0.32
11 -117.68 -158.33 -121 0.32
11 -52.37 -178.51 -121 0.32
11 4.82 -117.64 -121 0.32
11 12.94 -138.48 -121 0.32
11 -8.83 -150.19 -121 0.32
11 -8.83 -136.52 -121 0.32
11 77.6 -147.26 -121 0.32
11 71.75 -140.43 -121 0.32
11 77.93 -132.29 -121 0.32
11 96.77 -142.38 -121 0.32
11 105.55 -130.01 -121 0.32
11 108.47 -108.2 -121 0.32
11 47.06 -167.45 -121 0.32
11 38.29 -156.38 -121 0.32
11 54.86 -180.47 -121 0.32
11 130.57 -35.29 -121 0.32
11 122.44 -27.47 -121 0.32
11 137.39 -23.89 -121 0.32
11 144.54 -12.17 -121 0.32
11 131.87 -52.54 -121 0.32
11 78.25 35.03 -121 0.32
11 7.42 43.16 -121 0.32
11 -106.63 -116.01 -122 0.32
11 -27.03 -129.04 -122 0.32
11 -54 -84.2 -122 0.32
11 -47.17 -91.6 -122 0.32
11 -61.47 -103.65 -122 0.32
11 -71.87 -116.99 -122 0.32
11 102.95 -27.8 -122 0.32
11 83.78 82.88 -122 0.32
11 16.52 16.47 -122 0.32
11 73.38 10.61 -122 0.32
11 -5.9 68.23 -124 0.32
11 -0.06 76.69 -124 0.32
11 10.34 71.81 -124 0.32
11 10.34 81.25 -124 0.32
11 25.94 86.6 -124 0.32
11 37.96 86.46 -124 0.32
11 43.81 78.65 -124 0.32
11 23.99 67.25 -124 0.32
11 59.73 68.56 -124 0.32
11 88 19.08 -124 0.32
11 -17.93 44.79 -124 0.32
11 74.68 -169.07 -124 0.32
11 64.61 -153.5 -124 0.32
11 62.33 -141.41 -124 0.32
11 69.81 -128.06 -124 0.32
11 9.69 -167.5 -124 0.32
11 3.52 -174.28 -124 0.32
11 -7.53 -176.56 -124 0.32
11 -11.75 -165.17 -124 0.32
11 -18.9 -165.82 -124 0.32
11 -38.4 -149.87 -124 0.32
11 -44.9 -147.59 -124 0.32
11 -57.57 -158.98 -124 0.32
11 -62.44 -169.4 -124 0.32
11 -73.82 -167.77 -124 0.32
11 -81.61 -156.05 -124 0.32
11 -70.89 -150.52 -124 0.32
11 -71.87 -141.41 -124 0.32
11 -63.42 -141.73 -124 0.32
11 -53.02 -132.62 -124 0.32
11 -104.04 -154.75 -124 0.32
11 139.02 39.58 -124 0.32
11 149.09 48.05 -124 0.32
11 149.09 41.21 -124 0.32
11 29.51 -122.2 -125 0.32
11 20.09 -127.73 -125 0.32
11 24.31 -109.18 -125 0.32
11 72.4 -104.62 -125 0.32
11 74.03 -114.39 -125 0.32
11 91.58 -108.2 -125 0.32
11 90.28 -99.74 -125 0.32
11 12.62 -153.5 -125 0.32
11 3.52 -158.66 -125 0.32
11 25.29 -153.5 -125 0.32
11 7.42 -209.44 -125 0.32
11 -39.37 -176.24 -125 0.32
11 -41.32 -186 -125 0.32
11 -117.68 -137.17 -125 0.32
11 -71.22 -214.65 -125 0.32
11 -90.71 -4.04 -125 0.32
11 93.85 -8.59 -125 0.32
11 93.53 4.43 -125 0.32
11 99.05 65.63 -125 0.32
11 117.9 75.72 -125 0.32
11 113.35 81.9 -125 0.32
11 -60.82 8.66 -128 0.32
11 139.02 -37.56 -129 0.32
11 134.14 -45.05 -129 0.32
11 126.99 -37.24 -129 0.32
11 122.44 -29.1 -129 0.32
11 136.74 -27.15 -129 0.32
11 135.77 -18.36 -129 0.32
11 146.16 -9.9 -129 0.32
11 80.2 -158.98 -129 0.32
11 77.28 -145.96 -129 0.32
11 49.33 -168.75 -129 0.32
11 45.76 -159.96 -129 0.32
11 10.34 -186.33 -129 0.32
11 -80.96 -174.61 -129 0.32
11 -92.99 -183.07 -129 0.32
11 -84.54 -181.77 -129 0.32
11 -88.76 -196.74 -129 0.32
11 -78.69 -193.81 -129 0.32
11 -72.52 -192.51 -129 0.32
11 -65.04 -196.74 -129 0.32
11 -59.19 -205.86 -129 0.32
11 -55.62 -214.97 -129 0.32
11 -51.4 -214 -129 0.32
11 -40.35 -223.44 -129 0.32
11 -54.65 -185.68 -129 0.32
11 -102.41 -170.38 -129 0.32
11 -118.01 -152.15 -129 0.32
11 92.55 -139.45 -129 0.32
11 98.07 -130.34 -129 0.32
11 39.26 -144.66 -129 0.32
11 48.36 -141.08 -129 0.32
11 49.98 -151.5 -129 0.32
11 56.81 -157.03 -129 0.32
11 53.88 -180.47 -129 0.32
11 37.31 -196.74 -129 0.32
11 2.22 -120.57 -129 0.32
11 -6.23 -107.55 -129 0.32
11 -31.9 11.91 -129 0.32
11 22.04 42.84 -129 0.32
11 95.15 -19.66 -131 0.32
11 117.57 -41.47 -131 0.32
11 114 3.45 -131 0.32
11 56.16 12.57 -131 0.32
11 78.25 72.14 -131 0.32
11 80.85 82.88 -131 0.32
11 93.53 77.02 -131 0.32
11 -30.6 -152.15 -131 0.32
11 10.67 85.81 -133 0.32
11 20.09 79.62 -133 0.32
11 -66.67 -125.78 -133 0.32
11 -89.41 -134.57 -133 0.32
11 -84.54 -142.38 -133 0.32
11 -70.89 -142.06 -133 0.32
11 -75.44 -153.5 -133 0.32
11 -58.54 -155.4 -133 0.32
11 -50.42 -158.98 -133 0.32
11 -46.85 -163.87 -133 0.32
11 -50.42 -170.7 -133 0.32
11 -68.29 -169.73 -133 0.32
11 -2.33 -179.17 -133 0.32
11 2.87 -174.28 -133 0.32
11 0.92 -161.59 -133 0.32
11 -12.08 -143.68 -133 0.32
11 -7.85 -127.73 -133 0.32
11 6.77 -146.94 -133 0.32
11 93.2 -126.43 -133 0.32
11 95.47 -115.36 -133 0.32
11 89.95 -144.66 -133 0.32
11 14.24 -207.16 -133 0.32
11 -111.83 -130.34 -135 0.32
11 -109.56 -161.26 -135 0.32
11 -8.5 -204.88 -137 0.32
11 -57.57 -203.58 -137 0.32
11 -77.07 -204.88 -137 0.32
11 -77.72 -194.79 -137 0.32
11 -96.56 -192.84 -137 0.32
11 -97.54 -183.72 -137 0.32
11 -93.64 -177.54 -137 0.32
11 -84.21 -185.35 -137 0.32
11 -51.72 -184.37 -137 0.32
11 -64.39 8.01 -137 0.32
11 -57.89 -1.76 -137 0.32
11 -36.5 13.22 -137 0.32
11 -23.78 53.58 -137 0.32
11 -7.2 41.54 -137 0.32
11 25.94 48.37 -137 0.32
11 37.31 61.39 -137 0.32
11 139.02 11.26 -137 0.32
11 152.99 14.52 -137 0.32
11 149.09 3.78 -137 0.32
11 134.47 -15.75 -137 0.32
11 137.07 -32.03 -137 0.32
11 133.17 -40.49 -137 0.32
11 27.56 -203.25 -137 0.32
11 41.86 -196.74 -137 0.32
11 17.82 -190.56 -137 0.32
11 8.72 -189.58 -137 0.32
11 16.19 -180.79 -137 0.32
11 23.01 -173.31 -137 0.32
11 28.86 -190.56 -137 0.32
11 67.53 -167.45 -137 0.32
11 77.28 -162.24 -137 0.32
11 57.6 -158.33 -137 0.32
11 42.19 -152.15 -137 0.32
11 -41 -189.26 -137 0.32
11 -114.2 -87.37 -137 0.32
11 88.65 1.17 -137 0.32
11 95.47 11.59 -137 0.32
11 -12.08 -160.61 -141 0.32
11 -3.96 -156.05 -141 0.32
11 77.28 -127.73 -141 0.32
11 82.15 -143.68 -141 0.32
11 89.95 -116.67 -141 0.32
11 92.88 -95.18 -141 0.32
11 -61.14 -172 -141 0.32
11 -52.05 -162.89 -141 0.32
11 -47.17 -168.75 -141 0.32
11 -70.24 -167.45 -141 0.32
11 -72.84 -157.68 -141 0.32
11 -81.94 -160.61 -141 0.32
11 -85.84 -148.57 -141 0.32
11 -113.46 -151.82 -141 0.32
11 85.08 69.86 -141 0.32
11 94.83 77.02 -141 0.32
11 123.09 -56.44 -141 0.32
11 113.02 -52.54 -141 0.32
11 -56.59 5.4 -146 0.32
11 15.54 -157.36 -146 0.32
11 29.51 -178.19 -146 0.32
11 19.5 -175.59 -146 0.32
11 -106.63 -161.59 -149 0.32
11 -110.86 -150.85 -149 0.32
11 -118.33 -146.61 -149 0.32
11 -104.04 -144.66 -149 0.32
11 -93.64 -145.96 -149 0.32
11 -78.04 -185.03 -149 0.32
11 -68.94 -188.61 -149 0.32
11 -58.87 -183.72 -149 0.32
11 -60.49 -198.05 -149 0.32
11 -47.17 -198.7 -149 0.32
11 -42.3 -210.09 -149 0.32
11 -49.45 -166.15 -149 0.32
11 -55.62 -151.17 -149 0.32
11 -60.49 -131.97 -149 0.32
11 -53.67 -121.22 -149 0.32
11 95.8 75.39 -149 0.32
11 95.15 -98.44 -149 0.32
11 91.58 -106.25 -149 0.32
11 84.1 -116.34 -149 0.32
11 77.93 -120.57 -149 0.32
11 72.08 -103.32 -149 0.32
11 80.53 -85.42 -149 0.32
11 106.85 -48.63 -149 0.32
11 128.29 -28.45 -149 0.32
11 24.96 12.24 -149 0.32
11 -30.92 -217.58 -151 0.32
11 -28.33 -208.14 -151 0.32
11 -22.8 -206.18 -151 0.32
11 -18.9 -213.35 -151 0.32
11 -27.03 -198.37 -151 0.32
11 -10.6 -197.4 -151 0.32
11 -1.36 -209.2 -151 0.32
11 26.59 -204.88 -151 0.32
11 18.14 -192.51 -151 0.32
11 26.26 -190.88 -151 0.32
11 33.41 -197.4 -151 0.32
11 -97.54 -175.91 -151 0.32
11 -95.91 -160.29 -151 0.32
11 -84.21 -191.54 -164 0.32
11 -78.37 -184.7 -164 0.32
11 -66.34 -181.5 -164 0.32
11 -64.07 -193.81 -164 0.32
11 -47.5 -202.93 -164 0.32
11 -29.63 -214.65 -164 0.32
11 -106.96 -149.54 -164 0.32
11 -94.29 -139.45 -164 0.32
11 86.38 10.94 -60 0.32
11 49.66 -55.14 -60 0.32
11 -62.77 -74.35 -60 0.32
11 -75.77 -80.21 -60 0.32
11 -71.54 -70.5 -60 0.32
11 46.08 -118.62 -59 0.32
11 38.61 -122.2 -59 0.32
11 23.34 -119.92 -59 0.32
11 -10.45 25.26 -68 0.32
11 -26.7 -71.42 -71 0.32
11 55.18 92.97 -94 0.32
11 72.73 91.99 -94 0.32
11 58.76 87.76 -94 0.32
11 94.83 97.85 -76 0.32
11 85.08 91.99 -76 0.32
11 146.49 65.3 -76 0.32
5 34.9 1.37 0 0.32
5 91.76 -60.48 0 0.32
5 -29.76 -29.23 -4 0.32
5 -33.66 -18.82 -4 0.32
5 30.35 25.78 -4 0.32
5 18 -12.63 -11 0.32
5 47.57 -3.84 -11 0.32
5 46.27 -11.98 -11 0.32
5 38.47 1.04 -11 0.32
5 29.7 15.69 -11 0.32
5 69.99 28.38 -11 0.32
5 73.24 22.85 -11 0.32
5 76.17 31.31 -11 0.32
5 81.04 26.43 -11 0.32
5 57 36.2 -11 0.32
5 70.32 36.2 -11 0.32
5 -7.99 20.25 -11 0.32
5 3.06 3.97 -11 0.32
5 -15.79 -35.42 -11 0.32
5 -2.14 -45.51 -11 0.32
5 -33.01 -63.09 -11 0.32
5 -68.1 -47.46 -11 0.32
5 -74.93 -36.72 -11 0.32
5 18.33 -34.5 -17 0.32
5 30.35 -45.18 -17 0.32
5 -0.52 -26.95 -17 0.32
5 -3.77 -32.49 -17 0.32
5 3.71 -40.95 -17 0.32
5 53.42 -11 -17 0.32
5 50.5 2.34 -17 0.32
5 56.02 -3.52 -17 0.32
5 59.27 -0.26 -17 0.32
5 42.05 20.57 -17 0.32
5 48.55 18.29 -17 0.32
5 0.46 13.09 -17 0.32
5 -33.34 -29.56 -17 0.32
5 -20.01 -29.23 -17 0.32
5 -10.92 -66.67 -17 0.32
5 48.22 -60.81 -17 0.32
5 40.42 -11 -17 0.32
5 40.1 -5.14 -17 0.32
5 -22.29 -94.34 -17 0.32
5 -55.43 -98.24 -17 0.32
5 -90.85 -28.26 -17 0.32
5 -36.59 -63.09 -20 0.32
5 46.6 -20.77 -20 0.32
5 13.45 -7.42 -20 0.32
5 4.03 -10.68 -20 0.32
5 3.71 -2.87 -20 0.32
5 -0.52 4.62 -20 0.32
5 6.63 -0.26 -20 0.32
5 26.78 40.43 -20 0.32
5 43.02 44.66 -20 0.32
5 51.8 34.57 -20 0.32
5 41.72 33.59 -20 0.32
5 64.79 36.85 -20 0.32
5 74.54 39.78 -20 0.32
5 76.17 36.2 -20 0.32
5 -15.14 -86.52 -22 0.32
5 9.56 -75.6 -22 0.32
5 -37.24 -82.94 -22 0.32
5 -55.76 -90.76 -22 0.32
5 47.57 23.18 -22 0.32
5 53.75 26.43 -22 0.32
5 58.3 33.27 -22 0.32
5 66.74 27.73 -22 0.32
5 60.25 22.85 -22 0.32
5 78.77 27.41 -22 0.32
5 33.6 10.48 -22 0.32
5 41.72 9.83 -22 0.32
5 35.55 1.37 -22 0.32
5 44.32 1.69 -22 0.32
5 3.06 -33.46 -22 0.32
5 -31.06 -23.37 -22 0.32
5 -12.22 19.92 -22 0.32
5 -6.04 14.39 -22 0.32
5 18.65 34.9 -22 0.32
5 15.73 40.43 -22 0.32
5 49.85 -15.56 -22 0.32
5 33.93 -47.79 -22 0.32
5 107.36 -50.39 -22 0.32
5 132.38 -66.02 -22 0.32
5 8.58 58.98 -28 0.32
5 30.35 47.59 -28 0.32
5 35.88 45.31 -28 0.32
5 35.23 40.1 -28 0.32
5 44 -14.26 -28 0.32
5 54.4 -11.98 -28 0.32
5 71.62 10.81 -28 0.32
5 92.09 15.36 -28 0.32
5 -34.96 -31.51 -28 0.32
5 -10.27 -12.31 -28 0.32
5 -44.38 -7.75 -28 0.32
5 -19.36 -64.71 -28 0.32
5 -8.32 -65.69 -28 0.32
5 -58.36 -101.17 -28 0.32
5 49.52 -41.93 -31 0.32
5 38.15 -39.65 -31 0.32
5 36.53 -47.14 -31 0.32
5 66.09 -49.41 -31 0.32
5 52.45 -19.79 -31 0.32
5 -2.14 5.92 -31 0.32
5 -10.27 19.27 -31 0.32
5 36.85 12.76 -31 0.32
5 33.93 1.69 -31 0.32
5 38.15 18.62 -31 0.32
5 40.75 27.08 -31 0.32
5 43.35 33.27 -31 0.32
5 24.83 37.17 -31 0.32
5 15.08 36.85 -31 0.32
5 11.83 41.08 -31 0.32
5 69.02 35.87 -31 0.32
5 75.52 33.27 -31 0.32
5 78.77 36.85 -31 0.32
5 90.14 33.27 -31 0.32
5 95.01 30.34 -31 0.32
5 -41.46 -82.62 -31 0.32
5 -46.98 -80.34 -31 0.32
5 -38.53 -66.99 -31 0.32
5 -17.09 -73.18 -31 0.32
5 -13.84 -89.6 -31 0.32
5 7.61 -72.53 -31 0.32
5 12.48 -97.59 -31 0.32
5 30.68 -96.94 -31 0.32
5 32.63 -72.53 -31 0.32
5 2.08 44.01 -31 0.32
5 -10.27 -82.29 -31 0.32
5 -60.31 -93.03 -31 0.32
5 3.38 -16.54 -31 0.32
5 36.53 -10.03 -33 0.32
5 48.55 34.57 -33 0.32
5 61.22 37.17 -33 0.32
5 57.97 30.01 -33 0.32
5 67.07 25.78 -33 0.32
5 73.57 24.48 -33 0.32
5 79.74 27.08 -33 0.32
5 -11.24 -103.6 -33 0.32
5 7.61 54.1 -37 0.32
5 28.73 49.87 -37 0.32
5 35.23 47.27 -37 0.32
5 92.41 12.43 -37 0.32
5 93.71 17.32 -37 0.32
5 70.97 16.02 -37 0.32
5 68.04 9.5 -37 0.32
5 99.56 -3.19 -37 0.32
5 44.97 -12.31 -37 0.32
5 106.71 -42.9 -37 0.32
5 116.46 -36.39 -37 0.32
5 100.54 -30.21 -37 0.32
5 120.68 -68.29 -37 0.32
5 120.68 -62.2 -37 0.32
5 106.71 -87.5 -37 0.32
5 110.94 -94.99 -37 0.32
5 137.9 -90.1 -37 0.32
5 21.9 -85.87 -37 0.32
5 -20.66 -67.32 -37 0.32
5 -57.06 -99.87 -37 0.32
5 -38.86 -99.54 -37 0.32
5 -42.43 -6.5 -37 0.32
5 15.73 -69.6 -37 0.32
5 28.08 -67.32 -37 0.32
5 33.93 -63.09 -37 0.32
5 38.8 -56.9 -37 0.32
5 26.78 -27.6 -37 0.32
5 -9.94 -11.65 -37 0.32
5 -42.76 36.2 -37 0.32
5 16.05 76.89 -37 0.32
5 40.42 81.44 -37 0.32
5 104.44 67.77 -37 0.32
5 97.29 75.59 -37 0.32
5 86.89 76.56 -37 0.32
5 73.57 -40.63 -37 0.32
5 -67.45 -0.26 -37 0.32
5 -77.85 -22.4 -37 0.32
5 -90.85 -27.28 -37 0.32
5 -101.57 -27.93 -37 0.32
5 -111.65 -28.58 -37 0.32
5 79.09 36.2 -40 0.32
5 70.64 40.1 -40 0.32
5 11.51 38.8 -40 0.32
5 13.78 45.64 -40 0.32
5 4.03 45.64 -40 0.32
5 -45.03 -85.87 -40 0.32
5 -49.26 -80.66 -40 0.32
5 -56.73 -92.38 -40 0.32
5 69.02 -103.6 -40 0.32
5 64.14 -48.76 -40 0.32
5 68.69 -53.65 -40 0.32
5 82.67 -66.02 -40 0.32
5 78.5 -33.14 -40 0.32
5 -6.04 -24.35 -40 0.32
5 -6.69 12.2 -40 0.32
5 -10.59 16.34 -40 0.32
5 124.91 17.32 -40 0.32
5 40.42 -49.74 -40 0.32
5 40.42 -42.58 -40 0.32
5 51.8 -48.2 -40 0.32
5 13.78 64.52 -42 0.32
5 21.25 60.61 -42 0.32
5 22.55 67.45 -42 0.32
5 45.3 66.47 -42 0.32
5 16.38 -106.71 -42 0.32
5 12.48 -103.78 -42 0.32
5 19.3 -109.96 -42 0.32
5 31.65 -102.47 -42 0.32
5 -12.22 -101.82 -42 0.32
5 -48.93 -8.4 -43 0.32
5 144.08 -94.66 -43 0.32
5 111.91 -105.73 -43 0.32
5 95.01 -99.87 -43 0.32
5 70.97 -5.14 -43 0.32
5 77.14 26.76 -43 0.32
5 36.85 33.27 -43 0.32
5 39.77 38.8 -43 0.32
5 40.42 27.73 -43 0.32
5 118.41 45.31 -43 0.32
5 110.94 51.5 -43 0.32
5 -39.51 -80.34 -43 0.32
5 -33.34 -76.76 -43 0.32
5 -30.74 -82.29 -43 0.32
5 -22.94 -76.76 -43 0.32
5 96.64 1.69 -46 0.32
5 94.04 10.81 -46 0.32
5 99.56 16.67 -46 0.32
5 68.04 18.62 -46 0.32
5 68.37 9.18 -46 0.32
5 77.14 10.16 -46 0.32
5 91.76 -12.63 -46 0.32
5 98.59 -8.72 -46 0.32
5 99.89 -27.6 -46 0.32
5 114.51 -39 -46 0.32
5 125.88 6.57 -46 0.32
5 132.71 15.04 -46 0.32
5 134.66 14.39 -46 0.32
5 97.94 61.26 -46 0.32
5 98.59 72.66 -46 0.32
5 106.71 66.15 -46 0.32
5 98.59 81.5 -46 0.32
5 85.27 71.68 -46 0.32
5 45.62 76.24 -46 0.32
5 16.38 73.63 -46 0.32
5 28.08 84.7 -46 0.32
5 -62.9 -80.66 -46 0.32
5 8.26 -115.17 -46 0.32
5 21.9 -97.92 -46 0.32
5 25.48 -108.01 -46 0.32
5 31.98 -92.71 -46 0.32
5 42.05 -95.31 -46 0.32
5 40.1 -86.52 -46 0.32
5 45.95 -81.64 -46 0.32
5 33.6 -75.6 -46 0.32
5 31.33 -71.22 -46 0.32
5 72.92 -33.46 -46 0.32
5 47.25 -10.68 -46 0.32
5 46.6 -1.89 -46 0.32
5 118.41 -70.57 -46 0.32
5 -46.01 -118.75 -46 0.32
5 -40.16 -118.75 -46 0.32
5 -3.5 42.38 -49 0.32
5 -8.64 51.5 -49 0.32
5 -4.74 55.73 -49 0.32
5 4.36 46.94 -49 0.32
5 71.94 40.1 -49 0.32
5 80.39 39.78 -49 0.32
5 95.34 38.8 -49 0.32
5 90.79 42.71 -49 0.32
5 79.09 47.27 -49 0.32
5 57.97 71.35 -49 0.32
5 -73.63 -24.02 -50 0.32
5 -45.36 -38.02 -50 0.32
5 2.73 -109.31 -50 0.32
5 -1.17 -104.75 -50 0.32
5 -8.64 -121.35 -50 0.32
5 -0.19 -121.35 -50 0.32
5 -27.49 -118.75 -50 0.32
5 -25.54 -142.19 -50 0.32
5 71.62 -105.08 -50 0.32
5 62.52 -102.47 -50 0.32
5 77.79 -77.08 -50 0.32
5 94.04 -72.85 -50 0.32
5 93.39 -80.66 -50 0.32
5 85.92 -58.85 -50 0.32
5 81.04 -65.69 -50 0.32
5 66.09 -52.34 -50 0.32
5 67.39 -38.67 -50 0.32
5 72.92 -39.65 -50 0.32
5 114.18 -52.34 -50 0.32
5 96.96 -40.3 -50 0.32
5 121.01 -10.03 -50 0.32
5 124.91 17.32 -50 0.32
5 119.71 -89.78 -50 0.32
5 -66.48 5.92 -50 0.32
5 -2.79 64.19 -55 0.32
5 20.93 70.7 -55 0.32
5 33.28 75.91 -55 0.32
5 35.23 85.35 -55 0.32
5 98.91 71.35 -55 0.32
5 112.88 44.66 -55 0.32
5 107.04 45.31 -55 0.32
5 107.69 37.5 -55 0.32
5 114.51 31.97 -55 0.32
5 97.94 34.9 -55 0.32
5 89.81 22.85 -55 0.32
5 85.27 28.38 -55 0.32
5 76.17 30.99 -55 0.32
5 -40.81 -108.99 -55 0.32
5 -46.01 -117.45 -55 0.32
5 -56.73 -94.01 -55 0.32
5 -64.2 -81.97 -55 0.32
5 -78.18 -110.61 -55 0.32
5 -34.96 -120.7 -55 0.32
5 -47.63 -132.75 -55 0.32
5 -31.71 -142.19 -55 0.32
5 4.68 -123.63 -55 0.32
5 19.3 -117.45 -55 0.32
5 25.15 -107.03 -55 0.32
5 41.4 -93.69 -55 0.32
5 44 -84.9 -55 0.32
5 138.88 -96.62 -55 0.32
5 64.47 -124.94 -55 0.32
5 109.96 -41.6 -55 0.32
5 3.38 32.29 -55 0.32
5 91.76 81.5 -55 0.32
5 -4.74 -132.1 -55 0.32
5 -7.99 -145.77 -55 0.32
5 -16.2 -144.47 -55 0.32
5 -16.44 -150.65 -55 0.32
5 -80.78 -121.68 -55 0.32
5 -92.47 -103.45 -55 0.32
5 40.75 -50.07 -55 0.32
5 49.52 -45.51 -55 0.32
5 80.39 -46.16 -55 0.32
5 74.54 -56.9 -55 0.32
5 5.66 -67.64 -55 0.32
5 -2.47 -58.85 -55 0.32
5 57.97 37.17 -55 0.32
5 45.62 27.73 -55 0.32
5 -76.88 -31.84 -55 0.32
5 -57.38 -20.44 -55 0.32
5 25.8 78.84 -55 0.32
5 -4.09 55.73 -58 0.32
5 -15.14 64.19 -58 0.32
5 -5.39 45.64 -58 0.32
5 74.87 48.57 -58 0.32
5 76.49 39.45 -58 0.32
5 64.79 39.45 -58 0.32
5 79.42 -111.26 -58 0.32
5 78.44 -104.1 -58 0.32
5 68.04 -98.57 -58 0.32
5 60.25 -113.54 -58 0.32
5 -26.84 -108.33 -58 0.32
5 -7.34 -158.79 -58 0.32
5 21.9 -46.16 -58 0.32
5 43.67 -29.23 -58 0.32
5 1.43 -34.77 -58 0.32
5 -4.42 -76.76 -58 0.32
5 2.73 -80.99 -58 0.32
5 -3.77 -88.48 -58 0.32
5 79.42 -75.46 -60 0.32
5 83.32 -82.29 -60 0.32
5 89.81 -79.36 -60 0.32
5 80.07 -59.83 -60 0.32
5 91.76 -57.23 -60 0.32
5 117.2 -92.71 -60 0.32
5 123.93 -9.38 -60 0.32
5 124.26 1.37 -60 0.32
5 123.93 18.94 -60 0.32
5 112.88 23.5 -60 0.32
5 107.36 21.55 -60 0.32
5 88.19 34.57 -60 0.32
5 72.92 70.7 -60 0.32
5 43.35 65.17 -60 0.32
5 -30.74 -114.19 -60 0.32
5 -50.56 -143.82 -60 0.32
5 -99.95 -106.71 -60 0.32
5 -63.88 -35.09 -60 0.32
5 -68.43 -28.58 -60 0.32
5 -81.75 -6.45 -60 0.32
5 -54.78 33.59 -60 0.32
5 -53.81 46.94 -60 0.32
5 5.01 73.96 -60 0.32
5 -7.99 -119.4 -60 0.32
5 -5.72 -113.87 -60 0.32
5 -12.86 -110.29 -60 0.32
5 -10.27 -107.03 -60 0.32
5 -5.72 -105.08 -60 0.32
5 3.06 -103.45 -60 0.32
5 11.83 -96.29 -60 0.32
5 18.98 -96.29 -60 0.32
5 27.43 13.74 -62 0.32
5 18.33 16.67 -62 0.32
5 47.25 -113.87 -63 0.32
5 56.35 -106.71 -63 0.32
5 64.47 -108.66 -63 0.32
5 25.8 -99.54 -63 0.32
5 -0.19 -165.63 -63 0.32
5 -58.03 -138.28 -63 0.32
5 73.89 -121.68 -63 0.32
5 38.8 -113.22 -63 0.32
5 -52.18 -125.91 -65 0.32
5 -44.71 -130.47 -65 0.32
5 -41.6 -124.61 -65 0.32
5 -42.2 -117.45 -65 0.32
5 -35.29 -106.71 -65 0.32
5 -53.48 -97.27 -65 0.32
5 -48.61 -98.57 -65 0.32
5 -54.46 -86.52 -65 0.32
5 -57.71 -90.1 -65 0.32
5 -87.28 -102.8 -65 0.32
5 -78.83 -112.24 -65 0.32
5 -83.38 -121.35 -65 0.32
5 -103.85 -103.45 -65 0.32
5 -43.73 -72.85 -65 0.32
5 -37.24 -62.2 -65 0.32
5 41.4 -98.57 -65 0.32
5 18.33 -118.1 -65 0.32
5 25.48 -107.36 -65 0.32
5 111.91 -41.6 -65 0.32
5 120.03 -51.04 -65 0.32
5 48.55 -44.86 -65 0.32
5 105.41 36.85 -65 0.32
5 106.39 48.57 -65 0.32
5 108.34 53.5 -65 0.32
5 100.54 60.61 -65 0.32
5 108.01 65.17 -65 0.32
5 92.74 85.35 -65 0.32
5 23.53 77.54 -65 0.32
5 32.63 82.42 -65 0.32
5 -5.07 74.93 -65 0.32
5 3.71 79.17 -65 0.32
5 97.61 -103.6 -65 0.32
5 -21.64 -148.05 -65 0.32
5 -13.84 -153.26 -65 0.32
5 -21.31 -154.56 -65 0.32
5 48.87 36.52 -65 0.32
5 58.3 40.1 -65 0.32
5 -52.83 -150 -67 0.32
5 -90.85 -44.86 -67 0.32
5 -91.17 -38.02 -67 0.32
5 -80.6 -39.97 -67 0.32
5 -80.45 -33.46 -67 0.32
5 -92.8 -27.93 -67 0.32
5 -53.16 -25 -67 0.32
5 -3.77 51.82 -67 0.32
5 -45.68 44.34 -67 0.32
5 72.59 45.64 -67 0.32
5 31 -137.31 -67 0.32
5 5.33 -156.19 -67 0.32
5 -56.73 -124.61 -67 0.32
5 -74.93 -119.4 -67 0.32
5 125.56 1.04 -69 0.32
5 123.61 -4.17 -69 0.32
5 118.41 -6.77 -69 0.32
5 106.39 21.55 -69 0.32
5 104.2 28.06 -69 0.32
5 74.87 35.87 -69 0.32
5 76.17 72 -69 0.32
5 -75.58 -35.09 -69 0.32
5 -98.32 -92.06 -69 0.32
5 -29.76 -111.59 -69 0.32
5 -68.75 -148.7 -69 0.32
5 -67.6 -157.49 -69 0.32
5 -64.53 -164.65 -69 0.32
5 57.32 -99.22 -69 0.32
5 67.07 -97.92 -69 0.32
5 76.17 -104.43 -69 0.32
5 93.06 -82.29 -69 0.32
5 54.72 -88.48 -69 0.32
5 44 -81.32 -69 0.32
5 59.92 -74.81 -69 0.32
5 77.14 -60.48 -69 0.32
5 88.51 -60.48 -69 0.32
5 106.71 -48.76 -69 0.32
5 -8.97 -116.8 -69 0.32
5 -7.99 -101.17 -69 0.32
5 18.65 -101.5 -69 0.32
5 -2.79 -169.53 -69 0.32
5 -7.99 -175.72 -69 0.32
5 5.98 -76.76 -73 0.32
5 5.33 -88.8 -73 0.32
5 9.56 -96.62 -73 0.32
5 9.88 -88.8 -73 0.32
5 -4.74 68.42 -73 0.32
5 -42.43 23.18 -73 0.32
5 -36.26 29.04 -73 0.32
5 -51.53 39.6 -73 0.32
5 128.81 -43.88 -73 0.32
5 133.68 -44.21 -73 0.32
5 77.79 -116.15 -73 0.32
5 38.47 -132.1 -73 0.32
5 41.07 -151.95 -73 0.32
5 -13.84 -182.88 -73 0.32
5 -57.38 -140.24 -73 0.32
5 -48.28 -145.44 -73 0.32
5 -69.73 -142.51 -73 0.32
5 -73.95 -95.31 -73 0.32
5 -82.08 -79.69 -73 0.32
5 -100.6 -65.69 -73 0.32
5 -97.67 -51.37 -73 0.32
5 -102.87 -46.81 -73 0.32
5 -101.25 -35.09 -73 0.32
5 -92.8 -46.48 -73 0.32
5 -85.33 -58.2 -73 0.32
5 -85.33 -3.84 -73 0.32
5 -80.78 1.04 -73 0.32
5 89.16 33.92 -76 0.32
5 97.29 59.31 -76 0.32
5 87.86 68.75 -76 0.32
5 88.84 87.3 -76 0.32
5 6.96 82.42 -76 0.32
5 14.43 84.37 -76 0.32
5 0.78 89.58 -76 0.32
5 0.46 81.5 -76 0.32
5 -6.04 76.89 -76 0.32
5 -44.38 46.29 -76 0.32
5 -16.44 39.6 -76 0.32
5 123.28 7.88 -76 0.32
5 141.8 -0.59 -76 0.32
5 95.01 -100.52 -76 0.32
5 107.36 -100.52 -76 0.32
5 28.4 -117.5 -76 0.32
5 27.43 -132.42 -76 0.32
5 27.43 -146.09 -76 0.32
5 47.25 -148.05 -76 0.32
5 33.93 -114.84 -76 0.32
5 -44.06 -71.22 -76 0.32
5 -38.86 -131.5 -76 0.32
5 -37.24 -127.87 -76 0.32
5 -14.49 -150.33 -76 0.32
5 -9.94 -178.32 -76 0.32
5 7.28 -174.41 -76 0.32
5 17.35 -166.28 -76 0.32
5 24.83 -164.32 -76 0.32
5 -6.69 -124.94 -76 0.32
5 -77.85 -119.4 -76 0.32
5 -82.73 -111.26 -76 0.32
5 -100.92 -120.7 -76 0.32
5 -81.43 -32.81 -76 0.32
5 -89.55 -28.58 -76 0.32
5 -57.06 -22.4 -76 0.32
5 -62.26 -0.91 -76 0.32
5 39.77 38.48 -76 0.32
5 96.31 36.2 -76 0.32
5 33.6 60.29 -76 0.32
5 24.83 67.5 -76 0.32
5 -10.27 43.68 -76 0.32
5 38.47 -55.93 -78 0.32
5 65.5 -94.34 -78 0.32
5 79.42 -65.04 -78 0.32
5 125.23 -0.26 -78 0.32
5 108.66 47.92 -78 0.32
5 -96.37 -90.76 -78 0.32
5 -77.53 -71.88 -78 0.32
5 -106.5 -79.69 -78 0.32
5 -112.62 -63.41 -78 0.32
5 0.78 -163.67 -78 0.32
5 -1.49 -172.46 -78 0.32
5 -39.51 -146.09 -78 0.32
5 -36.91 -150.33 -78 0.32
5 -70.7 -147.72 -78 0.32
5 -72.65 -154.23 -78 0.32
5 17.68 -158.14 -78 0.32
5 30.03 -140.56 -78 0.32
5 21.9 5.6 -79 0.32
5 22.55 23.5 -79 0.32
5 89.49 58.98 -79 0.32
5 138.55 23.83 -79 0.32
5 59.92 -161.72 -79 0.32
5 -10.59 -165.95 -79 0.32
5 101.84 30.99 -83 0.32
5 130.76 -43.56 -83 0.32
5 137.9 -37.04 -83 0.32
5 -17.09 -183.85 -83 0.32
5 16.05 -186.46 -83 0.32
5 25.48 -173.76 -83 0.32
5 -99.3 -57.55 -83 0.32
5 -104.5 -45.51 -83 0.32
5 -93.45 -43.23 -83 0.32
5 -89.87 -44.53 -83 0.32
5 -88.25 -52.67 -83 0.32
5 -80.78 -47.79 -83 0.32
5 -66.8 -140.56 -83 0.32
5 -36.59 -103.45 -83 0.32
5 -74.93 -94.66 -83 0.32
5 -45.03 17.97 -83 0.32
5 -30.41 27.08 -83 0.32
5 50.17 36.52 -83 0.32
5 8.91 72.33 -83 0.32
5 113.86 -75.6 -83 0.32
5 -3.44 -179.3 -83 0.32
5 -22.29 -149.35 -83 0.32
5 -20.66 -142.51 -83 0.32
5 -76.23 20.9 -83 0.32
5 1.43 -183.53 -83 0.32
5 -97.35 -112.89 -83 0.32
5 -17.74 34.24 -85 0.32
5 -9.94 43.03 -85 0.32
5 24.83 64.84 -85 0.32
5 32.63 60.94 -85 0.32
5 26.45 58.98 -85 0.32
5 3.71 81.44 -85 0.32
5 86.24 86.65 -85 0.32
5 98.59 63.22 -85 0.32
5 144.08 -7.1 -85 0.32
5 112.56 -98.57 -85 0.32
5 108.01 -107.36 -85 0.32
5 -52.18 -146.42 -85 0.32
5 -39.83 -131.77 -85 0.32
5 -84.68 -111.59 -85 0.32
5 -71.68 -107.03 -85 0.32
5 69.99 49.87 -85 0.32
5 60.57 -161.39 -89 0.32
5 46.27 -159.77 -89 0.32
5 19.95 -171.81 -89 0.32
5 -6.04 -169.21 -89 0.32
5 -0.19 -174.09 -89 0.32
5 -15.14 -174.41 -89 0.32
5 -17.41 -166.93 -89 0.32
5 -30.41 -172.14 -89 0.32
5 -73.3 -178.32 -89 0.32
5 -94.75 -85.55 -89 0.32
5 -109.7 -69.92 -89 0.32
5 -82.4 -38.02 -89 0.32
5 124.91 -3.84 -89 0.32
5 123.28 6.25 -89 0.32
5 134.01 16.02 -89 0.32
5 137.9 29.04 -89 0.32
5 128.48 8.85 -89 0.32
5 102.81 36.85 -89 0.32
5 88.51 57.03 -89 0.32
5 -18.06 70.38 -89 0.32
5 61.55 41.08 -89 0.32
5 90.14 -124.28 -89 0.32
5 67.72 -156.19 -89 0.32
5 91.44 41.08 -91 0.32
5 93.39 29.36 -91 0.32
5 141.15 17.32 -91 0.32
5 -56.08 34.24 -93 0.32
5 -70.7 19.6 -93 0.32
5 -39.83 21.22 -93 0.32
5 -46.33 29.04 -93 0.32
5 -24.89 33.59 -93 0.32
5 -15.79 61.59 -93 0.32
5 43.02 53.78 -93 0.32
5 54.4 45.64 -93 0.32
5 52.45 38.15 -93 0.32
5 -91.5 -57.55 -93 0.32
5 -98.32 -45.18 -93 0.32
5 -106.45 -49.74 -93 0.32
5 -87.28 -43.88 -93 0.32
5 -99.62 -118.1 -93 0.32
5 -91.5 -117.77 -93 0.32
5 -32.69 -101.17 -93 0.32
5 5.66 -105.4 -93 0.32
5 18.33 -87.83 -93 0.32
5 30.35 -79.04 -93 0.32
5 142.6 -39.65 -93 0.32
5 118.08 -72.53 -93 0.32
5 120.36 -84.9 -93 0.32
5 122.63 -94.34 -93 0.32
5 161.3 25.6 -93 0.32
5 156.43 26.43 -93 0.32
5 7.93 73.31 -93 0.32
5 92.09 72.98 -95 0.32
5 103.14 67.45 -95 0.32
5 92.09 84.05 -95 0.32
5 -8.32 42.06 -95 0.32
5 1.76 79.82 -95 0.32
5 15.08 80.14 -95 0.32
5 11.51 86.65 -95 0.32
5 -65.83 -138.93 -95 0.32
5 -85.98 -153.58 -95 0.32
5 -71.68 -102.47 -95 0.32
5 -84.35 -105.08 -95 0.32
5 -90.52 -95.64 -95 0.32
5 -101.57 -61.78 -95 0.32
5 60.25 -171.16 -95 0.32
5 54.72 -174.41 -95 0.32
5 50.5 -170.51 -95 0.32
5 49.2 -162.7 -95 0.32
5 32.3 -180.6 -95 0.32
5 -46.66 -196.88 -95 0.32
5 113.86 -94.01 -95 0.32
5 25.61 69.53 -98 0.32
5 19.44 75.72 -98 0.32
5 22.36 86.46 -98 0.32
5 -9.15 64.32 -98 0.32
5 -80.31 -29.75 -98 0.32
5 -81.29 -39.84 -98 0.32
5 -27.03 -178.19 -98 0.32
5 -13.05 -177.86 -98 0.32
5 -73.82 -179.49 -97 0.32
5 -89.09 -164.52 -97 0.32
5 -45.87 30.14 -84 0.32
5 12.62 84.51 -84 0.32
5 -60.49 -24.87 -84 0.32
5 -15.33 -123.5 -84 0.32
5 -7.85 -131.64 -84 0.32
5 -50.75 -102.67 -84 0.32
5 -57.57 -108.85 -84 0.32
5 -76.74 -164.84 -84 0.32
5 130.89 14.19 -99 0.32
5 139.02 25.59 -99 0.32
5 -6.23 17.45 -99 0.32
5 -42.62 37.63 -99 0.32
5 23.01 -175.26 -101 0.32
5 39.59 54.88 -101 0.32
5 63.96 44.79 -101 0.32
5 -88.2 -116.01 -101 0.32
5 -92.01 -53.51 -101 0.32
5 -101.44 -40.17 -101 0.32
5 -97.86 -29.1 -101 0.32
5 23.99 -184.7 -101 0.32
5 93.53 -127.41 -101 0.32
5 102.62 -132.62 -101 0.32
5 123.74 -91.28 -101 0.32
5 87.35 75.07 -104 0.32
5 7.09 78 -104 0.32
5 -15 71.49 -104 0.32
5 -57.57 33.07 -104 0.32
5 -66.02 -148.57 -104 0.32
5 -70.89 -141.08 -104 0.32
5 -88.44 -149.87 -104 0.32
5 -47.17 -196.74 -104 0.32
5 -9.15 -209.2 -104 0.32
5 -82.59 -97.6 -104 0.32
5 -68.62 -101.04 -104 0.32
5 -103.39 -65.56 -104 0.32
5 -72.19 -132.29 -104 0.32
5 121.14 -73.37 -104 0.32
5 -50.1 22.01 -106 0.32
5 -71.87 -6.31 -106 0.32
5 -84.86 -24.54 -106 0.32
5 -80.96 -41.47 -106 0.32
5 96.5 74.09 -106 0.32
5 20.41 75.07 -106 0.32
5 20.41 85.81 -106 0.32
5 42.51 -185.03 -106 0.32
5 41.86 -178.19 -106 0.32
5 34.06 -176.89 -106 0.32
5 10.34 -151.82 -106 0.32
5 -68.94 -176.24 -106 0.32
5 -87.79 -158.01 -106 0.32
5 -43.27 38.61 -107 0.32
5 63.31 -124.48 -107 0.32
5 23.01 -116.01 -107 0.32
5 19.5 -198.37 -107 0.32
5 12.29 91.34 -107 0.32
5 -102.41 -42.5 -109 0.32
5 -97.54 -27.15 -109 0.32
5 -97.21 -59.7 -109 0.32
5 -113.78 -66.86 -109 0.32
5 -84.86 -117.64 -109 0.32
5 -113.46 -133.92 -109 0.32
5 -100.46 -142.71 -109 0.32
5 22.04 -180.47 -109 0.32
5 -22.15 -208.79 -109 0.32
5 52.26 41.54 -111 0.32
5 43.49 49.02 -111 0.32
5 85.08 62.05 -112 0.32
5 8.39 63.35 -112 0.32
5 -105.33 -75.65 -69 0.32
5 65.58 49.68 -110 0.32
5 -66.99 16.47 -110 0.32
5 -87.46 -62.95 -110 0.32
5 152.99 28.52 -113 0.32
5 143.57 -68.49 -113 0.32
5 130.24 -69.79 -113 0.32
5 121.47 -69.79 -113 0.32
5 118.22 -94.2 -113 0.32
5 100.35 -78.91 -113 0.32
5 82.8 -145.64 -113 0.32
5 -84.86 -97.46 -113 0.32
5 -76.74 -127.08 -113 0.32
5 -72.19 -133.59 -113 0.32
5 -20.85 -125.6 -113 0.32
5 -34.82 -167.77 -113 0.32
5 -16.3 -198.05 -113 0.32
5 -11.1 -206.51 -113 0.32
5 -10.45 -210.74 -113 0.32
5 -8.5 -195.77 -113 0.32
5 -19.55 69.53 -112 0.32
5 -8.5 72.79 -112 0.32
5 22.69 -191.86 -112 0.32
5 -48.8 -200.65 -112 0.32
5 -91.04 -116.01 -112 0.32
5 1.89 76.04 -112 0.32
5 102.62 74.41 -114 0.32
5 89.95 74.41 -114 0.32
5 83.45 80.93 -114 0.32
5 -27.35 40.24 -113 0.32
5 0.59 -203.25 -113 0.32
5 -41.65 4.1 -115 0.32
5 -74.47 -12.17 -115 0.32
5 -87.46 -27.8 -115 0.32
5 -84.21 -39.84 -115 0.32
5 -87.46 -46.68 -115 0.32
5 -50.42 13.22 -115 0.32
5 -44.9 22.33 -115 0.32
5 34.06 79.95 -115 0.32
5 26.26 74.41 -115 0.32
5 24.64 -116.67 -115 0.32
5 37.64 -177.21 -115 0.32
5 -72.84 -181.77 -115 0.32
5 -89.74 -166.15 -115 0.32
5 -78.04 -160.61 -115 0.32
5 -93.96 -157.68 -115 0.32
5 -83.24 -157.68 -115 0.32
5 -106.96 -142.71 -115 0.32
5 -68.62 -140.75 -115 0.32
5 -29.3 -166.8 -115 0.32
5 -107.61 -70.5 -117 0.32
5 -110.53 -58.4 -117 0.32
5 -97.21 -46.35 -117 0.32
5 -101.2 -36.26 -117 0.32
5 -111.18 -130.66 -117 0.32
5 -22.8 -212.37 -117 0.32
5 -70.89 4.43 -119 0.32
5 -97.21 -66.21 -119 0.32
5 46.41 46.42 -119 0.32
5 51.61 51.95 -119 0.32
5 55.18 61.39 -119 0.32
5 129.27 7.68 -119 0.32
5 109.5 36.65 -119 0.32
5 -83.89 -99.41 -121 0.32
5 -99.81 -122.53 -121 0.32
5 -12.73 -203.91 -121 0.32
5 -18.25 -200 -121 0.32
5 -12.73 -199.02 -121 0.32
5 -1.36 -200 -121 0.32
5 -1.36 -208.79 -121 0.32
5 23.01 -195.5 -121 0.32
5 -42.3 31.5 -121 0.32
5 -36.77 41.54 -121 0.32
5 85.08 63.35 -121 0.32
5 11.64 63.67 -121 0.32
5 155.26 30.14 -121 0.32
5 -70.24 22.01 -121 0.32
5 -77.72 -53.51 -121 0.32
5 -97.86 -151.82 -124 0.32
5 -87.14 -149.87 -124 0.32
5 -40.02 -202.28 -124 0.32
5 32.76 -189.91 -124 0.32
5 34.06 -175.91 -124 0.32
5 27.56 -168.75 -124 0.32
5 111.72 -88.35 -124 0.32
5 74.68 54.23 -124 0.32
5 63.31 54.56 -124 0.32
5 -78.04 -41.15 -124 0.32
5 -83.89 -33.66 -124 0.32
5 -95.91 -27.15 -124 0.32
5 -107.61 -135.22 -124 0.32
5 -71.22 -177.21 -124 0.32
5 -102.41 -57.42 -125 0.32
5 -104.36 -46.03 -125 0.32
5 -90.39 -46.03 -125 0.32
5 -90.39 -56.77 -125 0.32
5 2.54 55.86 -125 0.32
5 -49.5 11.26 -125 0.32
5 31.79 77.02 -125 0.32
5 -20.53 -207.81 -125 0.32
5 -92.66 -159.31 -125 0.32
5 -85.51 -18.68 -125 0.32
5 -66.99 -24.87 -125 0.32
5 -95.26 -97.79 -125 0.32
5 -6.55 -206.51 -129 0.32
5 -2.66 -208.79 -129 0.32
5 -2.01 -203.58 -129 0.32
5 3.52 -203.25 -129 0.32
5 11.97 -200.65 -129 0.32
5 27.24 -200 -129 0.32
5 -20.85 -193.81 -129 0.32
5 -10.45 -199.02 -129 0.32
5 -5.25 -193.81 -129 0.32
5 -20.2 -198.05 -129 0.32
5 -29.63 -196.74 -129 0.32
5 -44.57 31.5 -129 0.32
5 -30.27 35.68 -129 0.32
5 -34.82 46.75 -129 0.32
5 -65.69 26.89 -129 0.32
5 -69.92 14.84 -129 0.32
5 80.85 64 -129 0.32
5 125.37 10.61 -129 0.32
5 118.55 44.14 -129 0.32
5 -78.69 -131.31 -131 0.32
5 -102.09 -121.55 -131 0.32
5 -99.16 -57.75 -133 0.32
5 -90.71 -60.35 -133 0.32
5 -83.24 -51.89 -133 0.32
5 -98.19 -35.29 -133 0.32
5 -85.84 -22.59 -133 0.32
5 -80.31 -18.36 -133 0.32
5 -73.49 -179.82 -133 0.32
5 -91.36 -166.47 -133 0.32
5 -26.05 -203.91 -133 0.32
5 3.52 64.32 -133 0.32
5 3.52 57.16 -133 0.32
5 35.36 77.34 -133 0.32
5 72.73 55.86 -133 0.32
5 57.46 59.77 -133 0.32
5 117.57 18.75 -133 0.32
5 -89.41 -92.25 -133 0.32
5 -51.07 -107.55 -133 0.32
5 -41.97 -104.3 -133 0.32
5 55.18 -167.45 -133 0.32
5 71.43 -153.78 -133 0.32
5 35.04 -171.35 -133 0.32
5 -71.22 17.45 -137 0.32
5 -67.64 26.24 -137 0.32
5 -48.15 18.1 -137 0.32
5 -31.9 41.86 -137 0.32
5 -39.7 52.93 -137 0.32
5 -104.69 -120.25 -139 0.32
5 48.68 41.54 -139 0.32
5 78.58 26.89 -139 0.32
5 125.04 10.94 -139 0.32
5 -105.01 -60.03 -141 0.32
5 -95.26 -59.37 -141 0.32
5 -101.2 -41.47 -141 0.32
5 -99.49 -30.73 -141 0.32
5 -92.34 -31.05 -141 0.32
5 -82.91 -44.73 -141 0.32
5 -83.56 -56.44 -141 0.32
5 -53.35 -107.55 -141 0.32
5 -74.14 -178.19 -141 0.32
5 -53.02 -151.17 -141 0.32
5 -29.3 -184.37 -141 0.32
5 -13.38 -191.54 -141 0.32
5 0.92 -196.42 -141 0.32
5 11.32 -205.86 -141 0.32
5 40.56 -175.59 -141 0.32
5 53.56 -169.4 -141 0.32
5 64.93 -158.98 -141 0.32
5 -36.45 -186.98 -146 0.32
5 -3.96 -190.88 -146 0.32
5 114.97 22.01 -146 0.32
5 72.73 53.58 -146 0.32
5 83.78 59.44 -146 0.32
5 48.03 58.46 -146 0.32
5 19.5 51.63 -146 0.32
5 -0.06 62.05 -146 0.32
5 -41.97 20.05 -146 0.32
5 -63.09 18.43 -146 0.32
5 -103.71 -56.44 -149 0.32
5 -107.93 -44.73 -149 0.32
5 -92.66 -32.68 -149 0.32
5 -85.51 -33.33 -149 0.32
5 -94.94 -83.46 -149 0.32
5 -104.36 -119.27 -149 0.32
5 -79.34 -173.63 -149 0.32
5 11.64 -203.25 -149 0.32
5 46.41 -172.66 -149 0.32
5 54.86 -171.35 -149 0.32
5 52.91 -159.63 -149 0.32
5 54.21 -146.94 -149 0.32
5 59.73 -142.06 -149 0.32
5 92.88 27.87 -149 0.32
5 85.08 25.26 -149 0.32
5 49.98 44.47 -149 0.32
5 -77.39 -65.56 -60 0.32
5 -72.19 -44.07 -60 0.32
5 -116.71 -55.47 -60 0.32
5 -108.58 -98.76 -60 0.32
5 -130.68 -84.44 -60 0.32
5 -133.6 -70.44 -60 0.32
5 -127.43 -56.44 -60 0.32
5 -121.58 -59.7 -60 0.32
5 -117.68 -48.96 -60 0.32
5 -98.51 -74.02 -49 0.32
6 105.09 -80.34 0 0.32
6 108.34 -78.06 0 0.32
6 -10.27 -41.28 0 0.32
6 23.2 -30.86 0 0.32
6 18.33 -24.68 0 0.32
6 33.6 -25.98 -7 0.32
6 5.33 -35.09 -7 0.32
6 23.53 -21.42 -7 0.32
6 46.27 -42.9 -7 0.32
6 19.95 11.46 -7 0.32
6 15.08 -0.59 -7 0.32
6 27.1 30.34 -7 0.32
6 51.8 12.2 -7 0.32
6 -45.68 -53 -11 0.32
6 -28.79 -54.62 -11 0.32
6 11.18 -32.49 -11 0.32
6 27.43 -17.84 -11 0.32
6 41.4 -22.72 -11 0.32
6 47.9 -30.53 -11 0.32
6 40.1 -31.19 -11 0.32
6 23.85 3.65 -11 0.32
6 99.56 -94.66 -11 0.32
6 104.44 -85.55 -11 0.32
6 137.9 -89.45 -11 0.32
6 143.43 -92.06 -11 0.32
6 118.73 -70.57 -11 0.32
6 100.86 -60.81 -11 0.32
6 28.73 25.78 -17 0.32
6 25.15 34.57 -17 0.32
6 53.75 11.6 -17 0.32
6 85.27 -67.64 -17 0.32
6 92.74 -61.46 -17 0.32
6 -65.18 -15.23 -22 0.32
6 -28.46 -43.56 -22 0.32
6 74.54 53.5 -22 0.32
6 48.87 -39.32 -22 0.32
6 52.77 -50.07 -22 0.32
6 43.67 -63.41 -22 0.32
6 89.81 -78.06 -22 0.32
6 95.01 -88.8 -22 0.32
6 99.24 -91.73 -22 0.32
6 104.2 -86.85 -22 0.32
6 115.81 -81.64 -22 0.32
6 117.43 -73.18 -22 0.32
6 -54.78 -114.52 -28 0.32
6 -44.38 -94.99 -28 0.32
6 90.46 -85.87 -28 0.32
6 61.22 -66.99 -28 0.32
6 18.33 -91.41 -28 0.32
6 12.16 -82.94 -28 0.32
6 38.15 -68.95 -28 0.32
6 50.17 -60.81 -28 0.32
6 56.67 -54.3 -28 0.32
6 110.61 11.78 -28 0.32
6 118.73 10.81 -28 0.32
6 104.44 18.62 -28 0.32
6 98.91 11.6 -28 0.32
6 36.85 58.66 -28 0.32
6 20.6 -94.34 -28 0.32
6 94.69 -66.34 -26 0.32
6 85.59 -62.76 -26 0.32
6 32.3 21.55 -26 0.32
6 73.89 46.61 -26 0.32
6 -42.76 -32.49 -26 0.32
6 80.07 2.99 -31 0.32
6 104.76 -93.03 -31 0.32
6 93.06 -99.54 -31 0.32
6 99.89 -101.5 -31 0.32
6 112.24 -83.59 -31 0.32
6 -27.49 -38.35 -31 0.32
6 -57.06 -114.19 -37 0.32
6 -24.89 -55.27 -37 0.32
6 39.77 -78.06 -37 0.32
6 23.85 -95.64 -37 0.32
6 18.98 -46.16 -37 0.32
6 52.45 -64.06 -37 0.32
6 63.17 -61.78 -37 0.32
6 65.77 -69.27 -37 0.32
6 110.61 -6.5 -37 0.32
6 -27.81 -41.93 -40 0.32
6 -39.18 -31.51 -40 0.32
6 -1.49 64.84 -40 0.32
6 -10.59 66.15 -40 0.32
6 43.67 56.71 -40 0.32
6 39.45 63.87 -40 0.32
6 51.15 53.78 -40 0.32
6 99.24 47.27 -40 0.32
6 81.69 0.06 -40 0.32
6 89.16 -87.18 -40 0.32
6 95.99 -98.24 -40 0.32
6 99.56 -93.36 -40 0.32
6 119.06 -98.89 -40 0.32
6 114.51 -80.34 -40 0.32
6 110.29 -60.48 -40 0.32
6 55.05 -76.2 -40 0.32
6 52.45 -84.25 -40 0.32
6 60.57 -65.69 -40 0.32
6 100.54 -102.47 -40 0.32
6 104.2 -96.29 -40 0.32
6 140.18 -2.21 -40 0.32
6 125.88 0.06 -40 0.32
6 129.46 -6.5 -40 0.32
6 79.09 62.89 -40 0.32
6 -43.73 35.87 -46 0.32
6 45.62 -61.46 -46 0.32
6 18.65 -47.79 -46 0.32
6 36.2 -14.58 -46 0.32
6 104.44 -1.24 -46 0.32
6 111.59 2.67 -46 0.32
6 144.08 -11.98 -46 0.32
6 134.01 -58.2 -46 0.32
6 39.45 88.28 -46 0.32
6 38.47 95.77 -46 0.32
6 108.34 77.54 -46 0.32
6 108.34 64.84 -46 0.32
6 -86.95 -6.77 -49 0.32
6 5.98 73.31 -49 0.32
6 59.27 -92.71 -50 0.32
6 61.55 -84.25 -50 0.32
6 53.42 -76.76 -50 0.32
6 64.79 -75.78 -50 0.32
6 56.35 -66.67 -50 0.32
6 64.47 -62.2 -50 0.32
6 72.92 -62.76 -50 0.32
6 44.97 -70.25 -50 0.32
6 113.21 -58.2 -50 0.32
6 107.04 -89.6 -50 0.32
6 106.39 -98.89 -50 0.32
6 -32.36 -151.63 -50 0.32
6 -59.66 -113.22 -50 0.32
6 36.53 -11 -55 0.32
6 9.23 -8.72 -55 0.32
6 4.03 -5.47 -55 0.32
6 11.83 -72.85 -55 0.32
6 31 -95.64 -55 0.32
6 44.97 -101.5 -55 0.32
6 52.5 -82.94 -55 0.32
6 5.01 -53.65 -55 0.32
6 -37.56 -32.81 -55 0.32
6 66.74 -0.59 -55 0.32
6 110.94 2.34 -55 0.32
6 121.33 7.23 -55 0.32
6 112.24 10.81 -55 0.32
6 137.9 -5.47 -55 0.32
6 142.6 0.39 -55 0.32
6 150.25 -3.52 -55 0.32
6 146.68 -12.31 -55 0.32
6 112.56 74.93 -55 0.32
6 106.06 71.35 -55 0.32
6 117.2 79.82 -55 0.32
6 110.61 84.37 -55 0.32
6 105.09 62.56 -55 0.32
6 96.96 53.5 -55 0.32
6 12.16 -159.44 -55 0.32
6 -30.74 -162.7 -55 0.32
6 -81.43 -22.4 -58 0.32
6 -85.33 -27.6 -58 0.32
6 117.76 -67.32 -58 0.32
6 60.9 -91.73 -60 0.32
6 64.47 -86.85 -60 0.32
6 63.49 -75.78 -60 0.32
6 57.65 -75.78 -60 0.32
6 44.32 -70.57 -60 0.32
6 64.47 -67.32 -60 0.32
6 69.67 -64.06 -60 0.32
6 -0.52 -68.95 -60 0.32
6 67.07 -135.03 -60 0.32
6 62.2 -130.47 -60 0.32
6 -26.19 -176.37 -63 0.32
6 -7.34 -192.64 -63 0.32
6 -23.26 -166.93 -63 0.32
6 -14.16 -169.21 -63 0.32
6 -43.08 -29.56 -65 0.32
6 -11.89 -4.49 -65 0.32
6 67.72 28.38 -65 0.32
6 118.08 75.91 -65 0.32
6 109.96 85.03 -65 0.32
6 125.56 -79.69 -65 0.32
6 45.62 -144.79 -65 0.32
6 10.21 -168.56 -65 0.32
6 20.28 -159.5 -65 0.32
6 15.4 -147.72 -65 0.32
6 -33.66 -164.65 -65 0.32
6 -8.32 -180.6 -65 0.32
6 -2.47 -49.09 -65 0.32
6 -7.34 -90.76 -65 0.32
6 0.46 -5.79 -65 0.32
6 -81.43 -19.79 -67 0.32
6 11.83 -181.58 -69 0.32
6 57.32 -133.07 -69 0.32
6 67.72 -133.72 -69 0.32
6 73.89 -137.96 -69 0.32
6 51.47 -117.45 -69 0.32
6 55.7 -87.83 -69 0.32
6 0.78 -67.32 -69 0.32
6 -5.72 -72.2 -69 0.32
6 10.53 -54.3 -69 0.32
6 -17.41 -60.48 -69 0.32
6 -10.27 -63.74 -69 0.32
6 -68.43 -172.46 -73 0.32
6 -47.96 -170.51 -73 0.32
6 -35.94 -167.9 -73 0.32
6 18 -178.32 -73 0.32
6 -78.18 -131.5 -73 0.32
6 62.84 40.75 -73 0.32
6 58.62 31.64 -73 0.32
6 95.01 -71.55 -78 0.32
6 123.93 -74.81 -78 0.32
6 -102.87 -98.89 -78 0.32
6 -99.3 -102.8 -78 0.32
6 -69.08 -163.02 -78 0.32
6 11.18 -149.68 -78 0.32
6 68.69 -9.05 -78 0.32
6 -105.15 -138.28 -83 0.32
6 -101.9 -126.56 -83 0.32
6 -96.37 -125.91 -83 0.32
6 -96.05 -138.61 -83 0.32
6 -77.85 -160.42 -83 0.32
6 -63.23 -168.23 -83 0.32
6 -44.38 -170.18 -83 0.32
6 -27.81 -168.56 -83 0.32
6 11.83 -189.71 -83 0.32
6 20.28 -184.83 -83 0.32
6 127.83 -90.76 -83 0.32
6 109.96 -83.59 -83 0.32
6 -42.76 50.85 -83 0.32
6 -99.95 -28.26 -83 0.32
6 120.03 -83.59 -83 0.32
6 2.08 -41.93 -83 0.32
6 -17.09 -200.46 -85 0.32
6 49.2 -183.53 -89 0.32
6 31.65 -171.16 -89 0.32
6 -92.15 -134.05 -91 0.32
6 -6.04 -33.14 -91 0.32
6 60.57 26.43 -91 0.32
6 -99.62 -30.21 -93 0.32
6 -100.92 -145.5 -93 0.32
6 -82.73 -174.09 -93 0.32
6 -46.01 -171.49 -93 0.32
6 9.88 -188.09 -93 0.32
6 7.28 -199.81 -93 0.32
6 21.25 -183.53 -93 0.32
6 106.06 -84.57 -93 0.32
6 155.78 -0.26 -93 0.32
6 155.6 8.53 -93 0.32
6 153.18 16.67 -93 0.32
6 -12.22 -125.59 -95 0.32
6 31.65 -149.68 -95 0.32
6 -17.09 -200.78 -95 0.32
6 -69.27 -163.22 -98 0.32
6 -89.74 -139.78 -98 0.32
6 -0.71 -71.42 -94 0.32
6 -7.85 -62.3 -94 0.32
6 36.01 -174.61 -97 0.32
6 51.28 -180.47 -97 0.32
6 43.49 -186.65 -97 0.32
6 78.58 22.98 -97 0.32
6 -96.89 -143.68 -101 0.32
6 -100.46 -137.17 -101 0.32
6 -95.59 -130.99 -101 0.32
6 -83.89 -133.59 -101 0.32
6 -74.79 -121.22 -101 0.32
6 -78.69 -193.49 -101 0.32
6 7.09 -202.93 -101 0.32
6 149.41 -41.15 -101 0.32
6 159.16 -20.31 -101 0.32
6 158.19 0.52 -101 0.32
6 -13.05 -126.76 -104 0.32
6 -29.95 -47.98 -104 0.32
6 33.41 -153.5 -104 0.32
6 57.46 -179.82 -104 0.32
6 -3.96 -203.25 -104 0.32
6 29.51 -199.02 -104 0.32
6 106.2 -85.74 -104 0.32
6 -66.02 -163.54 -106 0.32
6 78.25 22.98 -106 0.32
6 159.16 13.87 -106 0.32
6 46.08 -192.51 -106 0.32
6 53.56 -171.35 -106 0.32
6 60.71 -145.31 -106 0.32
6 -64.07 6.38 -111 0.32
6 -80.64 5.4 -111 0.32
6 56.16 -111.46 -111 0.32
6 -92.99 -137.5 -111 0.32
6 -50.42 -190.88 -112 0.32
6 158.19 -24.54 -113 0.32
6 -24.1 -45.38 -112 0.32
6 30.81 -203.91 -112 0.32
6 50.63 -177.54 -112 0.32
6 -81.29 4.75 -119 0.32
6 -58.54 8.01 -119 0.32
6 -94.94 -130.66 -119 0.32
6 -89.74 -136.85 -119 0.32
6 47.71 -125.78 -119 0.32
6 49.33 -187.3 -119 0.32
6 28.86 -203.25 -121 0.32
6 -30.27 -212.04 -121 0.32
6 -27.35 -181.77 -121 0.32
6 -30.6 -47.33 -121 0.32
6 -34.5 -28.78 -121 0.32
6 -48.15 48.05 -121 0.32
6 67.21 -2.08 -121 0.32
6 -32.22 -213.67 -129 0.32
6 -29.3 -181.44 -129 0.32
6 -93.64 -126.76 -129 0.32
6 44.14 -123.18 -129 0.32
6 59.08 -108.85 -129 0.32
6 65.58 -0.6 -129 0.32
6 5.47 4.75 -129 0.32
6 40.56 62.37 -129 0.32
6 -48.8 48.7 -129 0.32
6 157.21 27.21 -129 0.32
6 -58.54 -65.88 -133 0.32
6 7.74 21.68 -133 0.32
6 68.18 42.51 -133 0.32
6 57.78 68.23 -133 0.32
6 153.64 52.6 -133 0.32
6 21.39 -141.41 -133 0.32
6 71.1 -142.38 -137 0.32
6 58.2 -107.55 -137 0.32
6 43.81 -95.83 -137 0.32
6 38.29 -93.55 -137 0.32
6 8.07 -115.69 -137 0.32
6 -92.34 -134.9 -137 0.32
6 4.82 10.29 -137 0.32
6 63.31 -147.92 -141 0.32
6 20.09 -140.43 -141 0.32
6 -6.88 -176.56 -141 0.32
6 -30.6 -149.22 -141 0.32
6 -33.85 -205.21 -141 0.32
6 -27.35 -212.69 -141 0.32
6 -70.89 -62.63 -141 0.32
6 -65.04 -62.63 -141 0.32
6 -36.45 -29.43 -141 0.32
6 -38.07 36.65 -141 0.32
6 53.88 70.83 -141 0.32
6 16.84 75.39 -141 0.32
6 68.18 37.63 -141 0.32
6 -1.68 -172.98 -149 0.32
6 -29.63 -151.17 -149 0.32
6 -11.43 -141.08 -149 0.32
6 -5.25 -117.97 -149 0.32
6 76.95 -150.52 -149 0.32
6 -37.75 35.68 -149 0.32
6 11.97 15.5 -149 0.32
6 101.65 14.52 -149 0.32
6 32.76 -92.58 -149 0.32
6 -62.44 -12.82 -149 0.32
6 -97.54 -186.65 -155 0.32
6 48.36 -69.79 -65 0.32
