11   261.25   -55.99    -7.00     0.65
11   286.59   -72.92    -7.00     0.65
11   281.39  -102.21    -7.00     0.65
11   270.35  -118.49    -7.00     0.65
11   215.76  -158.20    -7.00     0.65
11   204.06  -171.88    -7.00     0.65
11   210.56  -203.13    -7.00     0.65
11   235.90  -212.24    -7.00     0.65
11   239.80  -225.26    -7.00     0.65
11   247.60  -226.56    -7.00     0.65
11   260.60  -224.61    -7.00     0.65
11   257.35  -207.68    -7.00     0.65
11   243.05  -204.43    -7.00     0.65
11   187.03   -95.72   -13.00     0.32
11   197.10   -92.14   -13.00     0.32
11   177.60   -79.45   -13.00     0.32
11   203.92   -52.10   -13.00     0.32
11   210.10   -58.29   -13.00     0.32
11   221.79   -66.43   -13.00     0.32
11   221.14   -76.52   -13.00     0.32
11   234.14   -77.17   -13.00     0.32
11   230.89   -68.70   -13.00     0.32
11   240.31   -72.29   -13.00     0.32
11   201.65   -99.95   -15.00     0.32
11   206.85  -100.61   -16.00     0.32
11   216.59   -95.07   -16.00     0.32
11   225.37   -97.03   -16.00     0.32
11   160.71  -112.00   -15.00     0.32
11   167.53  -116.56   -16.00     0.32
11   166.88   -84.66   -16.00     0.32
11   174.35   -91.17   -16.00     0.32
11   242.59  -108.74   -15.00     0.32
11   253.96   -98.98   -15.00     0.32
11   222.44  -113.63   -15.00     0.32
11   229.59  -105.16   -16.00     0.32
11   221.47  -105.81   -16.00     0.32
11   232.84   -89.21   -16.00     0.32
11   214.32   -85.31   -16.00     0.32
11   243.24   -82.38   -16.00     0.32
11   232.52   -57.96   -16.00     0.32
11   247.14   -58.94   -15.00     0.32
11   247.14   -64.80   -15.00     0.32
11   248.76   -72.61   -15.00     0.32
11   250.06   -45.92   -16.00     0.32
11   256.24   -39.41   -16.00     0.32
11   280.93   -59.59   -16.00     0.32
11   285.16   -82.38   -15.00     0.32
11   291.00   -82.05   -15.00     0.32
11   287.43   -94.75   -16.00     0.32
11   279.63  -149.43   -15.00     0.32
11   291.33  -156.60   -15.00     0.32
11   280.61  -163.43   -15.00     0.32
11   289.38  -160.83   -16.00     0.32
11   266.63  -242.53   -15.00     0.32
11   279.96  -242.21   -15.00     0.32
11   274.76  -238.30   -16.00     0.32
11   268.91  -251.97   -16.00     0.32
11   277.03  -251.32   -16.00     0.32
11   273.13  -259.79   -16.00     0.32
11   265.98  -263.37   -16.00     0.32
11   204.25  -266.62   -17.00     0.32
11   207.17  -263.37   -17.00     0.32
11   197.42  -237.00   -16.00     0.32
11   201.65  -231.47   -16.00     0.32
11   206.20  -238.63   -16.00     0.32
11   212.05  -238.30   -16.00     0.32
11   222.44  -238.95   -16.00     0.32
11   212.70  -231.47   -15.00     0.32
11   212.70  -226.58   -15.00     0.32
11   226.02  -228.86   -16.00     0.32
11   209.45  -221.70   -16.00     0.32
11   183.45  -219.75   -15.00     0.32
11   199.37  -207.05   -16.00     0.32
11   191.25  -198.91   -16.00     0.32
11   184.10  -197.29   -16.00     0.32
11   191.57  -175.48   -16.00     0.32
11   185.73  -168.31   -16.00     0.32
11   225.04  -165.06   -15.00     0.32
11   218.22  -168.31   -16.00     0.32
11   222.77  -177.43   -15.00     0.32
11   230.89  -180.68   -16.00     0.32
11   234.14  -172.87   -16.00     0.32
11   246.81  -195.33   -16.00     0.32
11   226.34  -205.75   -15.00     0.32
11   272.48  -186.22   -15.00     0.32
11   280.93  -181.99   -16.00     0.32
11   320.90  -182.64   -16.00     0.32
11   295.88  -102.56   -15.00     0.32
11   249.74  -158.22   -15.00     0.32
11   260.79  -107.12   -16.00     0.32
11   188.65  -137.39   -16.00     0.32
11   229.92  -239.93   -15.00     0.32
11   230.57  -231.47   -15.00     0.32
11   242.91  -239.28   -15.00     0.32
11   149.66  -138.04   -22.00     0.32
11   145.11  -131.53   -22.00     0.32
11   185.40   -83.68   -23.00     0.32
11   197.10   -82.05   -23.00     0.32
11   167.53   -74.24   -30.00     0.32
11   157.13   -71.96   -30.00     0.32
11   161.68   -63.82   -30.00     0.32
11   174.68   -61.87   -30.00     0.32
11   150.96   -65.12   -30.00     0.32
11   164.61   -57.64   -30.00     0.32
11   161.36   -39.08   -30.00     0.32
11   199.37   -48.52   -30.00     0.32
11   200.35   -59.92   -30.00     0.32
11   209.45   -52.43   -30.00     0.32
11   214.00   -58.94   -30.00     0.32
11   153.56   -79.12   -30.00     0.32
11   226.99   -49.82   -31.00     0.32
11   231.87   -36.80   -31.00     0.32
11   234.14   -29.97   -31.00     0.32
11   272.16   -35.83   -31.00     0.32
11   316.67   -83.35   -31.00     0.32
11   319.92   -91.49   -31.00     0.32
11   331.30  -119.49   -31.00     0.32
11   326.75  -116.23   -31.00     0.32
11   323.82  -143.90   -31.00     0.32
11   259.16  -137.72   -30.00     0.32
11   255.91  -128.93   -30.00     0.32
11   263.39  -128.60   -30.00     0.32
11   273.13  -123.72   -30.00     0.32
11   292.95  -136.74   -30.00     0.32
11   254.29  -124.04   -31.00     0.32
11   258.51  -118.51   -31.00     0.32
11   265.66  -110.70   -31.00     0.32
11   249.09  -111.35   -31.00     0.32
11   244.54  -100.61   -31.00     0.32
11   211.40  -112.65   -31.00     0.32
11   202.62  -114.28   -31.00     0.32
11   258.51  -198.91   -31.00     0.32
11   252.01  -204.77   -31.00     0.32
11   238.04  -196.63   -31.00     0.32
11   245.51  -190.78   -31.00     0.32
11   270.86  -205.10   -30.00     0.32
11   275.08  -198.59   -30.00     0.32
11   282.88  -203.80   -30.00     0.32
11   279.31  -193.38   -30.00     0.32
11   289.71  -195.33   -30.00     0.32
11   303.03  -223.33   -29.00     0.32
11   312.78  -216.49   -29.00     0.32
11   317.00  -223.65   -29.00     0.32
11   285.48  -254.90   -31.00     0.32
11   291.00  -254.90   -31.00     0.32
11   294.90  -244.81   -31.00     0.32
11   310.50  -254.25   -31.00     0.32
11   303.68  -260.44   -31.00     0.32
11   238.69  -277.36   -31.00     0.32
11   231.87  -268.25   -31.00     0.32
11   248.44  -271.18   -31.00     0.32
11   254.61  -265.32   -31.00     0.32
11   223.42  -274.11   -31.00     0.32
11   230.89  -279.97   -31.00     0.32
11   227.64  -289.08   -31.00     0.32
11   218.54  -289.41   -31.00     0.32
11   189.95  -282.57   -31.00     0.32
11   181.50  -272.81   -31.00     0.32
11   184.43  -263.04   -31.00     0.32
11   200.02  -264.34   -31.00     0.32
11   201.65  -255.55   -30.00     0.32
11   209.12  -250.35   -30.00     0.32
11   184.43  -211.61   -30.00     0.32
11   155.18  -174.50   -31.00     0.32
11   148.03  -165.38   -31.00     0.32
11   154.86  -152.36   -31.00     0.32
11   164.93  -161.48   -31.00     0.32
11   165.90  -147.81   -31.00     0.32
11   199.37  -150.09   -30.00     0.32
11   203.92  -156.27   -30.00     0.32
11   213.67  -158.22   -30.00     0.32
11   246.49  -184.26   -31.00     0.32
11   237.72  -224.30   -31.00     0.32
11   214.97   -42.99   -31.00     0.32
11   185.40   -53.73   -31.00     0.32
11   169.15   -47.87   -31.00     0.32
11   305.30  -119.81   -30.00     0.32
11   306.28  -126.97   -30.00     0.32
11   310.83  -117.21   -30.00     0.32
11   313.43  -105.49   -30.00     0.32
11   319.27  -111.35   -30.00     0.32
11   240.31   -85.96   -34.00     0.32
11   230.24   -77.82   -34.00     0.32
11   158.11  -126.97   -34.00     0.32
11   162.33  -129.25   -34.00     0.32
11   217.24  -229.19   -35.00     0.32
11   226.02  -237.32   -35.00     0.32
11   199.70  -227.88   -35.00     0.32
11   199.05  -242.21   -35.00     0.32
11   172.08  -227.23   -35.00     0.32
11   124.64   -85.96   -38.00     0.32
11   132.44   -84.33   -38.00     0.32
11   132.11   -99.63   -38.00     0.32
11   139.91  -125.02   -38.00     0.32
11   249.74   -88.89   -34.00     0.32
11   249.09   -82.38   -34.00     0.32
11   256.24   -84.33   -34.00     0.32
11   253.96   -72.29   -34.00     0.32
11   266.63   -65.78   -34.00     0.32
11   259.81   -58.29   -34.00     0.32
11   248.76   -55.36   -34.00     0.32
11   313.43  -171.90   -33.00     0.32
11   321.55  -184.26   -33.00     0.32
11   279.96  -179.06   -33.00     0.32
11   288.08  -175.80   -33.00     0.32
11   317.65  -197.94   -33.00     0.32
11   317.65  -205.10   -33.00     0.32
11   297.50  -213.24   -35.00     0.32
11   263.06  -240.91   -39.00     0.32
11   267.28  -247.09   -39.00     0.32
11   250.39  -240.25   -39.00     0.32
11   232.19  -147.81   -39.00     0.32
11   239.99  -147.16   -39.00     0.32
11   248.76  -149.76   -39.00     0.32
11   196.77  -181.99   -39.00     0.32
11   220.49  -173.20   -39.00     0.32
11   310.83   -94.75   -39.00     0.32
11   282.23   -35.83   -39.00     0.32
11   280.61   -25.41   -39.00     0.32
11   260.46   -33.22   -39.00     0.32
11   249.74   -35.50   -39.00     0.32
11   247.79   -41.36   -39.00     0.32
11   302.70   -51.13   -39.00     0.32
11   210.42   -93.77   -37.00     0.32
11   234.14   -98.65   -37.00     0.32
11   155.18  -209.00   -41.00     0.32
11   147.71  -151.39   -41.00     0.32
11   151.61  -143.90   -41.00     0.32
11   141.86  -140.65   -41.00     0.32
11   117.49  -101.26   -41.00     0.32
11   124.64  -105.81   -41.00     0.32
11   179.55  -255.23   -41.00     0.32
11   162.98  -244.49   -41.00     0.32
11   179.55  -235.37   -41.00     0.32
11   195.15  -220.40   -41.00     0.32
11   259.49  -261.74   -44.00     0.32
11   266.63  -259.79   -44.00     0.32
11   274.76  -254.90   -44.00     0.32
11   281.91  -279.64   -44.00     0.32
11   276.38  -287.45   -44.00     0.32
11   269.56  -282.57   -44.00     0.32
11   261.11  -287.78   -44.00     0.32
11   241.94  -287.13   -44.00     0.32
11   236.74  -298.85   -44.00     0.32
11   283.21  -273.46   -44.00     0.32
11   293.93  -265.97   -44.00     0.32
11   308.88  -270.85   -44.00     0.32
11   321.87  -240.91   -45.00     0.32
11   326.42  -232.44   -45.00     0.32
11   332.27  -223.65   -45.00     0.32
11   315.05  -189.15   -46.00     0.32
11   309.20  -181.34   -46.00     0.32
11   303.03  -172.87   -46.00     0.32
11   298.48  -167.01   -46.00     0.32
11   296.53  -154.32   -46.00     0.32
11   312.13  -150.74   -46.00     0.32
11   306.60  -140.65   -46.00     0.32
11   264.36  -115.58   -49.00     0.32
11   252.99  -105.81   -49.00     0.32
11   216.59  -120.46   -49.00     0.32
11   220.17  -108.74   -49.00     0.32
11   183.13   -62.52   -53.00     0.32
11   183.45   -53.73   -53.00     0.32
11   175.65   -47.55   -53.00     0.32
11   201.00   -76.19   -51.00     0.32
11   203.92   -68.05   -51.00     0.32
11   210.75   -57.96   -51.00     0.32
11   206.20   -86.28   -52.00     0.32
11   181.83   -89.86   -52.00     0.32
11   232.19   -75.54   -52.00     0.32
11   201.32  -109.07   -52.00     0.32
11   204.25  -115.91   -52.00     0.32
11   168.50  -149.11   -55.00     0.32
11   160.38  -142.92   -55.00     0.32
11   175.65  -151.71   -55.00     0.32
11   165.25  -225.61   -55.00     0.32
11   155.83  -237.00   -55.00     0.32
11   172.08  -227.88   -55.00     0.32
11   176.30  -240.25   -55.00     0.32
11   168.50  -258.81   -55.00     0.32
11   168.18  -268.25   -55.00     0.32
11   175.33  -268.90   -55.00     0.32
11   172.08  -281.60   -55.00     0.32
11   180.85  -276.06   -55.00     0.32
11   196.12  -267.27   -55.00     0.32
11   204.57  -261.09   -55.00     0.32
11   223.09  -279.64   -55.00     0.32
11   254.94  -218.77   -51.00     0.32
11   253.64  -207.70   -51.00     0.32
11   245.84  -204.45   -51.00     0.32
11   245.19  -190.78   -51.00     0.32
11   247.46  -180.36   -51.00     0.32
11   265.01  -194.68   -51.00     0.32
11   253.96   -88.56   -51.00     0.32
11   264.69   -78.80   -51.00     0.32
11   272.48   -85.63   -51.00     0.32
11   267.28   -94.10   -51.00     0.32
11   236.42   -54.06   -51.00     0.32
11   231.87   -34.53   -51.00     0.32
11   208.80   -38.43   -51.00     0.32
11   313.10  -251.32  -130.00     0.32
11   331.30  -228.86  -130.00     0.32
11   264.36  -249.37  -130.00     0.32
11   199.05  -132.83  -130.00     0.32
11   340.07  -144.23  -132.00     0.32
11   340.72  -153.67  -132.00     0.32
11   333.25  -160.50  -132.00     0.32
11   338.77  -171.24  -132.00     0.32
11   353.39  -143.57  -132.00     0.32
11   249.41  -278.34  -127.00     0.32
11   171.10  -152.04  -116.00     0.32
11   153.56  -103.86  -116.00     0.32
11   160.06   -97.68  -116.00     0.32
11   171.43   -55.36  -116.00     0.32
11   156.16   -45.27  -116.00     0.32
11   211.40  -275.09  -100.00     0.32
11   201.65  -270.85  -100.00     0.32
11   216.27  -267.92  -100.00     0.32
11   228.29  -277.36  -100.00     0.32
11   229.92  -282.57  -100.00     0.32
11   219.19  -288.11  -100.00     0.32
11   194.50  -221.70   -98.00     0.32
11   199.05  -202.49   -98.00     0.32
11   211.72  -234.07   -98.00     0.32
11   227.64  -241.23   -98.00     0.32
11   233.49  -229.19   -98.00     0.32
11   242.59  -223.98   -98.00     0.32
11   320.57  -260.44   -98.00     0.32
11   317.65  -247.09   -98.00     0.32
11   317.00  -233.09   -98.00     0.32
11   301.40  -255.23   -98.00     0.32
11   333.25  -267.60   -98.00     0.32
11   338.45  -254.90   -98.00     0.32
11   343.64  -245.46   -98.00     0.32
11   277.03  -275.09   -98.00     0.32
11   294.58  -267.92   -98.00     0.32
11   267.93  -299.17   -98.00     0.32
11   252.01  -300.48   -98.00     0.32
11   158.43  -117.21   -98.00     0.32
11   147.71  -114.28   -98.00     0.32
11   169.48  -104.51   -98.00     0.32
11   147.06   -84.98   -98.00     0.32
11   150.96   -54.71   -98.00     0.32
11   159.08   -40.71   -98.00     0.32
11   165.58   -45.59   -98.00     0.32
11   217.89   -33.55   -98.00     0.32
11   238.69   -42.99   -98.00     0.32
11   256.89   -27.36   -98.00     0.32
11   240.31   -23.46   -98.00     0.32
11   262.41   -26.71   -98.00     0.32
11   269.56   -34.85   -98.00     0.32
11   331.95  -150.74   -98.00     0.32
11   327.72  -158.22   -98.00     0.32
11   319.92  -168.97   -98.00     0.32
11   308.23  -180.68   -98.00     0.32
11   296.85  -164.73   -98.00     0.32
11   140.88  -147.48   -95.00     0.32
11   145.43  -152.04   -95.00     0.32
11   133.41  -105.16   -95.00     0.32
11   151.61  -101.26   -95.00     0.32
11   188.98   -56.34   -95.00     0.32
11   200.35  -303.08   -95.00     0.32
11   172.08  -250.35   -91.00     0.32
11   147.06  -237.32   -91.00     0.32
11   221.47  -181.34  -102.00     0.32
11   234.79  -180.68  -102.00     0.32
11   231.54  -163.11  -102.00     0.32
11   228.29  -153.34  -102.00     0.32
11   261.76  -117.53  -102.00     0.32
11   225.04   -72.61  -102.00     0.32
11   224.39   -60.89  -102.00     0.32
11   248.76  -282.57  -104.00     0.32
11   251.04  -251.97  -104.00     0.32
11   338.77  -228.54  -104.00     0.32
11   319.27  -215.19  -104.00     0.32
11   338.45  -164.73  -104.00     0.32
11   348.19  -147.16  -104.00     0.32
11   274.11  -201.84   -92.00     0.32
11   281.58  -190.45   -92.00     0.32
11   273.13  -261.74   -92.00     0.32
11   267.28  -242.53   -92.00     0.32
11   241.29  -270.85   -92.00     0.32
11   233.17  -260.11   -92.00     0.32
11   207.82  -261.74   -92.00     0.32
11   184.10  -281.60   -92.00     0.32
11   206.20  -291.69   -92.00     0.32
11   220.17  -300.15   -92.00     0.32
11   239.67  -301.13   -92.00     0.32
11   182.80  -143.25   -86.00     0.32
11   181.18  -108.42   -86.00     0.32
11   155.51   -84.66   -86.00     0.32
11   181.18   -74.56   -86.00     0.32
11   187.35   -57.64   -86.00     0.32
11   233.49  -110.70   -80.00     0.32
11   232.52   -97.03   -80.00     0.32
11   255.26   -98.00   -80.00     0.32
11   261.44   -78.80   -80.00     0.32
11   239.34   -38.76   -80.00     0.32
11   219.19   -43.64   -80.00     0.32
11   201.65   -33.55   -80.00     0.32
11   190.92   -41.04   -80.00     0.32
11   189.30   -32.57   -80.00     0.32
11   166.55   -37.13   -80.00     0.32
11   153.23   -47.22   -80.00     0.32
11   231.54   -30.94   -80.00     0.32
11   219.52   -24.43   -80.00     0.32
11   229.92   -15.64   -80.00     0.32
11   256.56   -21.83   -80.00     0.32
11   251.36   -38.76   -80.00     0.32
11   266.63   -37.78   -80.00     0.32
11   270.86   -24.76   -80.00     0.32
11   277.36   -21.83   -80.00     0.32
11   288.08   -35.50   -80.00     0.32
11   302.38   -72.29   -80.00     0.32
11   309.53   -64.47   -80.00     0.32
11   244.54  -184.92   -80.00     0.32
11   239.99  -176.78   -80.00     0.32
11   250.39  -167.66   -80.00     0.32
11   259.49  -152.36   -80.00     0.32
11   275.41  -152.36   -80.00     0.32
11   278.33  -160.83   -80.00     0.32
11   273.46  -166.69   -80.00     0.32
11   299.13  -167.99   -80.00     0.32
11   275.73  -191.43   -80.00     0.32
11   247.14  -216.17   -80.00     0.32
11   261.11  -202.17   -80.00     0.32
11   240.96  -235.05   -80.00     0.32
11   216.92  -230.16   -80.00     0.32
11   188.00  -225.93   -80.00     0.32
11   192.87  -205.10   -80.00     0.32
11   208.47  -210.63   -80.00     0.32
11   213.35  -203.80   -80.00     0.32
11   214.65  -197.94   -80.00     0.32
11   218.87  -188.17   -80.00     0.32
11   189.95  -197.61   -80.00     0.32
11   180.20  -193.05   -80.00     0.32
11   217.89  -277.69   -80.00     0.32
11   227.97  -282.25   -80.00     0.32
11   196.12  -264.99   -80.00     0.32
11   182.48  -265.65   -80.00     0.32
11   296.85  -270.85   -76.00     0.32
11   264.69  -284.53   -76.00     0.32
11   254.94  -299.17   -76.00     0.32
11   198.40  -306.34   -76.00     0.32
11   181.18  -306.99   -76.00     0.32
11   171.10  -291.04   -76.00     0.32
11   176.95  -276.39   -76.00     0.32
11   149.33  -216.49   -76.00     0.32
11   141.21  -205.75   -76.00     0.32
11   129.51  -189.80   -76.00     0.32
11   133.09  -186.22   -76.00     0.32
11   167.85   -92.47   -74.00     0.32
11   135.36   -83.68   -74.00     0.32
11   136.34   -66.43   -74.00     0.32
11   146.08   -56.01   -74.00     0.32
11   333.57  -192.40   -72.00     0.32
11   346.24  -221.37   -72.00     0.32
11   328.05  -231.47   -72.00     0.32
11   325.77  -251.65   -72.00     0.32
11   343.97  -242.53   -72.00     0.32
11   313.10  -179.06   -69.00     0.32
11   303.35  -183.61   -69.00     0.32
11   333.57  -156.27   -69.00     0.32
11   340.72  -144.55   -69.00     0.32
11   344.94  -153.34   -69.00     0.32
11   321.87   -75.22   -57.00     0.32
11   310.18   -46.57   -57.00     0.32
11   287.11   -17.92   -57.00     0.32
11   279.31   -36.48   -57.00     0.32
11   259.16   -36.80   -57.00     0.32
11   313.43  -131.86   -57.00     0.32
11   297.18  -130.23   -57.00     0.32
11   287.43  -135.11   -57.00     0.32
11   318.62  -121.11   -57.00     0.32
11   267.61  -224.95   -54.00     0.32
11   231.87  -240.25   -54.00     0.32
11   227.97  -227.88   -54.00     0.32
11   214.00  -239.28   -54.00     0.32
11   225.69  -247.74   -54.00     0.32
11   206.20  -254.58   -54.00     0.32
11   195.80  -242.86   -54.00     0.32
11   269.56  -142.60   -47.00     0.32
11   223.42  -219.42   -23.00     0.32
11   225.69  -217.14   -23.00     0.32
11   222.77  -195.33   -23.00     0.32
11   231.54  -195.66   -23.00     0.32
11   301.08  -199.56   -19.00     0.32
11   306.28  -194.68   -19.00     0.32
11   322.85  -132.83   -22.00     0.32
11   277.36  -110.70   -20.00     0.32
11   285.16  -113.95   -20.00     0.32
11   183.13  -112.00   -20.00     0.32
11   255.59  -179.38    -4.00     0.32
11   243.56  -162.78    -8.00     0.32
11   175.65  -161.15   -22.00     0.32
11   185.73  -151.39   -22.00     0.32
11   198.07  -189.80   -22.00     0.32
11   277.68  -263.37   -22.00     0.32
11   211.07  -256.86   -22.00     0.32
11   150.63  -128.93   -26.00     0.32
11   257.21   -95.07   -37.00     0.32
11   341.04  -181.99   -47.00     0.32
11   338.12  -186.22   -47.00     0.32
11   326.42  -174.17   -47.00     0.32
11   171.75  -129.25   -29.00     0.32
11   167.85  -123.72   -29.00     0.32
11   290.68   -63.50   -26.00     0.32
11   194.17  -119.81   -35.00     0.32
11   207.50  -126.97   -35.00     0.32
11   133.41  -121.11   -41.00     0.32
11   123.34   -77.49   -41.00     0.32
11   135.69   -75.54   -41.00     0.32
11   308.55  -158.55   -41.00     0.32
11   307.25  -238.95   -41.00     0.32
11   205.55  -278.67   -41.00     0.32
11   359.57  -184.92   -79.00     0.32
11   354.69  -194.68   -79.00     0.32
11   347.54  -205.42   -80.00     0.32
11   340.39  -198.91   -80.00     0.32
11   345.27  -106.47   -80.00     0.32
11   272.81   -16.62   -74.00     0.32
11   289.71   -29.97   -74.00     0.32
11   294.25   -22.81   -74.00     0.32
11   196.77   -27.69   -78.00     0.32
11   154.86   -29.32   -78.00     0.32
11   165.90   -31.60   -78.00     0.32
11   117.16   -73.59   -78.00     0.32
11   119.76  -115.58   -78.00     0.32
11   123.66  -115.91   -78.00     0.32
11   122.69  -122.42   -78.00     0.32
11   124.64  -177.75   -78.00     0.32
11   140.56  -176.78   -78.00     0.32
11   144.78  -187.52   -78.00     0.32
11   154.21  -188.50   -78.00     0.32
11   149.01  -175.15   -78.00     0.32
11   149.66  -220.07   -75.00     0.32
11   154.53  -227.23   -75.00     0.32
11   158.76  -224.30   -75.00     0.32
11   184.43  -242.86   -75.00     0.32
11   187.03  -252.30   -75.00     0.32
11   210.42  -306.34   -75.00     0.32
11   231.87  -306.66   -75.00     0.32
11   239.99  -306.34   -75.00     0.32
11   244.86  -293.97   -75.00     0.32
11   252.99  -292.01   -75.00     0.32
11   303.03  -286.48   -75.00     0.32
11   316.02  -276.39   -75.00     0.32
11   324.47  -268.90   -75.00     0.32
11   332.92  -241.23   -75.00     0.32
11   326.75  -250.35   -75.00     0.32
11   334.55  -248.07   -75.00     0.32
11   338.45  -215.51   -75.00     0.32
11   325.77  -191.75   -77.00     0.32
11   280.93  -296.57   -69.00     0.32
11   258.19  -275.74   -69.00     0.32
11   248.76  -304.38   -69.00     0.32
11   220.49  -306.99   -69.00     0.32
11   174.03  -294.94   -69.00     0.32
11   164.93  -284.85   -69.00     0.32
11   165.25  -276.71   -69.00     0.32
11   140.23  -213.24   -69.00     0.32
11   173.05  -237.32   -69.00     0.32
11   168.83  -234.40   -69.00     0.32
11   122.36  -141.95   -69.00     0.32
11   126.91  -143.90   -69.00     0.32
11   338.45   -83.68   -72.00     0.32
11   330.32   -87.59   -72.00     0.32
11   325.77   -80.42   -72.00     0.32
11   311.48   -76.84   -72.00     0.32
11   303.35  -292.01   -72.00     0.32
11   286.13  -291.04   -72.00     0.32
11   207.50  -139.99   -63.00     0.32
11   194.17   -67.73   -62.00     0.32
11   214.00   -21.18   -62.00     0.32
11   219.19   -13.37   -62.00     0.32
11   346.57  -175.48   -56.00     0.32
11   346.24  -187.52   -56.00     0.32
11   245.51   -74.89   -39.00     0.32
11   166.55  -103.21   -39.00     0.32
11   245.84  -136.74   -39.00     0.32
11   241.61  -159.53   -39.00     0.32
11   167.53  -137.06   -39.00     0.32
11   295.23  -109.72   -39.00     0.32
11   324.15  -212.59   -38.00     0.32
11   303.03  -212.26   -38.00     0.32
11   293.28  -201.84   -38.00     0.32
11   301.40  -196.96   -38.00     0.32
11   304.98  -204.77   -38.00     0.32
11   247.46  -256.86   -38.00     0.32
11   179.55  -224.63   -38.00     0.32
11   233.82  -133.16   -39.00     0.32
11   229.92  -127.30   -39.00     0.32
11   230.24  -114.93   -39.00     0.32
11   227.64  -101.26   -39.00     0.32
11   219.84   -94.42   -39.00     0.32
11   241.61   -70.01   -39.00     0.32
11   236.42   -42.99   -39.00     0.32
11   282.88  -157.25   -39.00     0.32
11   269.23  -163.11   -39.00     0.32
11   262.41  -149.43   -39.00     0.32
11   259.49  -176.45   -39.00     0.32
11   278.33  -130.88   -17.00     0.32
11   281.58  -123.39   -17.00     0.32
11   293.60   -94.75   -17.00     0.32
11   309.20   -91.17   -17.00     0.32
11   301.08  -147.48   -28.00     0.32
11   311.80  -143.25   -28.00     0.32
11   311.80  -132.83   -28.00     0.32
11   175.98  -141.30   -30.00     0.32
11   178.25   -75.87   -30.00     0.32
11   204.90   -86.93   -30.00     0.32
11   201.32   -72.29   -30.00     0.32
11   204.57   -63.17   -30.00     0.32
11   212.37  -172.55   -30.00     0.32
11   207.17  -170.59   -30.00     0.32
11   198.40  -170.27   -30.00     0.32
11   175.33  -204.12   -32.00     0.32
11   173.05  -196.31   -32.00     0.32
11   183.45  -203.47   -32.00     0.32
11   168.83   -69.36   -26.00     0.32
11   181.18   -69.36   -26.00     0.32
11   190.60   -73.91   -26.00     0.32
11   190.60   -79.12   -26.00     0.32
11   267.28   -53.41   -37.00     0.32
11   296.20   -92.47   -37.00     0.32
11   233.17  -160.50   -36.00     0.32
11   223.09  -152.69   -36.00     0.32
11   285.48  -148.13   -36.00     0.32
11   286.78  -128.60   -36.00     0.32
11   279.63  -128.28   -36.00     0.32
11   282.23   -97.68   -36.00     0.32
11   277.03   -58.61   -36.00     0.32
11   301.40  -111.35   -36.00     0.32
11   244.21  -207.38   -29.00     0.32
11   239.02  -214.21   -29.00     0.32
11   250.06  -217.14   -29.00     0.32
11   240.31  -265.65   -29.00     0.32
11   191.25  -257.51   -29.00     0.32
11   215.94  -195.01   -20.00     0.32
11   160.71   -92.79   -20.00     0.32
11   207.17   -42.66   -20.00     0.32
11   311.15  -187.52   -20.00     0.32
11   311.15  -178.08   -20.00     0.32
11   300.10  -182.64   -20.00     0.32
11   298.15  -172.87   -20.00     0.32
11   304.98  -163.76   -20.00     0.32
11   310.50  -158.55   -20.00     0.32
11   312.13  -156.27   -20.00     0.32
11   269.88  -174.17   -20.00     0.32
11   288.08  -227.88   -38.00     0.32
11   305.63  -246.11   -39.00     0.32
11   218.22  -249.69   -39.00     0.32
11   205.55  -180.36   -44.00     0.32
11   255.59  -191.75   -47.00     0.32
11   243.24  -251.00   -47.00     0.32
11   234.14  -244.81   -47.00     0.32
11   258.84  -247.42   -47.00     0.32
11   121.06   -96.37   -59.00     0.32
11   130.49   -90.84   -59.00     0.32
11   156.48   -93.44   -59.00     0.32
11   271.18  -106.47   -59.00     0.32
11   278.01  -229.19   -71.00     0.32
11   286.78  -220.72   -71.00     0.32
11   295.55  -217.79   -71.00     0.32
11   280.61  -199.89   -71.00     0.32
11   296.20  -197.94   -71.00     0.32
11   289.38  -163.11   -71.00     0.32
11   234.14  -154.64   -70.00     0.32
11   294.58  -117.86   -81.00     0.32
11   296.53  -110.37   -81.00     0.32
11   301.08   -94.75   -81.00     0.32
11   323.82  -104.84   -81.00     0.32
11   330.97  -117.86   -81.00     0.32
11   317.65  -129.90   -81.00     0.32
11   333.57  -143.57   -81.00     0.32
11   268.58   -51.78   -81.00     0.32
11   278.98   -40.38   -81.00     0.32
11   291.98   -45.59   -81.00     0.32
11   294.58   -36.80   -81.00     0.32
11   305.30   -53.08   -81.00     0.32
11   175.00   -60.57   -81.00     0.32
11   158.11   -67.73   -81.00     0.32
11   147.06   -64.47   -81.00     0.32
11   179.23   -42.66   -81.00     0.32
11   213.35   -86.61   -81.00     0.32
11   255.26   -89.21   -78.00     0.32
11   264.04   -87.91   -78.00     0.32
11   257.54  -224.30   -75.00     0.32
11   237.39  -228.54   -75.00     0.32
11   223.42  -238.63   -75.00     0.32
11   220.17  -252.95   -75.00     0.32
11   236.09  -249.04   -75.00     0.32
11   210.42  -264.34   -75.00     0.32
11   206.52  -271.18   -75.00     0.32
11   216.59  -271.18   -75.00     0.32
11   220.82  -269.88   -75.00     0.32
11   229.59  -263.69   -75.00     0.32
11   270.21  -279.32   -75.00     0.32
11   284.18  -278.01   -75.00     0.32
11   277.36  -270.53   -75.00     0.32
11   290.35  -261.74   -75.00     0.32
11   266.63  -259.46   -75.00     0.32
11   280.93  -251.00   -75.00     0.32
11   280.28  -244.16   -75.00     0.32
11   196.12  -113.95   -77.00     0.32
11   209.12  -105.16   -77.00     0.32
11   227.82  -137.09   -16.00     0.32
11   238.87  -204.15   -16.00     0.32
11   248.94  -206.43   -16.00     0.32
11   245.69  -212.61   -16.00     0.32
11   234.97  -218.80   -16.00     0.32
11   247.32  -223.68   -16.00     0.32
11   270.06  -210.66   -16.00     0.32
11   256.74  -229.86   -16.00     0.32
11   288.91  -246.79   -16.00     0.32
11   284.68  -254.28   -16.00     0.32
11   289.88  -256.88   -16.00     0.32
11   296.71  -254.93   -16.00     0.32
11   301.26  -231.49   -16.00     0.32
11   309.05  -224.00   -16.00     0.32
11   308.08  -126.35   -16.00     0.32
11   320.75  -116.58   -16.00     0.32
11   270.71   -58.97   -16.00     0.32
11   259.34   -70.68   -16.00     0.32
11   285.33   -74.59   -16.00     0.32
11   286.63   -64.82   -16.00     0.32
11   256.41  -188.85   -17.00     0.32
11   264.21  -192.10   -17.00     0.32
11   267.14  -196.99   -17.00     0.32
11   202.47  -179.73   -23.00     0.32
11   217.42  -104.86   -25.00     0.32
11   233.02  -100.63   -25.00     0.32
11   230.09   -90.54   -25.00     0.32
11   250.89   -98.35   -25.00     0.32
11   259.66  -104.54   -25.00     0.32
11   278.18   -88.59   -25.00     0.32
11   284.03   -83.70   -25.00     0.32
11   285.98   -95.42   -25.00     0.32
11   254.14   -59.94   -25.00     0.32
11   243.42   -56.36   -25.00     0.32
11   241.79   -64.17   -25.00     0.32
11   228.47   -71.99   -25.00     0.32
11   250.57   -43.67   -25.00     0.32
11   259.66   -42.04   -25.00     0.32
11   265.84   -36.83   -25.00     0.32
11   272.99   -28.37   -25.00     0.32
11   280.78   -45.94   -25.00     0.32
11   213.20  -145.88   -25.00     0.32
11   225.22  -139.37   -25.00     0.32
11   198.90  -202.52   -25.00     0.32
11   204.10  -210.33   -25.00     0.32
11   198.25  -224.98   -25.00     0.32
11   206.05  -230.19   -25.00     0.32
11   220.35  -227.26   -25.00     0.32
11   207.67  -237.35   -25.00     0.32
11   227.82  -231.49   -25.00     0.32
11   226.85  -239.63   -25.00     0.32
11   232.69  -231.82   -25.00     0.32
11   241.79  -231.82   -25.00     0.32
11   238.22  -239.63   -25.00     0.32
11   251.54  -244.51   -25.00     0.32
11   262.59  -259.49   -25.00     0.32
11   268.11  -254.93   -25.00     0.32
11   278.51  -250.05   -25.00     0.32
11   275.59  -244.19   -25.00     0.32
11   284.68  -240.61   -25.00     0.32
11   272.01  -163.46   -25.00     0.32
11   286.63  -162.16   -25.00     0.32
11   289.56  -156.30   -25.00     0.32
11   224.25  -172.25   -25.00     0.32
11   226.85  -179.73   -25.00     0.32
11   229.44  -169.97   -25.00     0.32
11   236.92  -166.71   -25.00     0.32
11   229.44  -161.83   -25.00     0.32
11   223.27  -153.04   -25.00     0.32
11   237.89  -108.44   -25.00     0.32
11   234.64  -116.26   -25.00     0.32
11   213.52   -95.75   -25.00     0.32
11   221.32   -96.40   -25.00     0.32
11   212.87   -84.68   -25.00     0.32
11   219.05   -83.38   -25.00     0.32
11   240.17   -83.05   -25.00     0.32
11   256.09   -74.26   -25.00     0.32
11   292.81  -114.63   -25.00     0.32
11   303.53  -210.33   -25.00     0.32
11   293.46  -211.96   -25.00     0.32
11   194.35  -239.63   -25.00     0.32
11   181.68  -223.35   -25.00     0.32
11   194.03  -216.52   -25.00     0.32
11   167.06  -110.07   -25.00     0.32
11   162.51  -115.28   -25.00     0.32
11   160.23  -106.49   -25.00     0.32
11   151.14   -91.19   -25.00     0.32
11   249.92  -150.76   -26.00     0.32
11   247.32  -140.67   -26.00     0.32
11   163.81   -83.70   -28.00     0.32
11   266.16   -84.03   -31.00     0.32
11   268.44   -94.12   -31.00     0.32
11   263.89   -95.10   -31.00     0.32
11   268.76  -101.93   -31.00     0.32
11   277.53  -110.72   -31.00     0.32
11   147.56  -140.35   -31.00     0.32
11   166.73   -93.47   -31.00     0.32
11   337.32  -147.83   -31.00     0.32
11   303.85  -169.64   -31.00     0.32
11   261.29  -258.18   -34.00     0.32
11   271.69  -242.56   -34.00     0.32
11   279.81  -251.35   -34.00     0.32
11   272.66  -231.49   -34.00     0.32
11   234.64  -246.47   -34.00     0.32
11   239.19  -238.98   -34.00     0.32
11   232.04  -231.17   -34.00     0.32
11   208.32  -225.31   -34.00     0.32
11   201.83  -216.52   -34.00     0.32
11   211.90  -237.03   -34.00     0.32
11   211.57  -206.10   -34.00     0.32
11   327.25  -224.33   -34.00     0.32
11   335.05  -216.19   -34.00     0.32
11   318.48  -229.86   -34.00     0.32
11   320.75  -237.68   -34.00     0.32
11   327.57  -157.60   -34.00     0.32
11   318.80  -152.39   -34.00     0.32
11   303.53  -150.76   -34.00     0.32
11   297.36  -153.69   -34.00     0.32
11   291.83  -170.62   -34.00     0.32
11   296.71  -172.57   -34.00     0.32
11   321.08  -127.32   -34.00     0.32
11   314.58  -124.40   -34.00     0.32
11   332.45  -123.09   -34.00     0.32
11   210.60  -185.27   -34.00     0.32
11   213.52  -270.23   -34.00     0.32
11   208.00  -263.72   -34.00     0.32
11   239.52  -286.83   -34.00     0.32
11   240.17   -56.36   -34.00     0.32
11   309.05  -190.15   -34.00     0.32
11   229.77   -87.61   -34.00     0.32
11   221.00  -209.68   -36.00     0.32
11   227.17  -194.06   -36.00     0.32
11   236.59  -183.31   -36.00     0.32
11   154.06  -219.12   -37.00     0.32
11   150.16  -204.47   -37.00     0.32
11   151.79  -181.69   -37.00     0.32
11   150.81  -126.02   -37.00     0.32
11   141.71  -115.28   -37.00     0.32
11   172.26   -65.80   -39.00     0.32
11   161.86   -60.27   -39.00     0.32
11   160.23   -68.73   -39.00     0.32
11   168.68   -56.36   -39.00     0.32
11   157.31   -48.55   -39.00     0.32
11   200.85   -65.15   -39.00     0.32
11   202.47   -56.04   -39.00     0.32
11   202.47   -46.27   -39.00     0.32
11   210.27   -60.27   -39.00     0.32
11   220.02   -37.16   -39.00     0.32
11   261.29  -205.45   -39.00     0.32
11   273.64  -197.64   -39.00     0.32
11   250.24  -226.61   -39.00     0.32
11   256.41  -233.12   -39.00     0.32
11   261.29  -227.59   -39.00     0.32
11   200.20  -254.28   -39.00     0.32
11   188.50  -273.48   -39.00     0.32
11   147.56   -77.85   -39.00     0.32
11   161.21   -86.96   -39.00     0.32
11   158.28   -81.75   -39.00     0.32
11   171.61   -77.85   -39.00     0.32
11   182.98   -79.80   -39.00     0.32
11   192.40   -78.17   -39.00     0.32
11   198.58   -81.10   -39.00     0.32
11   264.86  -120.49   -39.00     0.32
11   270.71  -123.42   -39.00     0.32
11   285.66  -120.16   -39.00     0.32
11   281.43  -136.76   -39.00     0.32
11   291.83  -141.00   -39.00     0.32
11   299.63  -141.00   -39.00     0.32
11   299.96  -128.30   -39.00     0.32
11   305.15  -127.00   -39.00     0.32
11   316.20  -114.63   -39.00     0.32
11   317.18  -109.75   -39.00     0.32
11   286.31  -190.48   -39.00     0.32
11   205.07  -157.60   -39.00     0.32
11   150.49  -164.43   -41.00     0.32
11   152.76  -153.69   -41.00     0.32
11   163.16  -153.37   -41.00     0.32
11   159.91  -145.55   -41.00     0.32
11   169.66  -146.53   -41.00     0.32
11   174.86  -138.07   -41.00     0.32
11   187.85   -55.06   -41.00     0.32
11   210.60   -39.43   -41.00     0.32
11   221.00   -43.99   -41.00     0.32
11   220.02   -55.38   -41.00     0.32
11   230.09   -49.53   -41.00     0.32
11   222.95   -71.66   -41.00     0.32
11   244.07  -106.17   -41.00     0.32
11   267.46   -95.75   -41.00     0.32
11   269.09  -105.19   -41.00     0.32
11   254.14  -118.21   -41.00     0.32
11   297.68  -118.86   -41.00     0.32
11   245.69  -200.57   -41.00     0.32
11   248.62  -194.06   -41.00     0.32
11   241.79  -186.90   -41.00     0.32
11   240.82  -179.08   -41.00     0.32
11   247.97  -185.27   -41.00     0.32
11   181.35  -272.83   -41.00     0.32
11   188.18  -264.37   -41.00     0.32
11   177.78  -263.39   -41.00     0.32
11   196.63  -266.97   -41.00     0.32
11   206.70  -289.43   -41.00     0.32
11   212.55  -279.99   -41.00     0.32
11   219.05  -290.41   -41.00     0.32
11   226.85  -288.13   -41.00     0.32
11   234.97  -281.62   -41.00     0.32
11   230.09  -270.23   -41.00     0.32
11   221.32  -263.72   -41.00     0.32
11   270.39  -274.46   -41.00     0.32
11   288.58  -258.84   -41.00     0.32
11   293.46  -257.53   -41.00     0.32
11   302.88  -257.53   -41.00     0.32
11   317.50  -259.81   -41.00     0.32
11   324.00   -83.05   -41.00     0.32
11   313.93   -86.96   -41.00     0.32
11   310.35   -58.31   -41.00     0.32
11   333.42  -135.14   -41.00     0.32
11   338.30  -149.13   -41.00     0.32
11   342.20  -160.53   -41.00     0.32
11   337.00  -160.20   -41.00     0.32
11   338.95  -208.05   -41.00     0.32
11   313.28  -218.80   -41.00     0.32
11   221.97   -27.06   -41.00     0.32
11   230.74   -33.90   -41.00     0.32
11   149.84   -57.34   -41.00     0.32
11   168.68   -48.22   -41.00     0.32
11   151.79  -111.37   -41.00     0.32
11   188.83  -187.55   -44.00     0.32
11   179.73  -196.99   -44.00     0.32
11   166.08  -226.93   -44.00     0.32
11   187.85  -229.21   -44.00     0.32
11   189.80  -234.75   -44.00     0.32
11   201.83  -233.77   -44.00     0.32
11   212.55  -241.58   -44.00     0.32
11   208.97  -252.00   -44.00     0.32
11   219.37  -233.77   -44.00     0.32
11   228.47  -225.96   -44.00     0.32
11   229.44  -237.68   -44.00     0.32
11   235.29  -224.66   -44.00     0.32
11   182.33  -281.62   -44.00     0.32
11   221.65  -277.39   -44.00     0.32
11   271.36  -225.63   -44.00     0.32
11   290.86  -171.92   -44.00     0.32
11   292.48  -179.41   -44.00     0.32
11   300.28  -182.99   -44.00     0.32
11   327.57  -137.74   -44.00     0.32
11   315.88  -128.95   -44.00     0.32
11   321.08  -125.37   -44.00     0.32
11   329.85  -128.63   -44.00     0.32
11   320.75  -107.14   -44.00     0.32
11   256.09   -63.20   -44.00     0.32
11   253.16   -59.62   -44.00     0.32
11   275.26   -41.06   -44.00     0.32
11   272.34   -33.57   -44.00     0.32
11   193.05  -121.47   -44.00     0.32
11   180.38  -112.03   -44.00     0.32
11   181.03  -151.41   -44.00     0.32
11   171.28  -157.60   -44.00     0.32
11   173.88  -272.18   -44.00     0.32
11   188.83  -259.16   -44.00     0.32
11   291.83  -215.54   -44.00     0.32
11   284.36  -204.47   -44.00     0.32
11   272.66  -210.33   -44.00     0.32
11   313.28  -169.32   -44.00     0.32
11   324.65  -161.18   -44.00     0.32
11   324.98  -151.09   -44.00     0.32
11   134.56   -96.40   -47.00     0.32
11   138.46   -91.19   -47.00     0.32
11   141.39   -88.59   -47.00     0.32
11   265.19   -64.82   -47.00     0.32
11   265.51   -53.76   -47.00     0.32
11   277.86   -53.11   -47.00     0.32
11   276.56   -62.22   -47.00     0.32
11   247.32   -92.49   -47.00     0.32
11   258.36   -91.84   -47.00     0.32
11   258.36  -102.59   -47.00     0.32
11   158.93  -123.42   -47.00     0.32
11   174.86  -130.58   -47.00     0.32
11   156.33  -132.53   -47.00     0.32
11   176.16  -101.28   -47.00     0.32
11   170.63   -90.54   -47.00     0.32
11   202.80   -91.52   -47.00     0.32
11   215.15   -80.78   -47.00     0.32
11   227.49   -85.01   -47.00     0.32
11   228.47   -90.87   -47.00     0.32
11   242.44   -98.35   -47.00     0.32
11   198.90  -212.61   -47.00     0.32
11   188.83  -205.12   -47.00     0.32
11   220.02  -210.98   -47.00     0.32
11   222.62  -201.87   -47.00     0.32
11   225.87  -192.75   -47.00     0.32
11   195.00  -197.31   -47.00     0.32
11   160.88   -87.94   -49.00     0.32
11   151.46   -86.31   -49.00     0.32
11   155.36   -77.19   -49.00     0.32
11   150.49   -66.45   -49.00     0.32
11   164.46   -61.24   -49.00     0.32
11   159.91   -63.52   -49.00     0.32
11   164.46   -78.17   -49.00     0.32
11   177.78   -78.17   -49.00     0.32
11   176.48   -71.01   -49.00     0.32
11   238.87   -64.82   -49.00     0.32
11   241.47   -59.94   -49.00     0.32
11   245.69   -52.45   -49.00     0.32
11   247.97   -43.67   -49.00     0.32
11   240.17   -32.92   -49.00     0.32
11   252.84   -30.32   -49.00     0.32
11   264.21   -26.74   -49.00     0.32
11   288.91   -31.62   -49.00     0.32
11   193.38  -165.74   -49.00     0.32
11   200.85  -169.32   -49.00     0.32
11   251.87  -231.17   -49.00     0.32
11   262.26  -233.12   -49.00     0.32
11   267.46  -237.03   -49.00     0.32
11   241.79  -233.44   -49.00     0.32
11   301.58  -204.80   -49.00     0.32
11   306.13  -213.91   -49.00     0.32
11   293.13  -206.43   -49.00     0.32
11   280.78  -193.08   -49.00     0.32
11   290.86  -194.06   -49.00     0.32
11   277.86  -141.00   -49.00     0.32
11   284.68  -149.46   -49.00     0.32
11   251.87  -290.41   -49.00     0.32
11   324.98  -248.74   -49.00     0.32
11   311.98  -252.65   -49.00     0.32
11   307.43  -246.47   -49.00     0.32
11   313.60  -241.26   -49.00     0.32
11   314.25  -232.47   -49.00     0.32
11   217.10  -129.60   -49.00     0.32
11   226.20  -131.88   -49.00     0.32
11   302.88  -109.42   -49.00     0.32
11   298.33  -105.51   -49.00     0.32
11   126.12  -139.37   -49.00     0.32
11   130.01   -73.61   -52.00     0.32
11   192.40   -55.71   -52.00     0.32
11   189.48   -41.71   -52.00     0.32
11   216.77   -42.69   -52.00     0.32
11   220.67   -50.83   -52.00     0.32
11   232.04   -48.22   -52.00     0.32
11   226.85   -42.04   -52.00     0.32
11   214.17   -32.60   -52.00     0.32
11   218.72   -22.83   -52.00     0.32
11   264.21   -43.99   -52.00     0.32
11   288.58   -45.29   -52.00     0.32
11   150.49  -152.39   -52.00     0.32
11   151.14  -144.90   -52.00     0.32
11   155.68  -154.34   -52.00     0.32
11   140.41  -144.58   -52.00     0.32
11   139.76  -134.16   -52.00     0.32
11   122.22  -109.42   -52.00     0.32
11   348.05  -155.65   -52.00     0.32
11   334.72  -156.30   -52.00     0.32
11   341.55  -218.80   -52.00     0.32
11   325.30  -254.28   -52.00     0.32
11   319.45  -260.14   -52.00     0.32
11   276.89  -263.39   -52.00     0.32
11   266.81  -273.16   -52.00     0.32
11   257.71  -276.09   -52.00     0.32
11   253.16  -270.55   -52.00     0.32
11   261.29  -296.27   -52.00     0.32
11   232.69  -286.50   -52.00     0.32
11   233.67  -276.09   -52.00     0.32
11   230.74  -266.00   -52.00     0.32
11   209.62  -272.83   -52.00     0.32
11   204.75  -272.83   -52.00     0.32
11   239.19  -157.27   -52.00     0.32
11   227.49  -149.46   -52.00     0.32
11   242.12  -146.20   -52.00     0.32
11   294.11  -115.61   -52.00     0.32
11   296.71  -119.19   -52.00     0.32
11   303.53  -121.47   -52.00     0.32
11   208.97  -102.26   -52.00     0.32
11   203.12  -102.26   -52.00     0.32
11   186.55   -79.47   -52.00     0.32
11   212.87   -67.75   -52.00     0.32
11   167.06  -119.19   -52.00     0.32
11   159.26  -180.71   -52.00     0.32
11   296.06  -253.63   -52.00     0.32
11   301.58  -258.18   -52.00     0.32
11   282.08  -262.09   -52.00     0.32
11   298.98  -179.08   -55.00     0.32
11   300.61  -170.62   -55.00     0.32
11   292.48  -164.11   -55.00     0.32
11   304.18  -156.30   -55.00     0.32
11   308.40  -165.09   -55.00     0.32
11   307.10  -182.01   -55.00     0.32
11   318.15  -172.57   -55.00     0.32
11   319.45  -162.81   -55.00     0.32
11   317.50  -159.55   -55.00     0.32
11   324.98  -157.60   -55.00     0.32
11   313.93  -142.30   -55.00     0.32
11   334.07  -145.23   -55.00     0.32
11   280.78  -280.65   -55.00     0.32
11   212.55  -304.08   -55.00     0.32
11   227.49  -298.22   -55.00     0.32
11   238.54  -300.83   -55.00     0.32
11   196.30  -258.18   -55.00     0.32
11   187.85  -259.16   -55.00     0.32
11   186.23  -248.74   -55.00     0.32
11   178.43  -249.07   -55.00     0.32
11   167.71  -243.54   -55.00     0.32
11   181.35  -228.56   -55.00     0.32
11   191.75  -224.98   -55.00     0.32
11   201.83  -222.70   -55.00     0.32
11   294.11   -35.85   -55.00     0.32
11   295.73   -44.97   -55.00     0.32
11   303.85   -42.69   -55.00     0.32
11   275.59   -22.51   -55.00     0.32
11   235.29  -113.00   -55.00     0.32
11   229.77  -103.24   -55.00     0.32
11   180.05  -141.65   -55.00     0.32
11   171.61  -139.37   -55.00     0.32
11   130.99  -171.92   -55.00     0.32
11   215.80  -281.95   -55.00     0.32
11   221.65  -285.85   -55.00     0.32
11   220.02  -256.56   -55.00     0.32
11   268.44  -219.77   -55.00     0.32
11   268.11  -209.36   -55.00     0.32
11   279.16  -218.80   -55.00     0.32
11   279.48  -207.73   -55.00     0.32
11   274.94  -200.24   -55.00     0.32
11   297.03  -193.73   -55.00     0.32
11   301.91  -195.36   -55.00     0.32
11   324.33  -229.86   -55.00     0.32
11   329.85  -223.03   -55.00     0.32
11   337.65  -211.96   -55.00     0.32
11   330.50  -122.44   -55.00     0.32
11   335.05  -119.51   -55.00     0.32
11   255.76  -174.20   -55.00     0.32
11   202.80  -181.69   -55.00     0.32
11   179.73  -171.27   -55.00     0.32
11   183.63  -158.57   -55.00     0.32
11   194.03  -111.05   -55.00     0.32
11   220.67   -62.22   -55.00     0.32
11   244.07  -279.67   -56.00     0.32
11   259.66  -285.20   -56.00     0.32
11   266.16  -287.81   -56.00     0.32
11   319.45  -188.20   -56.00     0.32
11   326.93  -179.41   -56.00     0.32
11   330.82  -170.62   -56.00     0.32
11   334.40  -174.53   -56.00     0.32
11   343.82  -145.55   -56.00     0.32
11   299.31   -61.90   -56.00     0.32
11   264.86   -52.13   -56.00     0.32
11   150.81  -131.23   -56.00     0.32
11   166.41  -132.21   -56.00     0.32
11   173.56  -129.60   -56.00     0.32
11   135.21   -99.00   -56.00     0.32
11   142.04   -99.00   -56.00     0.32
11   149.84  -100.63   -56.00     0.32
11   163.48  -105.84   -56.00     0.32
11   169.33  -100.96   -56.00     0.32
11   178.75  -100.31   -56.00     0.32
11   195.98   -89.89   -56.00     0.32
11   221.32   -80.78   -56.00     0.32
11   233.34   -87.94   -56.00     0.32
11   234.64   -96.40   -56.00     0.32
11   244.39   -96.73   -56.00     0.32
11   263.24   -59.62   -56.00     0.32
11   272.01   -64.50   -56.00     0.32
11   275.59   -52.78   -56.00     0.32
11   272.01   -43.01   -56.00     0.32
11   283.71   -62.87   -56.00     0.32
11   259.99  -256.88   -56.00     0.32
11   245.37  -248.42   -56.00     0.32
11   207.02  -240.28   -56.00     0.32
11   221.00  -230.51   -56.00     0.32
11   175.18  -260.79   -56.00     0.32
11   255.44  -151.74   -56.00     0.32
11   344.47  -194.71   -56.00     0.32
11   132.29  -130.91   -78.00     0.32
11   168.03   -26.41   -83.00     0.32
11   177.13   -20.23   -83.00     0.32
11   147.56  -115.61   -85.00     0.32
11   159.26  -109.10   -85.00     0.32
11   137.16   -97.05   -85.00     0.32
11   127.41  -103.89   -85.00     0.32
11   152.76  -102.91   -85.00     0.32
11   188.83   -70.03   -85.00     0.32
11   296.71  -249.07   -85.00     0.32
11   292.48  -262.42   -85.00     0.32
11   286.31  -270.23   -85.00     0.32
11   308.73  -279.34   -85.00     0.32
11   318.15  -278.69   -85.00     0.32
11   312.95  -268.28   -85.00     0.32
11   322.70  -267.30   -85.00     0.32
11   318.80  -256.23   -85.00     0.32
11   330.17  -251.35   -85.00     0.32
11   338.62  -243.86   -85.00     0.32
11   331.80  -233.77   -85.00     0.32
11   341.87  -232.14   -85.00     0.32
11   320.75  -240.28   -85.00     0.32
11   190.45   -39.11   -91.00     0.32
11   196.30   -28.37   -91.00     0.32
11   192.08   -18.93   -91.00     0.32
11   175.51   -42.04   -91.00     0.32
11   171.93   -50.18   -91.00     0.32
11   178.10   -46.92   -91.00     0.32
11   227.82  -182.34   -91.00     0.32
11   226.20  -166.71   -91.00     0.32
11   233.34  -173.22   -91.00     0.32
11   209.30  -196.99   -91.00     0.32
11   209.62  -210.98   -91.00     0.32
11   205.40  -218.80   -91.00     0.32
11   199.88  -220.10   -91.00     0.32
11   212.55  -225.31   -91.00     0.32
11   221.97  -223.35   -91.00     0.32
11   230.74  -207.40   -91.00     0.32
11   228.14  -199.92   -91.00     0.32
11   243.42  -211.31   -91.00     0.32
11   251.87  -210.98   -91.00     0.32
11   263.24  -210.33   -91.00     0.32
11   219.37  -269.58   -91.00     0.32
11   221.65  -284.23   -91.00     0.32
11   215.80  -280.32   -91.00     0.32
11   230.42  -297.57   -91.00     0.32
11   230.74  -288.78   -91.00     0.32
11   247.32  -288.78   -91.00     0.32
11   254.14  -292.69   -91.00     0.32
11   198.58  -266.97   -91.00     0.32
11   209.30  -285.53   -91.00     0.32
11   312.63  -112.68   -91.00     0.32
11   324.00  -108.12   -91.00     0.32
11   321.08  -116.26   -91.00     0.32
11   280.46   -69.38   -91.00     0.32
11   277.21   -59.62   -91.00     0.32
11   288.26   -53.43   -91.00     0.32
11   174.21   -30.97   -92.00     0.32
11   156.33   -31.95   -92.00     0.32
11   174.86   -22.83   -93.00     0.32
11   137.16   -69.06   -95.00     0.32
11   142.36   -65.80   -95.00     0.32
11   231.72  -219.77  -109.00     0.32
11   231.39  -235.07  -109.00     0.32
11   239.84  -239.63  -109.00     0.32
11   248.29  -237.03  -109.00     0.32
11   314.25  -252.65  -109.00     0.32
11   320.43  -244.84  -109.00     0.32
11   329.52  -254.60  -109.00     0.32
11   325.95  -241.91  -109.00     0.32
11   322.38  -220.10  -109.00     0.32
11   334.40  -243.21  -109.00     0.32
11   318.48  -260.79  -109.00     0.32
11   307.43  -258.18  -109.00     0.32
11   292.48  -272.18  -109.00     0.32
11   275.91  -264.69  -109.00     0.32
11   220.02   -54.41  -128.00     0.32
11   142.04  -138.72   -86.00     0.32
11   151.14  -147.83   -86.00     0.32
11   129.04  -142.95   -86.00     0.32
11   121.57  -143.60   -86.00     0.32
11   146.59   -57.99   -86.00     0.32
11   162.83   -79.15   -86.00     0.32
11   169.33   -75.57   -86.00     0.32
11   195.98   -48.22   -86.00     0.32
11   214.17   -38.46   -86.00     0.32
11   230.74   -52.78   -86.00     0.32
11   241.47   -29.02   -86.00     0.32
11   256.09   -28.37   -86.00     0.32
11   267.46   -29.02   -86.00     0.32
11   315.88  -162.16   -86.00     0.32
11   303.20  -174.85   -86.00     0.32
11   312.30  -185.92   -86.00     0.32
11   317.18  -183.64   -86.00     0.32
11   305.48  -195.03   -86.00     0.32
11   315.55  -183.64   -86.00     0.32
11   328.22  -172.57   -86.00     0.32
11   327.57  -158.90   -86.00     0.32
11   327.90  -152.72   -86.00     0.32
11   336.02  -156.95   -86.00     0.32
11   124.82  -102.26   -74.00     0.32
11   133.59  -108.77   -74.00     0.32
11   137.49  -106.82   -74.00     0.32
11   139.44   -78.17   -74.00     0.32
11   149.19   -77.19   -74.00     0.32
11   158.28   -75.89   -74.00     0.32
11   193.38   -70.36   -74.00     0.32
11   196.30   -60.27   -74.00     0.32
11   197.60   -48.55   -74.00     0.32
11   235.94   -85.66   -66.00     0.32
11   230.09  -101.93   -66.00     0.32
11   229.77  -110.07   -66.00     0.32
11   249.92   -97.05   -66.00     0.32
11   248.29   -91.52   -66.00     0.32
11   258.36   -87.94   -66.00     0.32
11   262.26   -91.19   -66.00     0.32
11   264.21   -79.15   -66.00     0.32
11   261.29   -65.80   -66.00     0.32
11   258.04   -56.69   -66.00     0.32
11   247.32   -47.90   -66.00     0.32
11   253.49   -39.76   -66.00     0.32
11   263.24   -48.22   -66.00     0.32
11   275.26   -52.13   -66.00     0.32
11   279.16   -47.25   -66.00     0.32
11   270.06   -35.53   -66.00     0.32
11   275.26   -29.34   -66.00     0.32
11   285.01   -35.85   -66.00     0.32
11   286.96   -44.97   -66.00     0.32
11   302.88   -45.94   -66.00     0.32
11   306.45   -43.99   -66.00     0.32
11   306.13   -55.38   -66.00     0.32
11   216.45   -41.71   -66.00     0.32
11   206.37   -36.83   -66.00     0.32
11   199.23   -36.83   -66.00     0.32
11   184.28   -43.99   -66.00     0.32
11   171.93   -46.92   -66.00     0.32
11   172.58   -64.82   -66.00     0.32
11   175.18   -82.08   -66.00     0.32
11   203.45  -108.44   -66.00     0.32
11   190.13  -113.98   -66.00     0.32
11   212.22  -110.40   -66.00     0.32
11   249.92  -178.43   -66.00     0.32
11   258.04  -171.92   -66.00     0.32
11   258.36  -184.62   -66.00     0.32
11   265.84  -200.57   -66.00     0.32
11   274.29  -208.38   -66.00     0.32
11   220.35  -253.30   -66.00     0.32
11   215.80  -255.91   -66.00     0.32
11   206.05  -271.86   -66.00     0.32
11   195.65  -273.16   -66.00     0.32
11   184.93  -269.58   -66.00     0.32
11   177.13  -278.69   -66.00     0.32
11   175.51  -269.25   -66.00     0.32
11   177.78  -262.09   -66.00     0.32
11   170.96  -250.37   -66.00     0.32
11   167.38  -241.91   -66.00     0.32
11   176.81  -246.79   -66.00     0.32
11   153.41  -229.54   -66.00     0.32
11   156.01  -226.28   -66.00     0.32
11   177.78  -226.61   -66.00     0.32
11   188.50  -231.17   -66.00     0.32
11   192.08  -222.05   -66.00     0.32
11   201.50  -224.33   -66.00     0.32
11   200.53  -237.68   -66.00     0.32
11   212.87  -235.72   -66.00     0.32
11   214.50  -243.86   -66.00     0.32
11   221.32  -244.19   -66.00     0.32
11   227.82  -234.42   -66.00     0.32
11   237.57  -234.75   -66.00     0.32
11   232.37  -271.53   -66.00     0.32
11   234.64  -279.02   -66.00     0.32
11   218.07  -283.25   -66.00     0.32
11   210.60  -289.11   -66.00     0.32
11   224.90  -292.69   -66.00     0.32
11   230.42  -289.43   -66.00     0.32
11   238.87  -293.01   -66.00     0.32
11   246.99  -291.71   -66.00     0.32
11   254.79  -293.99   -66.00     0.32
11   247.64  -286.83   -66.00     0.32
11   242.44  -278.04   -66.00     0.32
11   246.02  -273.48   -66.00     0.32
11   252.19  -276.41   -66.00     0.32
11   273.64  -279.02   -66.00     0.32
11   278.83  -275.76   -66.00     0.32
11   289.56  -263.39   -66.00     0.32
11   274.29  -265.67   -66.00     0.32
11   257.71  -254.60   -66.00     0.32
11   252.51  -245.16   -66.00     0.32
11   256.41  -237.03   -66.00     0.32
11   242.12  -229.54   -66.00     0.32
11   258.69  -226.28   -66.00     0.32
11   270.71  -179.73   -66.00     0.32
11   269.09  -172.57   -66.00     0.32
11   278.18  -169.97   -66.00     0.32
11   275.59  -165.09   -66.00     0.32
11   270.39  -151.74   -66.00     0.32
11   280.46  -139.69   -66.00     0.32
11   285.33  -135.14   -66.00     0.32
11   265.84  -110.40   -66.00     0.32
11   257.71  -105.84   -66.00     0.32
11   237.24  -113.98   -66.00     0.32
11   229.12   -90.54   -66.00     0.32
11   208.32  -102.91   -66.00     0.32
11   201.50  -100.63   -66.00     0.32
11   317.83  -142.30   -66.00     0.32
11   314.58  -135.14   -66.00     0.32
11   321.40  -132.86   -66.00     0.32
11   318.80  -123.09   -66.00     0.32
11   331.15  -124.72   -66.00     0.32
11   324.33  -106.49   -66.00     0.32
11   320.10   -96.73   -66.00     0.32
11   319.13   -91.84   -66.00     0.32
11   283.38   -85.33   -66.00     0.32
11   276.89   -90.22   -66.00     0.32
11   245.37  -122.44   -53.00     0.32
11   224.25    -9.49   -65.00     0.32
11   162.18   -78.50   -61.00     0.32
11   173.56   -77.52   -61.00     0.32
11   177.45   -71.66   -61.00     0.32
11   188.18   -73.29   -61.00     0.32
11   188.83   -56.69   -61.00     0.32
11   189.48   -51.15   -61.00     0.32
11   202.47   -63.85   -61.00     0.32
11   203.12   -85.66   -61.00     0.32
11   216.12   -68.41   -61.00     0.32
11   208.65   -87.61   -61.00     0.32
11   217.10   -88.26   -61.00     0.32
11   131.96  -131.23   -61.00     0.32
11   126.44  -118.54   -61.00     0.32
11   127.74  -111.05   -61.00     0.32
11   130.34  -111.70   -61.00     0.32
11   139.76  -123.42   -61.00     0.32
11   231.07  -164.43   -61.00     0.32
11   229.44  -152.06   -61.00     0.32
11   228.14  -143.28   -61.00     0.32
11   238.87  -155.32   -61.00     0.32
11   220.02  -123.09   -61.00     0.32
11   226.85  -117.23   -61.00     0.32
11   236.27   -77.52   -61.00     0.32
11   238.87   -55.06   -61.00     0.32
11   233.34   -46.60   -61.00     0.32
11   203.12   -74.26   -61.00     0.32
11   174.21   -89.24   -61.00     0.32
11   167.71   -92.17   -61.00     0.32
11   153.08   -82.08   -61.00     0.32
11   136.19   -90.87   -61.00     0.32
11   138.79   -70.03   -61.00     0.32
11   131.96   -70.68   -61.00     0.32
11   297.36  -209.68   -61.00     0.32
11   309.05  -196.99   -61.00     0.32
11   311.98  -250.37   -61.00     0.32
11   320.75  -260.14   -61.00     0.32
11   303.20  -260.14   -61.00     0.32
11   314.90  -269.58   -61.00     0.32
11   328.55  -256.23   -61.00     0.32
11   335.70  -241.91   -61.00     0.32
11   284.68  -150.44   -62.00     0.32
11   301.26  -145.55   -62.00     0.32
11   174.21  -154.02   -71.00     0.32
11   151.79  -145.88   -71.00     0.32
11   234.97  -159.88   -80.00     0.32
11   220.02  -145.23   -80.00     0.32
11   217.42  -137.42   -80.00     0.32
11   233.34  -134.81   -80.00     0.32
11   235.62  -149.13   -80.00     0.32
11   251.54  -145.88   -80.00     0.32
11   262.59  -112.03   -80.00     0.32
11   268.11  -105.51   -80.00     0.32
11   254.46  -105.84   -80.00     0.32
11   269.09   -92.49   -80.00     0.32
11   270.71   -73.61   -80.00     0.32
11   269.74   -63.52   -80.00     0.32
11   284.68   -63.20   -80.00     0.32
11   287.28   -67.43   -80.00     0.32
11   293.46   -57.34   -80.00     0.32
11   289.88  -228.89   -80.00     0.32
11   283.38  -228.89   -80.00     0.32
11   271.04  -224.33   -80.00     0.32
11   269.74  -218.47   -80.00     0.32
11   281.11  -215.87   -80.00     0.32
11   290.53  -216.84   -80.00     0.32
11   295.73  -207.73   -80.00     0.32
11   286.96  -198.94   -80.00     0.32
11   289.23  -184.29   -80.00     0.32
11   253.81  -197.64   -80.00     0.32
11   239.84  -203.82   -80.00     0.32
11   231.39  -196.66   -80.00     0.32
11   227.82  -207.40   -80.00     0.32
11   249.59  -245.16   -80.00     0.32
11   210.60  -287.48   -80.00     0.32
11   205.72  -289.76   -80.00     0.32
11   203.77  -229.54   -80.00     0.32
11   202.15  -220.10   -80.00     0.32
12   224.86  -141.28    -4.00     0.65
12   191.90  -220.40   -16.00     0.32
12   210.42  -184.59   -15.00     0.32
12   194.17  -153.67   -15.00     0.32
12   236.74  -123.07   -15.00     0.32
12   259.81   -78.80   -15.00     0.32
12   268.58   -71.96   -15.00     0.32
12   189.30  -107.44   -16.00     0.32
12   248.44  -130.88   -20.00     0.32
12   277.03  -230.81   -20.00     0.32
12   267.61  -234.72   -20.00     0.32
12   293.28  -121.11   -20.00     0.32
12   326.10  -137.39   -20.00     0.32
12   278.66   -69.03   -20.00     0.32
12   268.58   -86.28   -20.00     0.32
12   266.31   -94.75   -20.00     0.32
12   144.78  -104.84   -20.00     0.32
12   149.33   -99.30   -20.00     0.32
12   166.23  -138.04   -20.00     0.32
12   191.57  -183.61   -23.00     0.32
12   170.78  -172.22   -23.00     0.32
12   180.85  -158.87   -23.00     0.32
12   247.46  -171.24   -25.00     0.32
12   262.74  -185.24   -25.00     0.32
12   294.25  -184.59   -25.00     0.32
12   302.05  -155.29   -25.00     0.32
12   331.62  -205.10   -25.00     0.32
12   273.78  -270.53   -28.00     0.32
12   298.80  -236.02   -28.00     0.32
12   252.66  -232.77   -28.00     0.32
12   250.06  -226.91   -28.00     0.32
12   258.51  -227.88   -28.00     0.32
12   262.74  -220.72   -28.00     0.32
12   187.68  -232.44   -28.00     0.32
12   178.58  -182.96   -31.00     0.32
12   193.85   -95.07   -31.00     0.32
12   221.14   -66.10   -31.00     0.32
12   243.56   -47.55   -31.00     0.32
12   245.51   -34.85   -31.00     0.32
12   268.26   -53.41   -31.00     0.32
12   263.39   -23.13   -31.00     0.32
12   332.92  -132.18   -31.00     0.32
12   212.05  -228.54  -127.00     0.32
12   251.69  -260.44  -127.00     0.32
12   273.13  -277.69  -127.00     0.32
12   174.03  -172.22  -116.00     0.32
12   157.46  -159.53  -116.00     0.32
12   189.63  -164.08  -116.00     0.32
12   163.31  -175.48  -101.00     0.32
12   160.38  -166.36  -101.00     0.32
12   165.25  -155.94  -101.00     0.32
12   171.43  -221.37   -91.00     0.32
12   179.23  -221.37   -91.00     0.32
12   174.35  -213.56   -91.00     0.32
12   163.31  -211.93   -91.00     0.32
12   167.85  -205.42   -91.00     0.32
12   155.83  -155.62   -92.00     0.32
12   168.50  -144.23   -92.00     0.32
12   221.14  -122.74   -20.00     0.32
12   265.33  -237.65   -20.00     0.32
12   315.70  -164.41   -29.00     0.32
12   225.37   -60.89   -31.00     0.32
12   164.93  -197.29   -31.00     0.32
12   169.80  -206.73   -31.00     0.32
12   188.33  -157.90   -34.00     0.32
12   176.30  -152.36   -34.00     0.32
12   194.82  -143.25   -34.00     0.32
12   179.55   -98.98   -34.00     0.32
12   175.33   -89.86   -34.00     0.32
12   143.16   -91.49   -34.00     0.32
12   141.21  -103.54   -34.00     0.32
12   216.92   -76.84   -34.00     0.32
12   212.37   -72.29   -34.00     0.32
12   164.93  -186.54   -40.00     0.32
12   170.78  -174.50   -40.00     0.32
12   187.03  -169.29   -40.00     0.32
12   157.78   -99.30   -43.00     0.32
12   239.34  -267.27   -47.00     0.32
12   250.06  -280.62   -47.00     0.32
12   306.28  -232.12   -47.00     0.32
12   332.92  -232.77   -47.00     0.32
12   331.95  -152.04   -47.00     0.32
12   221.79  -296.57   -50.00     0.32
12   197.10  -283.55   -50.00     0.32
12   158.11  -205.42   -50.00     0.32
12   150.96  -203.15   -50.00     0.32
12   140.23  -190.45   -50.00     0.32
12   146.08   -77.82   -53.00     0.32
12   147.06   -63.82   -53.00     0.32
12   157.46   -50.15   -53.00     0.32
12   166.23   -50.80   -53.00     0.32
12   211.40   -48.52   -56.00     0.32
12   249.74   -77.49   -56.00     0.32
12   256.56   -70.98   -56.00     0.32
12   330.00  -108.42   -56.00     0.32
12   249.74  -131.20   -56.00     0.32
12   273.78  -249.04   -56.00     0.32
12   324.47  -209.98   -56.00     0.32
12   331.62  -202.17   -56.00     0.32
12   159.41  -161.80   -59.00     0.32
12   136.01  -150.09   -59.00     0.32
12   143.48  -136.41   -59.00     0.32
12   189.30  -181.34   -65.00     0.32
12   228.62  -175.80   -65.00     0.32
12   247.46  -151.71   -65.00     0.32
12   222.44  -206.07   -65.00     0.32
12   178.58  -103.21   -68.00     0.32
12   188.00   -95.72   -68.00     0.32
12   222.77   -63.17   -68.00     0.32
12   227.64   -50.80   -68.00     0.32
12   222.12  -126.65   -68.00     0.32
12   318.95  -159.53   -71.00     0.32
12   198.40  -289.08   -71.00     0.32
12   190.92  -292.99   -71.00     0.32
12   195.80  -296.57   -71.00     0.32
12   193.20  -255.23   -71.00     0.32
12   161.36  -204.45   -71.00     0.32
12   152.58  -195.66   -71.00     0.32
12   143.48  -194.68   -71.00     0.32
12   129.19  -137.06   -73.00     0.32
12   231.87   -80.10   -76.00     0.32
12   247.46   -70.98   -76.00     0.32
12   241.29   -56.99   -76.00     0.32
12   255.59   -56.34   -76.00     0.32
12   292.95   -88.56   -79.00     0.32
12   254.94  -264.99   -81.00     0.32
12   268.58  -289.73   -81.00     0.32
12   212.37  -242.86   -81.00     0.32
12   146.08   -84.33   -89.00     0.32
12   147.71   -71.96   -89.00     0.32
12   163.31   -60.24   -89.00     0.32
12   180.53   -29.97   -89.00     0.32
12   206.52   -54.38   -89.00     0.32
12   129.51  -127.95   -91.00     0.32
12   140.88  -112.32   -91.00     0.32
12   136.34  -156.60   -91.00     0.32
12   245.84  -170.59   -97.00     0.32
12   248.11  -151.39   -97.00     0.32
12   232.52  -137.39   -97.00     0.32
12   183.13  -291.36  -101.00     0.32
12   197.42  -259.46  -101.00     0.32
12   201.65  -246.11  -101.00     0.32
12   177.93  -262.39  -101.00     0.32
12   225.37  -291.69  -101.00     0.32
12   236.09  -284.85  -101.00     0.32
12   308.88   -80.75  -106.00     0.32
12   172.40  -134.13  -106.00     0.32
12   291.00  -237.00  -122.00     0.32
12   293.93  -254.90  -122.00     0.32
12   278.01  -136.09   -26.00     0.32
12   285.48  -141.30   -26.00     0.32
12   242.59  -129.90   -23.00     0.32
12   244.21  -136.09   -17.00     0.32
12   252.99  -136.74   -17.00     0.32
12   229.92  -122.74   -17.00     0.32
12   148.36  -121.76   -26.00     0.32
12   143.48   -98.33   -26.00     0.32
12   333.90  -180.36   -47.00     0.32
12   246.49  -120.14   -27.00     0.32
12   123.01  -131.53   -78.00     0.32
12   125.29  -133.48   -78.00     0.32
12   133.74  -167.01   -78.00     0.32
12   137.64  -167.01   -78.00     0.32
12   131.14  -161.80   -69.00     0.32
12   280.61   -69.03   -39.00     0.32
12   174.03  -215.51   -38.00     0.32
12   229.27  -167.01   -42.00     0.32
12   218.22  -181.34   -42.00     0.32
12   198.72  -136.74   -14.00     0.32
12   195.47  -147.16   -14.00     0.32
12   301.40   -86.28   -17.00     0.32
12   209.77  -192.73   -22.00     0.32
12   248.11  -176.45   -29.00     0.32
12   281.58  -225.28   -38.00     0.32
12   294.25  -239.60   -70.00     0.32
12   309.20  -243.84   -70.00     0.32
12   162.66  -163.76   -82.00     0.32
12   177.28  -153.01   -82.00     0.32
12   268.26  -240.91   -75.00     0.32
12   260.64  -221.40   -17.00     0.32
12   206.70  -109.75   -17.00     0.32
12   175.51  -192.43   -23.00     0.32
12   254.79   -84.68   -25.00     0.32
12   274.29  -141.97   -25.00     0.32
12   203.45  -100.31   -25.00     0.32
12   193.38  -103.56   -25.00     0.32
12   185.90  -102.26   -25.00     0.32
12   180.70   -98.35   -25.00     0.32
12   265.51   -76.22   -25.00     0.32
12   220.02  -239.96   -25.00     0.32
12   194.35  -133.51   -25.00     0.32
12   297.68  -162.81   -31.00     0.32
12   154.38   -99.00   -31.00     0.32
12   322.05  -175.83   -31.00     0.32
12   179.08  -170.94   -31.00     0.32
12   173.23  -167.69   -31.00     0.32
12   190.78  -152.39   -31.00     0.32
12   176.81  -151.41   -31.00     0.32
12   214.50  -121.47   -31.00     0.32
12   300.28   -71.99   -31.00     0.32
12   276.89  -259.16   -31.00     0.32
12   209.30  -136.11   -34.00     0.32
12   185.90  -144.90   -34.00     0.32
12   191.75  -137.74   -34.00     0.32
12   328.55  -202.19   -34.00     0.32
12   313.60  -226.61   -34.00     0.32
12   303.53  -230.51   -34.00     0.32
12   265.51  -217.17   -39.00     0.32
12   248.62  -217.49   -39.00     0.32
12   250.24  -271.53   -41.00     0.32
12   272.99  -266.00   -41.00     0.32
12   282.08  -242.88   -41.00     0.32
12   207.02  -245.81   -41.00     0.32
12   181.35  -182.01   -41.00     0.32
12   177.78  -172.25   -41.00     0.32
12   170.31  -165.41   -41.00     0.32
12   161.86  -162.81   -41.00     0.32
12   199.23  -103.89   -41.00     0.32
12   213.85  -100.31   -41.00     0.32
12   145.29   -99.33   -41.00     0.32
12   175.51   -46.60   -41.00     0.32
12   260.64   -21.53   -41.00     0.32
12   272.34   -19.58   -41.00     0.32
12   184.93  -122.77   -44.00     0.32
12   242.12   -82.73   -44.00     0.32
12   140.74  -126.67   -47.00     0.32
12   150.81  -126.02   -47.00     0.32
12   134.24  -109.75   -47.00     0.32
12   190.78   -98.35   -47.00     0.32
12   208.65  -205.45   -47.00     0.32
12   160.23  -187.87   -47.00     0.32
12   160.23  -193.73   -47.00     0.32
12   244.07  -266.00   -47.00     0.32
12   328.87  -201.87   -47.00     0.32
12   256.09  -135.14   -47.00     0.32
12   254.79  -124.72   -47.00     0.32
12   264.21  -130.25   -47.00     0.32
12   319.78  -224.66   -49.00     0.32
12   193.38  -281.95   -49.00     0.32
12   223.60  -158.90   -49.00     0.32
12   229.77  -155.65   -49.00     0.32
12   228.79  -123.09   -49.00     0.32
12   133.59   -84.03   -52.00     0.32
12   175.18  -214.89   -52.00     0.32
12   174.53  -210.01   -52.00     0.32
12   190.45  -297.25   -52.00     0.32
12   195.00  -292.36   -52.00     0.32
12   204.42  -287.16   -52.00     0.32
12   161.53  -206.10   -52.00     0.32
12   250.24  -138.07   -52.00     0.32
12   166.08  -168.67   -52.00     0.32
12   169.98  -175.83   -52.00     0.32
12   169.98  -183.97   -52.00     0.32
12   184.93  -283.25   -55.00     0.32
12   188.50  -123.42   -55.00     0.32
12   178.10  -116.26   -55.00     0.32
12   141.06   -56.69   -55.00     0.32
12   287.61  -272.18   -55.00     0.32
12   290.53  -270.23   -55.00     0.32
12   293.46  -265.02   -55.00     0.32
12   337.00  -229.86   -55.00     0.32
12   336.02  -197.64   -55.00     0.32
12   294.43   -87.29   -55.00     0.32
12   186.88  -178.11   -55.00     0.32
12   173.23  -164.11   -55.00     0.32
12   257.06  -128.30   -56.00     0.32
12   281.76  -248.42   -56.00     0.32
12   282.73  -244.84   -56.00     0.32
12   241.47  -270.23   -56.00     0.32
12   250.24  -282.92   -56.00     0.32
12   164.13  -251.02   -56.00     0.32
12   154.06  -190.80   -56.00     0.32
12   157.96  -193.73   -56.00     0.32
12   258.69  -303.43   -89.00     0.32
12   188.50  -304.08   -89.00     0.32
12   117.67  -128.30   -78.00     0.32
12   347.07  -221.73   -85.00     0.32
12   199.23  -249.72   -85.00     0.32
12   193.70  -240.61   -85.00     0.32
12   189.15  -245.49   -85.00     0.32
12   179.08  -253.95   -85.00     0.32
12   210.27  -240.28   -85.00     0.32
12   184.60  -296.92   -85.00     0.32
12   189.15  -287.48   -85.00     0.32
12   167.38  -229.54   -85.00     0.32
12   157.96  -221.40   -85.00     0.32
12   165.43  -200.24   -85.00     0.32
12   141.06  -153.37   -85.00     0.32
12   157.96  -160.85   -85.00     0.32
12   227.49   -71.99   -85.00     0.32
12   247.64   -59.94   -85.00     0.32
12   244.72   -64.50   -85.00     0.32
12   288.26   -99.66   -85.00     0.32
12   141.06  -118.21   -88.00     0.32
12   137.49  -115.93   -88.00     0.32
12   296.71   -84.36   -91.00     0.32
12   335.37  -123.74   -91.00     0.32
12   337.65  -120.81   -91.00     0.32
12   194.03  -288.13   -91.00     0.32
12   199.55  -280.32   -91.00     0.32
12   174.21  -279.34   -91.00     0.32
12   155.03   -63.52   -90.00     0.32
12   139.44  -124.40   -90.00     0.32
12   127.41  -120.81   -90.00     0.32
12   139.44   -80.78   -90.00     0.32
12   179.73  -259.16   -90.00     0.32
12   145.29  -164.43   -94.00     0.32
12   150.16  -162.81   -94.00     0.32
12   154.06  -131.88   -94.00     0.32
12   168.36  -128.95   -94.00     0.32
12   160.88  -128.63   -94.00     0.32
12   185.90   -27.72   -94.00     0.32
12   307.75   -79.80   -97.00     0.32
12   159.91   -73.94   -97.00     0.32
12   152.76   -87.61   -97.00     0.32
12   138.46   -97.38   -97.00     0.32
12   133.91   -90.22   -97.00     0.32
12   345.12  -217.82   -97.00     0.32
12   346.75  -209.68   -97.00     0.32
12   351.30  -202.19   -97.00     0.32
12   339.60  -185.27   -97.00     0.32
12   156.33  -216.19   -97.00     0.32
12   155.36  -197.31   -97.00     0.32
12   155.68  -185.27   -97.00     0.32
12   163.81  -197.96   -97.00     0.32
12   157.96  -173.55   -97.00     0.32
12   137.49  -116.26  -100.00     0.32
12   143.34  -121.47  -100.00     0.32
12   192.40  -279.02  -100.00     0.32
12   175.51  -217.49  -100.00     0.32
12   171.61  -228.89  -100.00     0.32
12   182.98   -30.65  -103.00     0.32
12   171.93  -217.49  -109.00     0.32
12   260.31  -292.36  -109.00     0.32
12   246.02  -138.07  -111.00     0.32
12   232.69  -132.86  -111.00     0.32
12   226.20  -139.04  -111.00     0.32
12   200.85  -243.86  -111.00     0.32
12   234.32  -281.62  -111.00     0.32
12   178.43  -289.76  -111.00     0.32
12   328.22  -127.00  -128.00     0.32
12   304.18  -106.17  -128.00     0.32
12   303.53   -86.96  -128.00     0.32
12   174.86  -109.75  -120.00     0.32
12   169.33  -135.79  -120.00     0.32
12   148.21   -95.10  -113.00     0.32
12   153.73   -90.54  -111.00     0.32
12   165.43   -87.29  -111.00     0.32
12   151.14   -86.31  -111.00     0.32
12   157.63   -67.10  -111.00     0.32
12   196.30   -59.62  -111.00     0.32
12   179.40   -60.92  -111.00     0.32
12   208.65   -50.50  -111.00     0.32
12   209.95   -64.17  -111.00     0.32
12   215.80   -75.24  -111.00     0.32
12   220.67   -30.97  -111.00     0.32
12   277.21  -291.06   -86.00     0.32
12   284.03  -289.11   -86.00     0.32
12   268.76  -297.25   -86.00     0.32
12   141.71  -162.16   -74.00     0.32
12   135.21  -155.65   -74.00     0.32
12   132.94  -147.83   -74.00     0.32
12   169.98  -140.02   -74.00     0.32
12   175.83  -137.09   -74.00     0.32
12   186.88  -133.18   -74.00     0.32
12   148.86  -128.95   -74.00     0.32
12   140.41  -121.79   -74.00     0.32
12   145.61  -115.28   -74.00     0.32
12   156.33  -127.65   -74.00     0.32
12   173.88   -73.29   -74.00     0.32
12   224.57   -68.73   -74.00     0.32
12   239.52   -66.13   -74.00     0.32
12   182.33  -295.62   -74.00     0.32
12   168.36  -195.03   -74.00     0.32
12   167.71  -203.50   -74.00     0.32
12   174.86  -204.80   -74.00     0.32
12   171.61  -181.04   -74.00     0.32
12   180.05  -174.85   -74.00     0.32
12   190.13  -184.62   -74.00     0.32
12   340.57  -232.47   -74.00     0.32
12   350.97  -183.64   -74.00     0.32
12   293.13   -96.07   -74.00     0.32
12   243.09  -137.42   -74.00     0.32
12   246.02  -132.53   -74.00     0.32
12   235.29  -127.32   -74.00     0.32
12   255.44  -137.42   -74.00     0.32
12   182.00   -95.75   -72.00     0.32
12   187.85  -102.59   -72.00     0.32
12   208.97   -82.73   -72.00     0.32
12   240.17   -76.54   -72.00     0.32
12   161.86  -165.74   -72.00     0.32
12   339.92  -169.64   -70.00     0.32
12   342.52  -162.16   -70.00     0.32
12   329.20  -160.53   -70.00     0.32
12   358.77  -178.76   -70.00     0.32
12   154.06   -65.80   -66.00     0.32
12   271.04  -251.35   -66.00     0.32
12   280.46  -245.81   -66.00     0.32
12   305.80  -273.16   -66.00     0.32
12   295.73  -273.48   -66.00     0.32
12   293.13  -284.55   -66.00     0.32
12   319.13  -192.10   -66.00     0.32
12   327.57  -178.76   -66.00     0.32
12   156.33  -208.70   -61.00     0.32
12   163.81  -203.17   -61.00     0.32
12   150.16  -195.36   -61.00     0.32
12   147.56  -193.08   -61.00     0.32
12   178.43  -216.19   -61.00     0.32
12   170.96  -208.38   -61.00     0.32
12   162.18  -169.64   -61.00     0.32
12   151.14  -167.36   -61.00     0.32
12   168.36  -174.53   -61.00     0.32
12   194.68  -298.87   -61.00     0.32
12   188.18  -300.18   -61.00     0.32
12   183.63  -293.34   -61.00     0.32
12   185.90  -293.67   -61.00     0.32
12   194.03  -297.57   -61.00     0.32
12   194.03  -291.71   -61.00     0.32
12   193.05  -281.95   -61.00     0.32
12   203.12  -294.32   -61.00     0.32
12   236.92  -129.60   -61.00     0.32
12   229.77  -125.05   -61.00     0.32
12   129.04   -83.38   -61.00     0.32
12   312.30   -78.82   -61.00     0.32
12   155.03  -157.92   -71.00     0.32
12   201.50  -173.55   -71.00     0.32
12   172.26  -222.38   -80.00     0.32
12   162.51  -218.47   -80.00     0.32
12   158.61  -213.91   -80.00     0.32
12   154.71  -201.87   -80.00     0.32
13   239.99   -97.35   -10.00     0.32
13   276.38   -82.70   -10.00     0.32
13   277.36   -93.44   -10.00     0.32
13   268.58  -151.06   -12.00     0.32
13   263.06  -155.29   -12.00     0.32
13   254.61  -151.06   -12.00     0.32
13   246.81  -147.81   -13.00     0.32
13   238.37  -153.34   -13.00     0.32
13   234.47  -146.83   -13.00     0.32
13   233.17  -143.25   -12.00     0.32
13   226.99  -149.11   -12.00     0.32
13   217.57  -146.83   -12.00     0.32
13   181.50  -124.69   -13.00     0.32
13   169.48  -100.28   -14.00     0.32
13   292.30  -135.44   -13.00     0.32
13   268.26  -128.60   -13.00     0.32
13   252.99  -120.46   -13.00     0.32
13   269.23  -165.38   -13.00     0.32
13   260.14  -170.92   -13.00     0.32
13   258.51  -163.43   -12.00     0.32
13   286.78  -199.56   -12.00     0.32
13   279.96  -205.75   -13.00     0.32
13   291.65  -206.73   -13.00     0.32
13   261.11  -202.17   -13.00     0.32
13   246.49  -181.99   -13.00     0.32
13   207.17  -145.85   -18.00     0.32
13   217.24  -133.48   -18.00     0.32
13   202.62  -161.80   -18.00     0.32
13   199.05  -109.07   -18.00     0.32
13   196.77  -159.20   -17.00     0.32
13   255.59   -30.29   -20.00     0.32
13   279.96   -85.96   -42.00     0.32
13   295.23   -84.66   -42.00     0.32
13   302.70   -79.12   -42.00     0.32
13   302.38   -71.63   -42.00     0.32
13   301.08   -55.36   -42.00     0.32
13   285.81   -44.62   -42.00     0.32
13   292.30   -38.76   -42.00     0.32
13   277.36   -46.57   -42.00     0.32
13   259.81   -45.92   -42.00     0.32
13   180.85  -132.18   -39.00     0.32
13   177.60  -118.84   -39.00     0.32
13   165.25  -112.32   -39.00     0.32
13   196.45  -135.76   -39.00     0.32
13   228.94  -185.24   -37.00     0.32
13   237.07  -205.42   -37.00     0.32
13   227.32  -256.86   -37.00     0.32
13   234.79  -256.86   -37.00     0.32
13   295.23   -95.72   -37.00     0.32
13   325.77   -97.35   -37.00     0.32
13   330.00  -167.34   -36.00     0.32
13   280.61  -209.00   -36.00     0.32
13   280.61  -217.14   -36.00     0.32
13   294.25  -222.68   -36.00     0.32
13   194.82  -114.60   -42.00     0.32
13   276.06   -77.82   -43.00     0.32
13   215.29  -224.30   -45.00     0.32
13   209.77  -195.33   -47.00     0.32
13   214.97  -153.01   -47.00     0.32
13   223.09  -140.32   -47.00     0.32
13   201.65  -132.51   -47.00     0.32
13   281.91  -234.40   -52.00     0.32
13   302.70  -269.88   -52.00     0.32
13   176.63  -203.15   -54.00     0.32
13   185.40  -189.15   -54.00     0.32
13   168.18  -197.61   -54.00     0.32
13   153.56  -173.85   -54.00     0.32
13   138.61  -159.53   -54.00     0.32
13   204.25  -146.50   -54.00     0.32
13   141.53  -117.21   -54.00     0.32
13   278.98  -126.00   -55.00     0.32
13   286.78   -91.17   -55.00     0.32
13   299.45   -89.21   -55.00     0.32
13   278.01   -76.84   -55.00     0.32
13   319.92   -98.98   -55.00     0.32
13   322.52   -93.44   -55.00     0.32
13   338.45   -95.72   -55.00     0.32
13   338.12  -109.39   -55.00     0.32
13   330.97  -131.86   -55.00     0.32
13   247.14   -30.29   -58.00     0.32
13   233.49   -27.36   -58.00     0.32
13   233.49   -19.23   -58.00     0.32
13   163.63   -57.96   -58.00     0.32
13   145.11  -111.67   -58.00     0.32
13   183.13  -215.84   -61.00     0.32
13   195.15  -208.03   -61.00     0.32
13   240.64  -260.11   -61.00     0.32
13   313.10  -224.63   -65.00     0.32
13   331.95  -215.51   -65.00     0.32
13   305.63  -252.62   -65.00     0.32
13   291.00  -249.69   -65.00     0.32
13   263.71  -121.76   -66.00     0.32
13   290.35   -70.66   -66.00     0.32
13   276.06   -71.31   -66.00     0.32
13   279.96   -61.22   -66.00     0.32
13   295.88   -54.06   -66.00     0.32
13   313.10  -206.07  -142.00     0.32
13   202.95  -222.35  -105.00     0.32
13   201.97  -177.75  -105.00     0.32
13   197.42  -171.57  -105.00     0.32
13   196.45  -161.15  -105.00     0.32
13   196.45  -150.09  -105.00     0.32
13   195.15  -128.60  -105.00     0.32
13   195.80  -102.56  -105.00     0.32
13   214.00   -96.05  -105.00     0.32
13   198.07   -84.00  -105.00     0.32
13   232.52   -96.37  -105.00     0.32
13   183.13   -46.89  -105.00     0.32
13   290.68   -42.01  -105.00     0.32
13   305.30   -72.29  -105.00     0.32
13   296.53   -96.05  -105.00     0.32
13   302.05  -104.84  -105.00     0.32
13   295.23  -112.00  -105.00     0.32
13   329.02  -116.88  -105.00     0.32
13   333.57  -126.65  -105.00     0.32
13   339.75  -124.37  -105.00     0.32
13   318.30  -122.74  -105.00     0.32
13   318.30  -115.91  -105.00     0.32
13   317.00   -86.93  -105.00     0.32
13   273.46  -138.69  -105.00     0.32
13   264.69  -156.27  -105.00     0.32
13   248.76  -188.82  -105.00     0.32
13   295.23  -182.64  -105.00     0.32
13   308.55  -205.75  -105.00     0.32
13   277.03  -240.25  -105.00     0.32
13   299.13  -277.69  -105.00     0.32
13   308.23  -282.57  -105.00     0.32
13   178.25  -170.92  -100.00     0.32
13   144.13  -178.08   -92.00     0.32
13   180.53  -183.61   -92.00     0.32
13   286.46  -142.92   -92.00     0.32
13   222.44  -121.76   -91.00     0.32
13   217.89  -112.98   -91.00     0.32
13   263.06  -121.44   -72.00     0.32
13   211.72  -161.15   -72.00     0.32
13   211.07  -161.80   -72.00     0.32
13   224.07  -166.04   -72.00     0.32
13   214.32  -166.04   -72.00     0.32
13   258.84  -126.97   -72.00     0.32
13   163.96  -107.44   -69.00     0.32
13   162.33  -117.53   -69.00     0.32
13   175.98  -118.84   -69.00     0.32
13   297.83   -99.95   -63.00     0.32
13   311.15   -92.47   -63.00     0.32
13   289.06  -107.77   -63.00     0.32
13   181.50  -181.01   -50.00     0.32
13   234.47  -140.65   -50.00     0.32
13   298.15  -272.81   -47.00     0.32
13   342.34  -166.69   -44.00     0.32
13   190.27   -89.54   -41.00     0.32
13   196.45  -200.22   -34.00     0.32
13   199.37  -194.36   -34.00     0.32
13   181.18  -195.01   -34.00     0.32
13   155.51  -110.05   -32.00     0.32
13   156.81  -133.48   -32.00     0.32
13   149.98  -110.70   -30.00     0.32
13   308.23  -230.81   -25.00     0.32
13   219.19  -263.37   -26.00     0.32
13   209.45  -131.20   -23.00     0.32
13   203.60  -169.62   -89.00     0.32
13   211.40  -158.55   -89.00     0.32
13   206.20  -145.85   -89.00     0.32
13   267.93   -28.01   -35.00     0.32
13   291.65   -70.33   -36.00     0.32
13   297.18   -62.52   -36.00     0.32
13   310.18   -68.38   -36.00     0.32
13   298.80   -45.59   -44.00     0.32
13   277.68  -220.40   -29.00     0.32
13   284.83  -221.37   -29.00     0.32
13   218.22  -259.46   -29.00     0.32
13   186.05  -130.23   -25.00     0.32
13   257.86   -10.11   -74.00     0.32
13   250.71   -19.55   -74.00     0.32
13   345.59  -132.51   -81.00     0.32
13   335.85  -130.55   -81.00     0.32
13   339.42  -117.86   -81.00     0.32
13   253.96   -14.99   -74.00     0.32
13   284.18   -57.31   -74.00     0.32
13   284.18   -53.73   -74.00     0.32
13   293.60  -288.11   -83.00     0.32
13   252.99  -134.46   -65.00     0.32
13   290.35  -103.54   -39.00     0.32
13   289.38   -84.00   -39.00     0.32
13   225.37  -154.64   -14.00     0.32
13   215.94  -150.74   -14.00     0.32
13   234.47  -161.80   -14.00     0.32
13   266.96  -160.50   -14.00     0.32
13   183.78  -118.18   -23.00     0.32
13   307.58  -102.23   -20.00     0.32
13   289.38  -216.17   -26.00     0.32
13   280.93  -214.54   -26.00     0.32
13   143.81  -164.73   -56.00     0.32
13   342.34   -99.30   -68.00     0.32
13   308.23  -108.42   -68.00     0.32
13   303.35  -232.12   -68.00     0.32
13   189.95  -165.38   -82.00     0.32
13   195.15  -161.80   -82.00     0.32
13   191.25  -150.41   -82.00     0.32
13   193.52  -143.90   -82.00     0.32
13   163.96  -153.01   -82.00     0.32
13   157.78  -141.62   -82.00     0.32
13   273.46  -144.23   -80.00     0.32
13   280.93  -132.83   -80.00     0.32
13   318.62   -89.21   -81.00     0.32
13   266.31   -57.64   -81.00     0.32
13   239.19   -72.31   -23.00     0.32
13   260.96   -59.29   -23.00     0.32
13   262.59   -50.18   -23.00     0.32
13   235.94  -146.86   -23.00     0.32
13   259.66  -160.53   -23.00     0.32
13   267.14  -152.06   -23.00     0.32
13   197.60  -196.01   -23.00     0.32
13   168.03  -100.96   -23.00     0.32
13   156.33  -133.51   -23.00     0.32
13   184.93  -191.13   -25.00     0.32
13   287.61   -79.80   -25.00     0.32
13   308.73   -80.12   -25.00     0.32
13   298.33   -93.47   -25.00     0.32
13   202.15  -133.84   -25.00     0.32
13   193.38  -110.07   -31.00     0.32
13   216.45  -136.11   -31.00     0.32
13   299.31  -269.58   -34.00     0.32
13   333.42  -105.84   -44.00     0.32
13   334.72  -115.61   -44.00     0.32
13   339.27  -130.25   -44.00     0.32
13   237.57  -206.10   -47.00     0.32
13   225.22  -182.66   -47.00     0.32
13   230.74  -180.38   -47.00     0.32
13   286.96  -234.10   -47.00     0.32
13   322.70  -210.33   -47.00     0.32
13   336.02  -167.36   -47.00     0.32
13   311.98   -79.47   -47.00     0.32
13   309.38   -68.73   -47.00     0.32
13   301.91   -60.92   -47.00     0.32
13   293.13   -68.08   -47.00     0.32
13   286.63   -71.01   -47.00     0.32
13   284.68   -63.85   -47.00     0.32
13   287.61   -57.34   -47.00     0.32
13   235.94  -259.81   -47.00     0.32
13   204.10  -158.25   -49.00     0.32
13   199.23  -150.11   -49.00     0.32
13   195.33  -145.55   -49.00     0.32
13   306.13   -90.22   -52.00     0.32
13   305.15   -71.66   -52.00     0.32
13   274.61   -71.66   -52.00     0.32
13   326.93   -96.73   -52.00     0.32
13   184.28  -214.89   -52.00     0.32
13   157.63  -113.33   -52.00     0.32
13   255.76   -50.50   -52.00     0.32
13   249.27   -20.55   -52.00     0.32
13   210.92  -223.03   -55.00     0.32
13   288.58  -181.36   -55.00     0.32
13   340.25  -130.25   -55.00     0.32
13   179.08  -194.06   -55.00     0.32
13   231.72  -206.10   -56.00     0.32
13   237.89  -201.87   -56.00     0.32
13   207.02  -192.43   -56.00     0.32
13   230.42  -192.75   -56.00     0.32
13   219.05  -183.31   -56.00     0.32
13   221.00  -139.37   -56.00     0.32
13   216.45  -149.13   -56.00     0.32
13   208.65  -153.04   -56.00     0.32
13   211.57  -209.68   -56.00     0.32
13   203.45  -206.43   -56.00     0.32
13   211.57  -195.68   -56.00     0.32
13   210.27  -180.38   -56.00     0.32
13   291.51  -252.98   -56.00     0.32
13   311.65  -226.28   -56.00     0.32
13   330.17  -193.41   -56.00     0.32
13   339.27  -164.11   -56.00     0.32
13   293.13  -281.30   -98.00     0.32
13   198.90  -125.37  -102.00     0.32
13   176.16  -177.45  -102.00     0.32
13   315.55   -75.57   -85.00     0.32
13   334.72   -99.33   -85.00     0.32
13   311.98   -86.96   -85.00     0.32
13   343.50  -176.48   -85.00     0.32
13   310.03  -199.92   -85.00     0.32
13   311.98  -222.70   -85.00     0.32
13   308.40  -228.56   -85.00     0.32
13   320.10  -226.28   -85.00     0.32
13   305.15  -257.86   -85.00     0.32
13   213.52  -171.60   -85.00     0.32
13   207.35  -179.08   -85.00     0.32
13   173.88  -172.57   -85.00     0.32
13   185.25  -165.41   -85.00     0.32
13   194.35  -150.11   -85.00     0.32
13   199.88  -141.00   -85.00     0.32
13   199.88  -134.16   -85.00     0.32
13   203.77   -82.08   -85.00     0.32
13   335.70  -142.62   -91.00     0.32
13   343.17  -135.46   -91.00     0.32
13   341.87  -126.67   -91.00     0.32
13   302.88  -107.14   -91.00     0.32
13   294.11  -127.32   -91.00     0.32
13   280.46  -140.35   -91.00     0.32
13   264.86  -152.39   -91.00     0.32
13   264.21  -159.23   -91.00     0.32
13   251.87  -187.55   -91.00     0.32
13   323.35   -83.05   -91.00     0.32
13   304.50   -72.64   -91.00     0.32
13   260.64   -45.94   -91.00     0.32
13   282.08   -41.71   -91.00     0.32
13   201.18   -23.16   -91.00     0.32
13   330.50  -185.92   -97.00     0.32
13   304.83  -273.81   -97.00     0.32
13   268.11  -128.95   -97.00     0.32
13   197.28   -68.41  -128.00     0.32
13   326.93  -191.13  -128.00     0.32
13   310.68  -187.22  -128.00     0.32
13   235.29  -154.67  -128.00     0.32
13   204.75  -176.80  -128.00     0.32
13   201.18  -166.39  -128.00     0.32
13   225.22  -176.15  -128.00     0.32
13   213.20   -98.35  -120.00     0.32
13   230.09  -100.31  -120.00     0.32
13   286.96   -43.01  -120.00     0.32
13   325.95   -90.22  -120.00     0.32
13   295.08  -108.77  -120.00     0.32
13   300.93  -118.54  -120.00     0.32
13   305.48  -230.51  -120.00     0.32
13   281.76  -235.72  -120.00     0.32
13   257.39  -191.45  -120.00     0.32
13   331.80  -187.22   -86.00     0.32
13   198.58  -171.27   -76.00     0.32
13   192.73  -147.51   -76.00     0.32
13   202.15  -149.79   -76.00     0.32
13   223.60  -128.95   -80.00     0.32
13   216.12  -118.54   -80.00     0.32
13   179.40  -121.79   -80.00     0.32
13   168.03  -121.14   -80.00     0.32
13   158.93  -116.26   -80.00     0.32
13   149.19  -154.67   -80.00     0.32
13   149.51  -168.34   -80.00     0.32
13   319.45  -214.24   -83.00     0.32
13   311.33  -207.08   -83.00     0.32
13   201.83  -100.31   -92.00     0.32
13   196.30  -119.84   -92.00     0.32
13   190.78  -106.17   -95.00     0.32
13   151.79  -108.12   -72.00     0.32
13   283.06  -232.79   -69.00     0.32
13   168.68  -197.31   -63.00     0.32
13   212.87  -162.48   -63.00     0.32
13   211.25  -168.34   -63.00     0.32
13   192.40  -154.99   -63.00     0.32
13   196.63  -146.86   -63.00     0.32
13   207.02  -146.86   -63.00     0.32
13   194.35  -159.23   -26.00     0.32
13   174.86  -104.86   -23.00     0.32
13   169.66   -95.75   -23.00     0.32
13   310.03  -108.77   -20.00     0.32
13   284.03  -222.38   -20.00     0.32
13   261.61  -209.68   -20.00     0.32
13   209.62  -162.16   -20.00     0.32
13   216.77  -116.58   -17.00     0.32
13   349.02  -133.18   -77.00     0.32
13   294.11  -292.36   -83.00     0.32
13   322.38  -241.91   -61.00     0.32
13   185.90  -208.70   -61.00     0.32
13   305.15   -72.96   -61.00     0.32
13   222.30   -27.06   -71.00     0.32
13   235.62   -30.65   -71.00     0.32
13   232.69   -18.60   -71.00     0.32
13   245.04   -28.37   -71.00     0.32
13   215.80   -29.99   -71.00     0.32
13   205.40   -28.37   -71.00     0.32
