11 178.06 -157.23 0 0.32
11 160.19 -147.79 0 0.32
11 177.09 -168.62 0 0.32
11 186.19 -168.29 0 0.32
11 191.06 -177.73 0 0.32
11 196.26 -169.27 0 0.32
11 193.66 -152.34 0 0.32
11 206.33 -148.44 0 0.32
11 196.91 -158.2 0 0.32
11 221.28 -156.58 0 0.32
11 231.68 -156.58 0 0.32
11 235.25 -167.32 0 0.32
11 226.15 -189.45 0 0.32
11 234.6 -194.01 0 0.32
11 241.1 -190.43 0 0.32
11 248.58 -183.27 0 0.32
11 250.85 -186.2 0 0.32
11 263.2 -183.27 0 0.32
11 258.32 -189.78 0 0.32
11 266.12 -192.38 0 0.32
11 274.89 -187.83 0 0.32
11 274.89 -179.36 0 0.32
11 288.54 -190.43 0 0.32
11 296.34 -191.41 0 0.32
11 265.15 -201.82 0 0.32
11 252.8 -198.89 0 0.32
11 243.05 -202.8 0 0.32
11 232.65 -205.73 0 0.32
11 233.63 -216.15 0 0.32
11 242.4 -213.87 0 0.32
11 243.7 -220.05 0 0.32
11 250.52 -219.4 0 0.32
11 261.9 -215.49 0 0.32
11 263.52 -232.42 0 0.32
11 294.39 -225.91 0 0.32
11 298.94 -213.22 0 0.32
11 300.89 -204.43 0 0.32
11 307.39 -211.59 0 0.32
11 274.57 -165.69 0 0.32
11 240.13 -158.2 0 0.32
11 204.71 -184.9 0 0.32
11 181.64 -151.04 -4 0.32
11 247.28 -153.32 -4 0.32
11 236.23 -143.23 -4 0.32
11 162.79 -161.78 -4 0.32
11 200.48 -207.36 -4 0.32
11 206.33 -216.15 -4 0.32
11 211.86 -218.42 -4 0.32
11 223.56 -230.47 -4 0.32
11 222.91 -200.85 -4 0.32
11 280.42 -161.46 -4 0.32
11 280.42 -173.18 -4 0.32
11 287.89 -171.55 -4 0.32
11 294.72 -179.04 -4 0.32
11 226.15 -218.42 -7 0.32
11 232.65 -223.96 -7 0.32
11 190.74 -187.83 -7 0.32
11 146.87 -144.53 -7 0.32
11 153.37 -136.72 -7 0.32
11 164.42 -135.74 -7 0.32
11 252.8 -160.16 -7 0.32
11 291.47 -154.62 -7 0.32
11 291.79 -162.43 -7 0.32
11 230.7 -165.36 -11 0.32
11 230.7 -156.9 -11 0.32
11 226.48 -145.83 -11 0.32
11 194.31 -159.51 -11 0.32
11 196.91 -153.32 -11 0.32
11 267.42 -153.65 -11 0.32
11 274.57 -185.55 -11 0.32
11 283.34 -188.48 -11 0.32
11 297.32 -189.78 -11 0.32
11 306.41 -190.76 -11 0.32
11 299.27 -204.1 -11 0.32
11 282.37 -199.54 -11 0.32
11 270.67 -199.54 -11 0.32
11 265.47 -190.76 -11 0.32
11 262.22 -207.03 -11 0.32
11 252.8 -206.38 -11 0.32
11 245.65 -221.35 -11 0.32
11 252.8 -215.82 -11 0.32
11 260.92 -223.96 -11 0.32
11 155.64 -161.46 -11 0.32
11 186.19 -208.01 -11 0.32
11 193.66 -203.13 -11 0.32
11 182.94 -198.89 -11 0.32
11 174.82 -194.99 -11 0.32
11 172.87 -203.78 -11 0.32
11 170.59 -181.97 -11 0.32
11 152.39 -185.55 -11 0.32
11 142.97 -186.52 -11 0.32
11 140.05 -180.34 -11 0.32
11 244.35 -136.07 -11 0.32
11 149.15 -119.79 -11 0.32
11 160.52 -125.65 -11 0.32
11 278.14 -161.46 -12 0.32
11 272.3 -169.6 -12 0.32
11 277.17 -175.78 -12 0.32
11 285.62 -169.92 -12 0.32
11 287.57 -178.06 -12 0.32
11 300.56 -195.96 -12 0.32
11 308.69 -203.45 -12 0.32
11 283.67 -208.01 -12 0.32
11 266.45 -179.36 -12 0.32
11 253.12 -186.52 -12 0.32
11 253.12 -178.06 -12 0.32
11 239.48 -168.95 -12 0.32
11 239.48 -141.28 -12 0.32
11 179.36 -148.76 -12 0.32
11 185.21 -152.99 -12 0.32
11 213.16 -220.38 -12 0.32
11 205.03 -212.57 -12 0.32
11 217.71 -223.96 -12 0.32
11 225.18 -231.45 -12 0.32
11 232.65 -211.59 -12 0.32
11 231.35 -200.85 -12 0.32
11 165.07 -161.46 -12 0.32
11 143.3 -152.67 -12 0.32
11 309.34 -209.96 -12 0.32
11 268.07 -235.68 -12 0.32
11 159.87 -187.83 -14 0.32
11 245.33 -149.41 -14 0.32
11 226.48 -126.63 -14 0.32
11 217.06 -121.42 -14 0.32
11 280.09 -151.69 -14 0.32
11 277.17 -240.89 -18 0.32
11 321.69 -201.5 -18 0.32
11 325.58 -197.92 -18 0.32
11 291.47 -160.81 -18 0.32
11 293.74 -169.92 -18 0.32
11 293.42 -151.04 -18 0.32
11 219.33 -233.72 -18 0.32
11 150.44 -145.18 -18 0.32
11 146.55 -140.63 -18 0.32
11 149.47 -136.39 -18 0.32
11 158.89 -141.28 -18 0.32
11 137.77 -136.72 -18 0.32
11 164.09 -169.92 -18 0.32
11 147.85 -170.25 -18 0.32
11 258.97 -139.32 -18 0.32
11 275.54 -132.16 -18 0.32
11 268.4 -220.05 -18 0.32
11 205.36 -233.07 -18 0.32
11 196.91 -219.73 -18 0.32
11 135.82 -147.14 -18 0.32
11 157.59 -117.19 -18 0.32
11 168.32 -119.47 -18 0.32
11 167.02 -113.93 -18 0.32
11 174.17 -110.68 -18 0.32
11 180.66 -109.05 -18 0.32
11 169.29 -101.56 -18 0.32
11 209.58 -107.1 -18 0.32
11 219.01 -108.07 -18 0.32
11 175.14 -200.52 -19 0.32
11 176.44 -196.29 -19 0.32
11 183.59 -202.47 -19 0.32
11 185.86 -193.68 -19 0.32
11 168.97 -186.52 -19 0.32
11 174.17 -182.62 -19 0.32
11 145.9 -190.43 -19 0.32
11 136.47 -176.43 -19 0.32
11 147.52 -116.54 -19 0.32
11 234.6 -131.84 -19 0.32
11 245.33 -138.02 -19 0.32
11 247.93 -195.64 -19 0.32
11 248.58 -217.77 -19 0.32
11 255.07 -211.91 -19 0.32
11 263.85 -209.64 -19 0.32
11 261.25 -199.54 -19 0.32
11 280.74 -189.78 -19 0.32
11 281.39 -200.52 -19 0.32
11 296.67 -201.17 -19 0.32
11 302.51 -212.57 -19 0.32
11 317.46 -217.45 -19 0.32
11 318.76 -189.78 -19 0.32
11 271.65 -153.32 -19 0.32
11 251.5 -239.26 -19 0.32
11 236.23 -158.53 -19 0.32
11 230.7 -149.74 -19 0.32
11 228.1 -140.95 -19 0.32
11 290.17 -187.17 -19 0.32
11 270.02 -234.05 -20 0.32
11 285.94 -206.71 -20 0.32
11 220.96 -219.08 -20 0.32
11 221.28 -210.61 -20 0.32
11 224.86 -229.49 -20 0.32
11 229.4 -197.59 -20 0.32
11 183.91 -152.99 -20 0.32
11 183.26 -144.86 -20 0.32
11 195.29 -159.51 -20 0.32
11 161.82 -212.57 -24 0.32
11 172.54 -208.66 -24 0.32
11 173.52 -217.77 -24 0.32
11 204.71 -240.56 -24 0.32
11 223.23 -243.82 -24 0.32
11 239.8 -249.35 -24 0.32
11 248.9 -250 -24 0.32
11 259.95 -150.39 -24 0.32
11 273.92 -145.83 -24 0.32
11 282.04 -144.53 -24 0.32
11 282.69 -152.99 -24 0.32
11 283.99 -180.01 -24 0.32
11 304.46 -192.38 -24 0.32
11 310.96 -198.89 -24 0.32
11 312.26 -210.61 -24 0.32
11 162.14 -103.84 -25 0.32
11 165.72 -93.42 -25 0.32
11 140.05 -109.38 -25 0.32
11 134.85 -125.33 -25 0.32
11 149.47 -127.6 -25 0.32
11 238.18 -100.91 -25 0.32
11 241.43 -108.07 -25 0.32
11 243.05 -122.72 -25 0.32
11 246.63 -128.91 -25 0.32
11 269.7 -126.63 -25 0.32
11 276.19 -123.37 -25 0.32
11 284.64 -167.32 -25 0.32
11 263.2 -245.44 -25 0.32
11 178.39 -221.35 -25 0.32
11 183.59 -212.57 -25 0.32
11 198.86 -198.57 -25 0.32
11 201.13 -192.06 -25 0.32
11 266.45 -184.57 -25 0.32
11 265.47 -177.08 -25 0.32
11 260.92 -174.8 -25 0.32
11 256.05 -169.27 -25 0.32
11 253.12 -154.62 -25 0.32
11 252.8 -138.35 -25 0.32
11 239.15 -134.44 -25 0.32
11 224.86 -116.86 -25 0.32
11 289.19 -250.33 -25 0.32
11 285.29 -265.95 -25 0.32
11 292.44 -263.35 -25 0.32
11 293.09 -253.58 -25 0.32
11 257.02 -234.7 -25 0.32
11 294.39 -230.14 -25 0.32
11 233.95 -205.08 -25 0.32
11 131.92 -161.46 -25 0.32
11 131.27 -168.95 -25 0.32
11 130.95 -130.21 -25 0.32
11 141.67 -143.55 -26 0.32
11 158.89 -135.42 -26 0.32
11 164.09 -139.32 -26 0.32
11 143.3 -172.85 -28 0.32
11 148.17 -158.53 -28 0.32
11 146.22 -143.88 -28 0.32
11 139.4 -135.09 -28 0.32
11 220.31 -105.14 -28 0.32
11 262.22 -137.04 -28 0.32
11 271.97 -137.04 -28 0.32
11 271.97 -155.6 -28 0.32
11 265.47 -166.67 -28 0.32
11 270.35 -166.02 -28 0.32
11 286.59 -203.45 -28 0.32
11 291.79 -211.26 -28 0.32
11 300.89 -206.71 -28 0.32
11 296.67 -199.22 -28 0.32
11 295.69 -192.71 -28 0.32
11 271.65 -210.61 -28 0.32
11 255.07 -210.61 -28 0.32
11 249.88 -213.54 -28 0.32
11 245.98 -199.54 -28 0.32
11 248.58 -192.06 -28 0.32
11 242.4 -190.43 -28 0.32
11 218.03 -230.79 -28 0.32
11 220.63 -222.33 -28 0.32
11 201.46 -228.52 -28 0.32
11 193.66 -222.33 -28 0.32
11 197.56 -212.89 -28 0.32
11 194.96 -233.72 -28 0.32
11 178.39 -198.24 -28 0.32
11 188.46 -195.64 -28 0.32
11 168.32 -178.71 -28 0.32
11 159.87 -174.8 -28 0.32
11 153.69 -171.88 -28 0.32
11 161.49 -167.64 -28 0.32
11 159.87 -160.48 -28 0.32
11 148.82 -138.67 -28 0.32
11 151.42 -119.14 -28 0.32
11 193.99 -159.83 -28 0.32
11 202.76 -166.34 -28 0.32
11 237.85 -241.21 -28 0.32
11 245.33 -238.93 -28 0.32
11 276.52 -199.87 -28 0.32
11 291.79 -175.13 -28 0.32
11 323.64 -198.57 -28 0.32
11 327.53 -191.08 -28 0.32
11 322.34 -186.85 -28 0.32
11 236.88 -142.9 -28 0.32
11 239.8 -142.58 -28 0.32
11 144.27 -189.45 -28 0.32
11 213.48 -244.14 -28 0.32
11 318.44 -215.17 -28 0.32
11 116.98 -141.6 -31 0.32
11 114.7 -133.14 -31 0.32
11 170.59 -90.49 -31 0.32
11 186.19 -106.12 -31 0.32
11 194.31 -105.14 -31 0.32
11 192.04 -85.61 -31 0.32
11 192.36 -71.61 -31 0.32
11 217.71 -91.8 -31 0.32
11 253.12 -100.26 -31 0.32
11 258.97 -100.26 -31 0.32
11 270.67 -115.89 -31 0.32
11 281.72 -129.23 -31 0.32
11 294.72 -146.81 -31 0.32
11 302.51 -172.2 -31 0.32
11 297.32 -182.62 -31 0.32
11 262.22 -201.82 -31 0.32
11 254.1 -198.89 -31 0.32
11 266.12 -224.61 -31 0.32
11 269.05 -218.1 -31 0.32
11 271.97 -223.96 -31 0.32
11 284.64 -239.91 -31 0.32
11 296.99 -241.86 -31 0.32
11 233.3 -249.02 -31 0.32
11 167.99 -222.01 -31 0.32
11 139.07 -155.27 -31 0.32
11 169.94 -126.95 -31 0.32
11 172.22 -132.81 -31 0.32
11 195.29 -136.39 -31 0.32
11 312.91 -204.75 -32 0.32
11 309.99 -195.96 -32 0.32
11 261.57 -150.72 -32 0.32
11 284.32 -154.3 -32 0.32
11 277.49 -192.71 -32 0.32
11 211.21 -111 -32 0.32
11 130.95 -168.62 -33 0.32
11 137.45 -165.69 -33 0.32
11 129.97 -157.55 -33 0.32
11 129.65 -128.58 -33 0.32
11 139.4 -112.96 -33 0.32
11 162.47 -101.24 -33 0.32
11 221.61 -125.65 -33 0.32
11 249.88 -136.07 -33 0.32
11 238.83 -130.86 -33 0.32
11 253.77 -144.53 -33 0.32
11 281.07 -139 -33 0.32
11 271 -129.88 -33 0.32
11 274.57 -125.33 -33 0.32
11 245.65 -107.42 -33 0.32
11 238.83 -98.31 -33 0.32
11 230.05 -102.86 -33 0.32
11 247.93 -252.28 -33 0.32
11 242.73 -252.6 -33 0.32
11 224.53 -245.44 -33 0.32
11 240.78 -208.01 -33 0.32
11 232.65 -208.33 -33 0.32
11 227.13 -201.5 -33 0.32
11 187.49 -210.94 -33 0.32
11 178.71 -208.33 -33 0.32
11 196.26 -199.22 -33 0.32
11 171.24 -208.66 -33 0.32
11 175.14 -216.8 -33 0.32
11 285.62 -168.29 -33 0.32
11 257.67 -158.85 -33 0.32
11 294.39 -224.93 -33 0.32
11 288.87 -222.01 -33 0.32
11 291.14 -248.7 -33 0.32
11 293.42 -260.09 -33 0.32
11 277.17 -242.84 -33 0.32
11 272.62 -239.26 -33 0.32
11 255.72 -229.49 -33 0.32
11 212.18 -246.42 -38 0.32
11 212.83 -236 -38 0.32
11 208.28 -228.84 -38 0.32
11 217.06 -223.63 -38 0.32
11 227.45 -232.42 -38 0.32
11 232 -227.21 -38 0.32
11 236.55 -234.38 -38 0.32
11 244.03 -234.7 -38 0.32
11 278.47 -251.3 -38 0.32
11 305.11 -220.7 -38 0.32
11 297.32 -209.31 -38 0.32
11 322.66 -199.22 -38 0.32
11 336.63 -197.27 -38 0.32
11 333.38 -183.92 -38 0.32
11 271.32 -195.64 -38 0.32
11 275.22 -202.47 -38 0.32
11 274.25 -210.61 -38 0.32
11 262.22 -212.24 -38 0.32
11 255.72 -212.57 -38 0.32
11 243.38 -185.87 -38 0.32
11 253.45 -184.9 -38 0.32
11 270.67 -159.83 -38 0.32
11 270.02 -149.09 -38 0.32
11 260.6 -130.86 -38 0.32
11 237.53 -141.28 -38 0.32
11 227.45 -91.47 -38 0.32
11 197.56 -91.15 -38 0.32
11 146.55 -161.46 -38 0.32
11 169.29 -172.2 -38 0.32
11 151.09 -141.28 -38 0.32
11 142.65 -145.51 -38 0.32
11 285.62 -204.1 -38 0.32
11 190.74 -170.9 -38 0.32
11 158.57 -176.11 -38 0.32
11 165.07 -186.85 -38 0.32
11 168.32 -193.03 -38 0.32
11 177.74 -197.27 -38 0.32
11 148.5 -199.87 -38 0.32
11 208.93 -94.73 -40 0.32
11 209.26 -87.89 -40 0.32
11 217.71 -89.52 -40 0.32
11 186.19 -79.75 -40 0.32
11 193.34 -79.1 -40 0.32
11 188.79 -70.31 -40 0.32
11 193.66 -103.19 -40 0.32
11 204.38 -104.82 -40 0.32
11 213.16 -111.33 -40 0.32
11 248.25 -102.21 -40 0.32
11 258.32 -102.86 -40 0.32
11 267.42 -104.49 -40 0.32
11 270.02 -111 -40 0.32
11 306.09 -202.8 -40 0.32
11 313.24 -159.18 -40 0.32
11 319.41 -162.76 -40 0.32
11 321.36 -155.92 -40 0.32
11 311.94 -150.39 -40 0.32
11 124.78 -135.42 -40 0.32
11 161.82 -134.77 -40 0.32
11 294.39 -234.38 -40 0.32
11 306.09 -231.77 -40 0.32
11 310.64 -223.63 -40 0.32
11 323.64 -213.54 -40 0.32
11 333.38 -208.01 -40 0.32
11 300.56 -188.15 -40 0.32
11 260.6 -200.2 -40 0.32
11 251.82 -197.59 -40 0.32
11 163.77 -226.56 -40 0.32
11 170.92 -227.21 -40 0.32
11 286.92 -263.67 -40 0.32
11 288.87 -239.26 -40 0.32
11 272.3 -228.84 -40 0.32
11 312.59 -190.1 -40 0.32
11 306.41 -182.62 -40 0.32
11 131.27 -182.62 -43 0.32
11 127.7 -174.15 -43 0.32
11 129.97 -161.78 -43 0.32
11 246.63 -249.67 -43 0.32
11 234.28 -246.74 -43 0.32
11 222.91 -243.49 -43 0.32
11 293.09 -194.99 -44 0.32
11 290.49 -181.32 -44 0.32
11 283.02 -166.99 -44 0.32
11 285.62 -252.28 -44 0.32
11 301.54 -245.77 -44 0.32
11 270.67 -238.61 -44 0.32
11 267.75 -244.79 -44 0.32
11 253.12 -155.6 -44 0.32
11 260.27 -144.86 -44 0.32
11 255.07 -140.63 -44 0.32
11 251.17 -133.46 -44 0.32
11 281.39 -109.38 -44 0.32
11 281.07 -118.82 -44 0.32
11 277.17 -102.21 -44 0.32
11 174.49 -218.75 -44 0.32
11 197.56 -198.24 -44 0.32
11 255.07 -246.09 -44 0.32
11 239.8 -89.52 -47 0.32
11 229.73 -83.66 -47 0.32
11 158.24 -181.97 -46 0.32
11 152.72 -179.36 -46 0.32
11 148.5 -162.76 -46 0.32
11 167.67 -176.11 -46 0.32
11 173.52 -180.01 -46 0.32
11 203.41 -206.71 -46 0.32
11 213.48 -212.24 -46 0.32
11 215.43 -220.05 -46 0.32
11 221.93 -227.54 -46 0.32
11 249.55 -240.56 -46 0.32
11 248.58 -212.57 -46 0.32
11 260.92 -211.59 -46 0.32
11 244.03 -189.78 -46 0.32
11 245.65 -173.18 -46 0.32
11 335.01 -188.8 -46 0.32
11 323.96 -192.06 -46 0.32
11 316.16 -196.29 -46 0.32
11 329.48 -198.57 -46 0.32
11 334.03 -179.69 -46 0.32
11 255.07 -184.9 -46 0.32
11 261.9 -180.34 -46 0.32
11 121.53 -163.74 -46 0.32
11 297.64 -217.77 -46 0.32
11 242.08 -139.65 -46 0.32
11 214.46 -246.09 -46 0.32
11 188.79 -135.74 -46 0.32
11 191.06 -141.6 -46 0.32
11 201.13 -132.49 -46 0.32
11 206.33 -124.35 -46 0.32
11 212.51 -126.63 -46 0.32
11 232.33 -96.68 -46 0.32
11 179.36 -170.9 -48 0.32
11 198.86 -240.56 -48 0.32
11 174.17 -227.21 -48 0.32
11 166.69 -224.61 -48 0.32
11 159.22 -221.68 -48 0.32
11 151.42 -196.94 -48 0.32
11 289.52 -267.58 -48 0.32
11 294.07 -247.4 -48 0.32
11 309.34 -230.14 -48 0.32
11 309.01 -223.63 -48 0.32
11 298.62 -208.98 -48 0.32
11 277.17 -203.13 -48 0.32
11 285.94 -198.89 -48 0.32
11 304.79 -191.08 -48 0.32
11 313.24 -186.2 -48 0.32
11 333.06 -204.43 -48 0.32
11 322.66 -164.71 -48 0.32
11 317.46 -160.81 -48 0.32
11 328.51 -157.55 -48 0.32
11 313.56 -151.04 -49 0.32
11 283.99 -143.55 -48 0.32
11 243.05 -103.52 -48 0.32
11 256.37 -106.45 -48 0.32
11 270.02 -106.12 -48 0.32
11 187.49 -102.54 -48 0.32
11 184.24 -76.82 -48 0.32
11 126.07 -135.74 -48 0.32
11 126.72 -103.19 -48 0.32
11 131.92 -117.19 -48 0.32
11 200.48 -95.7 -48 0.32
11 219.01 -94.4 -48 0.32
11 322.99 -209.31 -48 0.32
11 234.6 -238.93 -48 0.32
11 141.35 -179.36 -48 0.32
11 140.05 -117.19 -48 0.32
11 148.17 -113.93 -48 0.32
11 153.37 -123.7 -48 0.32
11 176.44 -209.31 -48 0.32
11 187.81 -200.52 -48 0.32
11 183.91 -193.68 -48 0.32
11 271.97 -228.19 -48 0.32
11 261.57 -221.35 -48 0.32
11 298.62 -138.35 -48 0.32
11 309.01 -138.67 -48 0.32
11 213.16 -150.07 -48 0.32
11 203.41 -73.89 -50 0.32
11 214.46 -69.01 -50 0.32
11 161.49 -75.2 -50 0.32
11 279.77 -242.84 -50 0.32
11 279.77 -257.16 -50 0.32
11 287.57 -242.84 -50 0.32
11 273.6 -266.28 -50 0.32
11 235.25 -259.77 -50 0.32
11 151.42 -213.54 -50 0.32
11 124.13 -152.02 -50 0.32
11 302.19 -264.32 -50 0.32
11 303.16 -256.18 -50 0.32
11 312.91 -245.44 -50 0.32
11 301.86 -234.38 -50 0.32
11 310.64 -235.03 -50 0.32
11 318.11 -230.79 -50 0.32
11 325.58 -221.03 -50 0.32
11 333.38 -210.94 -50 0.32
11 324.93 -174.8 -50 0.32
11 161.17 -98.96 -50 0.32
11 165.72 -107.75 -50 0.32
11 130.95 -162.43 -52 0.32
11 135.5 -160.81 -52 0.32
11 222.58 -251.63 -52 0.32
11 254.1 -252.28 -52 0.32
11 278.79 -177.08 -52 0.32
11 279.44 -160.16 -52 0.32
11 262.87 -145.51 -52 0.32
11 248.9 -139.32 -52 0.32
11 260.6 -137.37 -52 0.32
11 276.19 -114.26 -52 0.32
11 276.19 -110.03 -52 0.32
11 275.54 -97.01 -52 0.32
11 266.45 -111.33 -52 0.32
11 123.48 -180.01 -52 0.32
11 128.67 -172.53 -52 0.32
11 244.68 -257.49 -52 0.32
11 282.69 -188.8 -52 0.32
11 293.74 -185.55 -52 0.32
11 277.49 -149.74 -52 0.32
11 191.06 -71.29 -52 0.32
11 248.9 -151.69 -52 0.32
11 300.24 -198.89 -52 0.32
11 128.02 -125 -58 0.32
11 128.35 -115.56 -58 0.32
11 161.17 -217.45 -58 0.32
11 161.17 -210.94 -58 0.32
11 245.65 -183.59 -58 0.32
11 249.88 -165.69 -58 0.32
11 247.28 -161.13 -58 0.32
11 258 -156.25 -58 0.32
11 291.14 -137.37 -58 0.32
11 294.72 -144.86 -58 0.32
11 294.39 -150.07 -58 0.32
11 306.41 -151.04 -58 0.32
11 322.66 -146.48 -58 0.32
11 314.21 -157.88 -58 0.32
11 317.79 -170.25 -58 0.32
11 332.41 -157.55 -58 0.32
11 340.86 -160.81 -58 0.32
11 334.36 -183.59 -58 0.32
11 324.61 -188.15 -58 0.32
11 310.96 -184.9 -58 0.32
11 318.11 -198.57 -58 0.32
11 318.76 -206.05 -58 0.32
11 332.41 -200.52 -58 0.32
11 338.91 -212.24 -58 0.32
11 312.59 -215.17 -58 0.32
11 288.54 -250.98 -58 0.32
11 293.74 -258.79 -58 0.32
11 283.99 -260.74 -58 0.32
11 281.39 -253.26 -58 0.32
11 269.05 -256.51 -58 0.32
11 267.42 -270.18 -58 0.32
11 279.12 -266.6 -58 0.32
11 190.41 -87.24 -58 0.32
11 190.09 -103.84 -58 0.32
11 200.48 -80.73 -58 0.32
11 213.81 -66.73 -58 0.32
11 222.91 -69.01 -58 0.32
11 232.65 -70.31 -58 0.32
11 261.25 -86.59 -58 0.32
11 240.13 -99.61 -58 0.32
11 237.2 -107.1 -58 0.32
11 230.05 -89.84 -58 0.32
11 246.3 -115.56 -58 0.32
11 275.54 -194.34 -58 0.32
11 267.75 -188.48 -58 0.32
11 265.47 -180.99 -58 0.32
11 249.88 -241.86 -58 0.32
11 299.59 -241.54 -58 0.32
11 297.97 -229.17 -58 0.32
11 306.74 -228.52 -58 0.32
11 297.97 -221.35 -58 0.32
11 304.46 -208.01 -58 0.32
11 154.67 -74.54 -58 0.32
11 149.8 -69.66 -58 0.32
11 139.07 -77.15 -58 0.32
11 118.6 -152.67 -58 0.32
11 117.3 -163.74 -58 0.32
11 303.81 -116.54 -58 0.32
11 318.44 -121.42 -58 0.32
11 322.66 -131.18 -58 0.32
11 331.43 -215.17 -58 0.32
11 226.15 -201.17 -58 0.32
11 185.21 -58.92 -58 0.32
11 258 -112.96 -59 0.32
11 187.16 -76.82 -59 0.32
11 282.37 -172.85 -60 0.32
11 289.84 -172.53 -60 0.32
11 277.82 -159.51 -60 0.32
11 252.8 -143.23 -60 0.32
11 252.15 -149.41 -60 0.32
11 282.04 -111 -60 0.32
11 274.57 -102.21 -60 0.32
11 270.02 -93.75 -60 0.32
11 280.42 -94.08 -60 0.32
11 230.38 -78.13 -60 0.32
11 195.61 -69.34 -60 0.32
11 214.46 -245.77 -60 0.32
11 219.66 -248.05 -60 0.32
11 224.53 -254.88 -60 0.32
11 235.25 -257.16 -60 0.32
11 243.05 -255.21 -60 0.32
11 122.83 -181.64 -60 0.32
11 126.72 -175.46 -60 0.32
11 130.3 -165.36 -60 0.32
11 155.64 -181.32 -60 0.32
11 207.96 -192.71 -60 0.32
11 216.73 -189.78 -60 0.32
11 237.85 -212.24 -60 0.32
11 247.93 -211.26 -60 0.32
11 242.4 -218.42 -60 0.32
11 296.99 -268.55 -60 0.32
11 304.46 -249.67 -60 0.32
11 313.24 -236.65 -60 0.32
11 280.42 -237.3 -60 0.32
11 294.72 -191.41 -60 0.32
11 297.32 -201.5 -60 0.32
11 269.05 -165.04 -60 0.32
11 175.79 -130.86 -61 0.32
11 170.59 -119.14 -61 0.32
11 219.01 -57.94 -61 0.32
11 228.43 -57.62 -61 0.32
11 190.41 -53.71 -61 0.32
11 127.7 -90.17 -61 0.32
11 120.88 -147.14 -61 0.32
11 141.67 -159.18 -61 0.32
11 153.37 -171.22 -61 0.32
11 282.37 -183.59 -62 0.32
11 309.34 -133.46 -62 0.32
11 163.44 -62.83 -64 0.32
11 168.97 -59.9 -64 0.32
11 167.99 -226.24 -64 0.32
11 174.82 -224.93 -64 0.32
11 246.95 -132.49 -64 0.32
11 199.84 -64.45 -64 0.32
11 206.98 -53.06 -64 0.32
11 254.1 -81.05 -65 0.32
11 220.96 -156.25 -65 0.32
11 209.58 -133.46 -65 0.32
11 238.5 -168.29 -65 0.32
11 265.47 -245.77 -65 0.32
11 293.74 -165.36 -65 0.32
11 298.94 -179.69 -65 0.32
11 282.69 -163.41 -65 0.32
11 280.74 -149.09 -65 0.32
11 337.28 -149.74 -65 0.32
11 329.48 -141.28 -65 0.32
11 316.49 -135.09 -65 0.32
11 163.12 -78.13 -67 0.32
11 230.05 -51.11 -67 0.32
11 239.8 -59.24 -67 0.32
11 253.12 -65.76 -67 0.32
11 152.07 -67.06 -67 0.32
11 180.66 -73.24 -67 0.32
11 188.46 -77.47 -67 0.32
11 209.58 -64.45 -67 0.32
11 215.43 -64.13 -67 0.32
11 312.59 -149.09 -67 0.32
11 314.86 -144.86 -67 0.32
11 324.61 -180.34 -67 0.32
11 329.48 -192.71 -67 0.32
11 330.78 -210.94 -67 0.32
11 320.71 -208.98 -67 0.32
11 313.89 -193.36 -67 0.32
11 282.04 -250.98 -67 0.32
11 270.35 -250.33 -67 0.32
11 283.99 -272.46 -67 0.32
11 154.02 -216.8 -67 0.32
11 164.42 -216.8 -67 0.32
11 159.22 -207.36 -67 0.32
11 132.57 -116.86 -67 0.32
11 132.9 -130.21 -67 0.32
11 122.18 -111.33 -67 0.32
11 173.19 -78.45 -67 0.32
11 242.4 -181.32 -67 0.32
11 251.17 -181.32 -67 0.32
11 254.1 -175.78 -67 0.32
11 318.11 -126.63 -67 0.32
11 304.46 -109.7 -67 0.32
11 296.02 -103.52 -67 0.32
11 189.76 -85.29 -67 0.32
11 317.14 -220.7 -66 0.32
11 334.36 -160.48 -66 0.32
11 341.51 -157.23 -66 0.32
11 334.68 -217.45 -67 0.32
11 335.98 -206.05 -67 0.32
11 226.15 -204.75 -67 0.32
11 227.45 -199.54 -67 0.32
11 246.95 -166.34 -67 0.32
11 243.05 -153.65 -67 0.32
11 260.27 -147.79 -67 0.32
11 264.17 -266.28 -66 0.32
11 164.42 -59.24 -72 0.32
11 164.42 -67.06 -72 0.32
11 269.05 -86.91 -72 0.32
11 276.84 -89.84 -72 0.32
11 285.62 -88.22 -72 0.32
11 298.94 -263.35 -72 0.32
11 229.73 -255.53 -72 0.32
11 217.71 -251.3 -72 0.32
11 211.53 -241.54 -72 0.32
11 210.56 -248.05 -72 0.32
11 327.86 -143.55 -73 0.32
11 336.31 -143.55 -73 0.32
11 327.21 -136.07 -73 0.32
11 288.87 -150.72 -73 0.32
11 282.37 -151.04 -73 0.32
11 282.69 -158.85 -73 0.32
11 272.3 -157.23 -73 0.32
11 260.27 -165.36 -73 0.32
11 305.76 -180.01 -73 0.32
11 192.36 -61.52 -73 0.32
11 258.97 -111.33 -73 0.32
11 265.15 -101.89 -73 0.32
11 264.5 -111.65 -73 0.32
11 317.14 -171.22 -73 0.32
11 311.29 -171.22 -73 0.32
11 311.29 -161.78 -73 0.32
11 261.25 -70.64 -73 0.32
11 183.59 -49.8 -73 0.32
11 163.44 -202.15 -75 0.32
11 158.57 -217.77 -75 0.32
11 166.04 -214.52 -75 0.32
11 167.99 -219.08 -75 0.32
11 172.87 -232.75 -75 0.32
11 213.81 -66.41 -75 0.32
11 221.28 -62.5 -75 0.32
11 220.31 -71.29 -75 0.32
11 237.85 -59.57 -75 0.32
11 230.38 -48.18 -75 0.32
11 247.28 -63.15 -75 0.32
11 185.54 -68.36 -75 0.32
11 173.19 -74.54 -75 0.32
11 161.49 -75.2 -75 0.32
11 207.31 -61.2 -75 0.32
11 133.87 -116.21 -75 0.32
11 130.95 -128.91 -75 0.32
11 298.29 -98.31 -75 0.32
11 305.76 -107.75 -75 0.32
11 321.36 -119.79 -75 0.32
11 316.49 -120.77 -75 0.32
11 329.16 -126.3 -75 0.32
11 336.96 -163.41 -75 0.32
11 325.91 -183.27 -75 0.32
11 329.16 -206.71 -75 0.32
11 321.04 -207.68 -75 0.32
11 237.53 -173.18 -75 0.32
11 256.05 -172.53 -75 0.32
11 247.93 -161.13 -75 0.32
11 243.05 -152.02 -75 0.32
11 257.67 -143.88 -75 0.32
11 271 -140.95 -75 0.32
11 206.33 -104.82 -75 0.32
11 198.86 -105.14 -75 0.32
11 284.64 -269.21 -75 0.32
11 272.95 -243.82 -75 0.32
11 263.85 -236 -75 0.32
11 226.15 -227.86 -75 0.32
11 140.7 -158.2 -75 0.32
11 148.82 -168.29 -75 0.32
11 165.07 -81.05 -75 0.32
11 187.81 -73.24 -75 0.32
11 193.01 -83.33 -75 0.32
11 318.76 -144.53 -75 0.32
11 302.19 -155.92 -75 0.32
11 338.91 -211.59 -75 0.32
11 145.9 -63.8 -76 0.32
11 156.29 -59.9 -76 0.32
11 169.29 -50.46 -76 0.32
11 201.13 -51.43 -76 0.32
11 121.53 -148.44 -76 0.32
11 246.63 -83.01 -76 0.32
11 254.1 -83.33 -76 0.32
11 231.68 -216.8 -76 0.32
11 215.11 -134.77 -76 0.32
11 200.81 -70.31 -79 0.32
11 236.88 -48.83 -79 0.32
11 227.45 -242.19 -79 0.32
11 318.76 -131.51 -82 0.32
11 313.89 -139.32 -82 0.32
11 305.76 -144.53 -82 0.32
11 327.86 -149.09 -82 0.32
11 326.88 -139.65 -82 0.32
11 335.01 -145.83 -82 0.32
11 328.18 -165.69 -82 0.32
11 267.1 -165.69 -82 0.32
11 269.37 -154.95 -82 0.32
11 275.87 -111.65 -82 0.32
11 264.82 -98.63 -82 0.32
11 262.55 -86.59 -82 0.32
11 272.62 -91.47 -82 0.32
11 283.34 -91.8 -82 0.32
11 283.34 -81.71 -82 0.32
11 292.77 -90.82 -82 0.32
11 277.17 -66.41 -82 0.32
11 267.75 -66.41 -82 0.32
11 262.87 -73.57 -82 0.32
11 256.37 -65.1 -82 0.32
11 205.36 -246.42 -82 0.32
11 215.11 -251.95 -82 0.32
11 226.15 -252.28 -82 0.32
11 127.37 -169.27 -82 0.32
11 129 -135.42 -82 0.32
11 208.61 -124.02 -82 0.32
11 162.14 -73.24 -86 0.32
11 168.97 -60.22 -86 0.32
11 154.34 -59.57 -86 0.32
11 160.19 -48.5 -86 0.32
11 169.94 -44.27 -86 0.32
11 176.76 -65.43 -86 0.32
11 175.14 -77.15 -86 0.32
11 186.51 -75.52 -86 0.32
11 189.11 -83.33 -86 0.32
11 202.43 -79.43 -86 0.32
11 204.38 -66.41 -86 0.32
11 216.73 -61.52 -86 0.32
11 239.8 -60.55 -86 0.32
11 228.75 -59.24 -86 0.32
11 130.3 -126.63 -86 0.32
11 130.3 -114.26 -86 0.32
11 126.72 -151.04 -86 0.32
11 157.27 -217.45 -86 0.32
11 170.92 -209.31 -86 0.32
11 176.44 -223.63 -86 0.32
11 238.83 -251.3 -86 0.32
11 275.22 -135.09 -86 0.32
11 283.02 -130.21 -86 0.32
11 257.35 -141.6 -86 0.32
11 258.97 -149.74 -86 0.32
11 245 -150.39 -86 0.32
11 248.58 -139.97 -86 0.32
11 255.07 -170.57 -86 0.32
11 236.55 -170.57 -86 0.32
11 229.08 -154.3 -86 0.32
11 224.86 -162.43 -86 0.32
11 155.97 -123.37 -86 0.32
11 268.4 -121.42 -86 0.32
11 336.31 -154.95 -86 0.32
11 313.56 -154.95 -86 0.32
11 326.88 -125 -86 0.32
11 253.12 -75.85 -92 0.32
11 262.87 -75.2 -92 0.32
11 256.05 -65.1 -92 0.32
11 269.37 -68.03 -92 0.32
11 265.47 -58.92 -92 0.32
11 281.39 -68.03 -92 0.32
11 235.58 -90.17 -92 0.32
11 271 -97.01 -92 0.32
11 279.12 -91.47 -92 0.32
11 280.42 -99.28 -92 0.32
11 273.92 -103.52 -92 0.32
11 269.7 -111.33 -92 0.32
11 256.37 -111 -92 0.32
11 295.04 -91.15 -92 0.32
11 191.71 -56.64 -92 0.32
11 213.81 -248.05 -92 0.32
11 224.53 -247.72 -92 0.32
11 227.45 -235.68 -92 0.32
11 245.33 -231.12 -92 0.32
11 231.03 -254.56 -92 0.32
11 127.05 -143.55 -92 0.32
11 274.89 -61.85 -92 0.32
11 268.07 -157.23 -93 0.32
11 151.42 -129.56 -94 0.32
11 153.69 -117.51 -94 0.32
11 165.72 -44.92 -94 0.32
11 172.54 -51.11 -94 0.32
11 169.94 -63.48 -94 0.32
11 184.89 -75.85 -94 0.32
11 188.79 -84.96 -94 0.32
11 195.94 -76.17 -94 0.32
11 205.68 -86.26 -94 0.32
11 213.48 -82.36 -94 0.32
11 218.03 -74.22 -94 0.32
11 244.03 -63.15 -94 0.32
11 236.55 -57.62 -94 0.32
11 278.79 -136.07 -94 0.32
11 279.77 -151.69 -94 0.32
11 266.12 -142.9 -94 0.32
11 252.8 -153.97 -94 0.32
11 245 -159.18 -94 0.32
11 324.29 -121.74 -94 0.32
11 332.73 -125 -94 0.32
11 329.81 -134.77 -94 0.32
11 334.03 -140.3 -94 0.32
11 330.13 -158.85 -94 0.32
11 326.88 -170.57 -94 0.32
11 325.91 -184.24 -94 0.32
11 324.29 -195.31 -94 0.32
11 324.61 -206.38 -94 0.32
11 340.21 -190.76 -94 0.32
11 337.28 -176.11 -94 0.32
11 320.06 -169.6 -94 0.32
11 312.26 -188.8 -94 0.32
11 311.94 -170.57 -94 0.32
11 303.49 -159.18 -94 0.32
11 310.96 -153.97 -94 0.32
11 240.13 -252.28 -94 0.32
11 166.69 -212.57 -94 0.32
11 125.75 -160.81 -94 0.32
11 136.47 -166.34 -94 0.32
11 231.68 -169.92 -94 0.32
11 190.41 -151.04 -94 0.32
11 206.01 -128.91 -94 0.32
11 222.26 -135.09 -94 0.32
11 258.65 -131.51 -94 0.32
11 267.1 -125 -94 0.32
11 276.19 -124.02 -94 0.32
11 243.05 -140.63 -94 0.32
11 274.57 -82.03 -94 0.32
11 262.22 -97.98 -94 0.32
11 258 -50.13 -94 0.32
11 202.43 -67.71 -94 0.32
11 180.66 -57.29 -94 0.32
11 216.73 -34.83 -94 0.32
11 193.34 -56.32 -81 0.32
11 310.96 -176.76 -81 0.32
11 312.59 -169.92 -81 0.32
11 289.52 -146.48 -81 0.32
11 268.4 -64.45 -100 0.32
11 260.27 -75.52 -100 0.32
11 270.35 -82.68 -100 0.32
11 271 -64.45 -100 0.32
11 285.29 -63.48 -100 0.32
11 280.09 -75.2 -100 0.32
11 290.49 -83.01 -100 0.32
11 173.19 -103.52 -100 0.32
11 190.41 -105.79 -100 0.32
11 171.57 -176.11 -100 0.32
11 212.51 -168.62 -100 0.32
11 204.38 -199.22 -100 0.32
11 206.33 -210.94 -100 0.32
11 213.16 -244.14 -100 0.32
11 222.58 -243.82 -100 0.32
11 238.83 -237.96 -100 0.32
11 251.17 -181.97 -100 0.32
11 253.77 -171.22 -100 0.32
11 223.23 -50.46 -100 0.32
11 227.45 -58.27 -100 0.32
11 273.6 -111 -100 0.32
11 271.32 -99.28 -100 0.32
11 282.04 -89.19 -100 0.32
11 167.34 -77.47 -101 0.32
11 190.74 -227.86 -101 0.32
11 169.94 -43.62 -102 0.32
11 171.57 -58.27 -102 0.32
11 183.59 -55.99 -102 0.32
11 210.56 -71.61 -102 0.32
11 221.61 -74.22 -102 0.32
11 256.37 -52.08 -102 0.32
11 268.07 -53.06 -102 0.32
11 260.92 -154.62 -102 0.32
11 265.15 -143.88 -102 0.32
11 265.8 -124.35 -102 0.32
11 282.37 -121.42 -102 0.32
11 278.79 -142.25 -102 0.32
11 272.62 -153.32 -102 0.32
11 299.59 -153.65 -102 0.32
11 311.94 -145.83 -102 0.32
11 323.64 -141.93 -102 0.32
11 330.46 -136.39 -102 0.32
11 330.13 -156.58 -102 0.32
11 325.26 -165.04 -102 0.32
11 315.19 -170.9 -102 0.32
11 308.69 -180.99 -102 0.32
11 297.97 -172.53 -102 0.32
11 310.31 -164.71 -102 0.32
11 318.44 -180.34 -102 0.32
11 324.93 -188.8 -102 0.32
11 331.11 -176.11 -102 0.32
11 333.38 -169.27 -102 0.32
11 333.71 -161.46 -102 0.32
11 319.09 -156.58 -102 0.32
11 313.89 -195.31 -102 0.32
11 322.34 -197.27 -102 0.32
11 298.29 -175.78 -102 0.32
11 284.32 -169.27 -102 0.32
11 291.14 -147.79 -102 0.32
11 306.41 -136.07 -102 0.32
11 331.43 -129.88 -102 0.32
11 321.69 -126.3 -102 0.32
11 309.34 -92.12 -102 0.32
11 286.59 -98.31 -102 0.32
11 243.7 -157.55 -102 0.32
11 252.8 -142.25 -102 0.32
11 262.55 -131.18 -102 0.32
11 199.51 -128.58 -102 0.32
11 209.26 -119.47 -102 0.32
11 226.15 -111 -102 0.32
11 231.68 -98.63 -102 0.32
11 205.03 -94.73 -102 0.32
11 205.68 -84.96 -102 0.32
11 198.54 -76.17 -102 0.32
11 133.55 -134.11 -102 0.32
11 149.8 -128.91 -102 0.32
11 234.28 -246.74 -102 0.32
11 241.75 -248.7 -102 0.32
11 269.7 -231.77 -102 0.32
11 258.65 -202.8 -102 0.32
11 242.4 -213.87 -102 0.32
11 202.43 -172.85 -102 0.32
11 205.36 -157.23 -102 0.32
11 251.82 -96.68 -109 0.32
11 260.92 -107.1 -109 0.32
11 257.67 -88.87 -109 0.32
11 273.6 -106.77 -109 0.32
11 279.44 -93.42 -109 0.32
11 269.7 -86.26 -109 0.32
11 280.09 -77.47 -109 0.32
11 265.47 -66.41 -109 0.32
11 276.52 -62.5 -109 0.32
11 292.12 -64.45 -109 0.32
11 290.49 -80.08 -109 0.32
11 293.74 -90.17 -109 0.32
11 230.7 -56.64 -109 0.32
11 224.21 -52.73 -109 0.32
11 210.88 -55.66 -109 0.32
11 214.13 -62.83 -109 0.32
11 169.62 -74.54 -109 0.32
11 154.34 -81.71 -109 0.32
11 205.36 -218.42 -109 0.32
11 216.73 -244.47 -109 0.32
11 250.2 -192.38 -109 0.32
11 253.77 -169.27 -109 0.32
11 233.3 -165.69 -109 0.32
11 336.31 -146.81 -109 0.32
11 138.75 -112.96 -109 0.32
11 268.22 -134.79 -110 0.32
11 259.77 -147.81 -110 0.32
11 252.3 -158.87 -110 0.32
11 281.54 -133.48 -110 0.32
11 282.52 -119.49 -110 0.32
11 302.34 -73.59 -110 0.32
11 261.4 -46.24 -110 0.32
11 258.15 -135.76 -110 0.32
11 334.51 -127.62 -110 0.32
11 199.01 -94.1 -110 0.32
11 197.71 -84.98 -110 0.32
11 207.13 -87.91 -110 0.32
11 197.71 -74.24 -110 0.32
11 145.07 -131.21 -110 0.32
11 329.96 -163.76 -110 0.32
11 314.69 -144.23 -110 0.32
11 301.04 -151.71 -110 0.32
11 309.16 -160.5 -110 0.32
11 321.83 -171.9 -110 0.32
11 331.58 -172.22 -110 0.32
11 293.57 -132.83 -110 0.32
11 292.27 -119.81 -110 0.32
11 200.63 -170.59 -110 0.32
11 208.76 -167.66 -110 0.32
11 212.98 -175.48 -110 0.32
11 204.21 -189.8 -110 0.32
11 201.28 -204.77 -111 0.32
11 237.03 -221.38 -111 0.32
11 172.69 -165.39 -111 0.32
11 182.11 -170.27 -111 0.32
11 182.76 -159.53 -111 0.32
11 199.66 -164.41 -111 0.32
11 156.77 -112.98 -111 0.32
11 150.59 -117.53 -111 0.32
11 198.03 -112 -111 0.32
11 213.31 -69.68 -111 0.32
11 144.75 -133.16 -119 0.32
11 145.72 -118.51 -119 0.32
11 161.32 -67.08 -119 0.32
11 196.41 -68.05 -119 0.32
11 202.91 -83.35 -119 0.32
11 201.28 -101.26 -119 0.32
11 254.57 -98.33 -119 0.32
11 249.05 -88.56 -119 0.32
11 259.12 -82.38 -119 0.32
11 268.55 -70.98 -119 0.32
11 281.54 -63.17 -119 0.32
11 292.92 -64.15 -119 0.32
11 293.24 -91.82 -119 0.32
11 280.24 -108.42 -119 0.32
11 272.12 -97.68 -119 0.32
11 293.24 -135.44 -119 0.32
11 284.79 -121.11 -119 0.32
11 250.02 -166.04 -119 0.32
11 245.15 -179.71 -119 0.32
11 212.01 -222.03 -119 0.32
11 222.73 -248.72 -119 0.32
11 240.93 -242.53 -119 0.32
11 202.26 -176.45 -119 0.32
11 193.81 -164.41 -119 0.32
11 212.98 -154.97 -119 0.32
11 212.33 -166.36 -119 0.32
11 201.61 -155.95 -119 0.32
11 214.93 -60.57 -119 0.32
11 225.33 -56.66 -119 0.32
11 232.8 -57.96 -119 0.32
11 238 -61.54 -119 0.32
11 333.53 -151.71 -122 0.32
11 326.06 -158.87 -122 0.32
11 322.48 -148.46 -122 0.32
11 309.49 -162.13 -122 0.32
11 321.83 -168.64 -122 0.32
11 321.83 -184.92 -122 0.32
11 332.88 -169.29 -122 0.32
11 305.26 -84.01 -122 0.32
11 148.97 -92.14 -125 0.32
11 157.09 -90.19 -125 0.32
11 159.37 -81.73 -125 0.32
11 238.65 -236.67 -132 0.32
11 328.66 -160.83 -132 0.32
11 333.53 -150.09 -132 0.32
11 307.54 -143.9 -132 0.32
11 288.04 -136.09 -132 0.32
11 293.89 -105.49 -132 0.32
11 301.36 -88.89 -132 0.32
11 298.44 -72.94 -132 0.32
11 225.65 -64.15 -132 0.32
11 235.4 -56.66 -132 0.32
11 225.65 -49.83 -132 0.32
11 151.89 -117.53 -132 0.32
11 133.7 -136.74 -132 0.32
11 130.45 -139.67 -132 0.32
11 182.76 -162.13 -132 0.32
11 203.56 -158.55 -132 0.32
11 208.11 -152.69 -132 0.32
11 203.56 -204.45 -132 0.32
11 233.13 -221.05 -132 0.32
11 224.03 -231.14 -132 0.32
11 287.07 -95.07 -137 0.32
11 273.42 -96.7 -137 0.32
11 285.77 -78.15 -137 0.32
11 271.8 -48.52 -137 0.32
11 334.51 -139.67 -137 0.32
11 350.75 -142.6 -137 0.32
11 287.72 -117.21 -140 0.32
11 305.59 -130.55 -140 0.32
11 324.43 -132.18 -140 0.32
11 319.24 -149.76 -140 0.32
11 327.68 -153.34 -140 0.32
11 323.78 -172.55 -140 0.32
11 323.46 -186.54 -140 0.32
11 281.54 -231.47 -140 0.32
11 267.57 -232.77 -140 0.32
11 239.95 -235.7 -140 0.32
11 219.81 -228.86 -140 0.32
11 218.51 -223.98 -140 0.32
11 210.71 -213.56 -140 0.32
11 150.92 -114.6 -140 0.32
11 233.78 -54.71 -140 0.32
11 289.99 -132.51 -143 0.32
11 291.29 -141.62 -143 0.32
11 259.45 -152.36 -143 0.32
11 265.62 -167.34 -143 0.32
11 245.48 -175.48 -143 0.32
11 338.41 -145.53 -147 0.32
11 274.39 -87.26 -147 0.32
11 291.62 -76.84 -147 0.32
11 300.71 -88.56 -147 0.32
11 269.2 -62.85 -147 0.32
11 240.93 -43.97 -147 0.32
11 219.16 -183.94 -147 0.32
11 232.48 -182.64 -147 0.32
11 254.57 -178.41 -147 0.32
11 163.92 -108.09 -147 0.32
11 158.07 -80.42 -147 0.32
11 309.16 -103.86 -147 0.32
11 304.61 -197.94 -147 0.32
11 247.1 -218.45 -147 0.32
11 221.43 -209.33 -147 0.32
11 184.06 -211.61 -147 0.32
11 298.44 -138.69 -152 0.32
11 294.22 -128.93 -152 0.32
11 286.09 -108.42 -152 0.32
11 317.29 -153.67 -152 0.32
11 329.31 -150.41 -152 0.32
11 323.13 -164.41 -152 0.32
11 260.42 -102.23 -156 0.32
11 275.04 -90.84 -156 0.32
11 236.38 -48.2 -156 0.32
11 245.48 -44.29 -156 0.32
11 296.17 -159.2 -156 0.32
11 336.78 -145.85 -156 0.32
11 329.31 -166.36 -156 0.32
11 309.16 -187.85 -156 0.32
11 158.07 -60.89 -127 0.32
11 162.62 -70.98 -127 0.32
11 148.64 -73.26 -127 0.32
11 136.62 -131.21 -127 0.32
11 283.82 -221.38 -42 0.32
11 291.29 -86.61 -8 0.32
11 311.76 -84.33 -8 0.32
11 311.11 -70.01 -8 0.32
11 308.84 -60.57 -8 0.32
11 321.19 -76.52 -8 0.32
11 327.03 -84.33 -8 0.32
11 328.98 -62.52 -8 0.32
11 332.23 -60.24 -8 0.32
11 326.06 -106.79 -8 0.32
11 312.09 -103.21 -8 0.32
11 325.08 -99.96 -8 0.32
11 315.01 -94.1 -8 0.32
11 325.73 -90.19 -8 0.32
11 335.16 -123.39 -8 0.32
11 315.34 -112.65 -8 0.32
11 340.68 -79.12 -8 0.32
11 354.33 -114.6 -8 0.32
11 344.91 -125.02 -8 0.32
11 295.84 -108.42 -8 0.32
11 313.24 -86.43 -50 0.32
11 313.56 -75.03 -50 0.32
11 303.81 -83.17 -50 0.32
11 321.69 -86.1 -50 0.32
11 329.16 -72.43 -50 0.32
11 332.41 -60.06 -50 0.32
11 317.79 -107.58 -50 0.32
11 294.72 -84.47 -50 0.32
11 305.44 -104.65 -50 0.32
11 323.96 -90.66 -50 0.32
11 333.38 -78.94 -50 0.32
11 335.01 -70.8 -50 0.32
11 323.31 -113.12 -44 0.32
11 335.33 -125.16 -44 0.32
11 316.16 -61.69 -44 0.32
11 302.51 -71.78 -44 0.32
11 296.99 -94.89 -44 0.32
11 312.26 -97.17 -44 0.32
11 318.76 -74.38 -44 0.32
11 325.26 -82.85 -42 0.32
11 329.48 -78.94 -42 0.32
11 329.81 -59.41 -42 0.32
11 335.01 -60.71 -42 0.32
11 299.27 -89.68 -42 0.32
11 301.86 -77.64 -42 0.32
11 306.41 -75.03 -42 0.32
11 312.91 -84.47 -42 0.32
11 309.99 -86.43 -42 0.32
11 311.94 -58.76 -35 0.32
11 326.88 -70.48 -35 0.32
11 299.92 -69.82 -35 0.32
11 317.46 -71.78 -35 0.32
11 336.31 -69.5 -35 0.32
11 326.88 -119.63 -35 0.32
11 335.98 -125.16 -35 0.32
11 321.69 -126.14 -35 0.32
11 293.09 -92.61 -33 0.32
11 302.51 -85.45 -33 0.32
11 312.91 -90.33 -33 0.32
11 312.59 -80.89 -33 0.32
11 320.39 -86.1 -33 0.32
11 326.88 -77.31 -33 0.32
11 327.53 -85.77 -33 0.32
11 331.43 -60.71 -33 0.32
11 340.21 -59.41 -33 0.32
11 322.01 -96.19 -33 0.32
11 289.52 -103.68 -30 0.32
11 312.91 -62.99 -26 0.32
11 320.39 -65.92 -26 0.32
11 302.51 -71.13 -26 0.32
11 289.52 -64.29 -26 0.32
11 292.77 -77.96 -26 0.32
11 322.99 -129.07 -26 0.32
11 326.23 -121.26 -26 0.32
11 320.06 -109.54 -26 0.32
11 333.71 -98.47 -26 0.32
11 292.44 -94.56 -24 0.32
11 292.44 -86.75 -24 0.32
11 300.24 -93.59 -24 0.32
11 304.14 -83.5 -24 0.32
11 309.01 -97.49 -24 0.32
11 313.89 -90.01 -24 0.32
11 325.58 -84.47 -24 0.32
11 311.29 -74.06 -24 0.32
11 323.31 -75.03 -24 0.32
11 323.31 -61.36 -24 0.32
11 331.11 -56.48 -24 0.32
11 335.98 -69.82 -24 0.32
11 334.03 -76.99 -24 0.32
11 335.01 -81.87 -24 0.32
11 294.39 -105.63 -24 0.32
11 307.06 -111.49 -24 0.32
11 326.56 -115.4 -24 0.32
11 332.41 -135.9 -24 0.32
11 320.39 -97.49 -24 0.32
11 326.56 -94.56 -24 0.32
11 322.34 -103.68 -24 0.32
11 287.57 -75.36 -18 0.32
11 290.17 -70.48 -18 0.32
11 292.77 -60.06 -18 0.32
11 310.64 -64.29 -18 0.32
11 313.89 -57.78 -18 0.32
11 293.74 -91.63 2 0.32
11 300.56 -103.68 2 0.32
11 309.34 -93.26 2 0.32
11 317.14 -99.77 2 0.32
11 321.36 -102.7 2 0.32
11 328.18 -92.61 2 0.32
11 317.46 -79.92 2 0.32
11 307.71 -86.43 2 0.32
11 315.19 -114.75 2 0.32
11 324.61 -114.42 2 0.32
11 324.61 -106.61 2 0.32
11 335.66 -117.68 2 0.32
11 355.48 -113.77 2 0.32
11 345.41 -128.42 2 0.32
11 288.87 -112.79 2 0.32
5 223.56 -173.18 0 0.32
5 213.16 -173.18 0 0.32
5 205.03 -167.97 0 0.32
5 170.59 -143.23 -4 0.32
5 179.69 -143.55 -4 0.32
5 173.84 -135.09 -4 0.32
5 220.31 -147.79 -4 0.32
5 214.13 -142.25 -4 0.32
5 222.26 -138.67 -4 0.32
5 206.33 -201.5 -4 0.32
5 267.42 -208.98 -4 0.32
5 199.51 -144.86 -4 0.32
5 190.74 -143.88 -4 0.32
5 179.69 -172.85 -4 0.32
5 256.7 -170.57 -7 0.32
5 272.95 -208.98 -7 0.32
5 172.22 -154.62 -7 0.32
5 163.44 -146.81 -11 0.32
5 185.54 -136.72 -11 0.32
5 227.13 -193.03 -11 0.32
5 221.28 -209.64 -11 0.32
5 209.58 -169.92 -11 0.32
5 244.35 -211.91 -11 0.32
5 245.98 -196.61 -11 0.32
5 238.5 -194.34 -11 0.32
5 188.79 -167.97 -11 0.32
5 262.22 -155.27 -11 0.32
5 302.19 -211.91 -11 0.32
5 238.83 -231.12 -11 0.32
5 211.53 -227.21 -11 0.32
5 179.36 -168.95 -12 0.32
5 178.71 -139 -12 0.32
5 188.46 -143.23 -12 0.32
5 200.81 -142.58 -12 0.32
5 213.48 -141.93 -12 0.32
5 224.86 -137.37 -12 0.32
5 172.22 -153.32 -18 0.32
5 250.2 -158.85 -18 0.32
5 258.97 -166.99 -18 0.32
5 247.28 -167.32 -18 0.32
5 274.57 -208.01 -18 0.32
5 192.04 -179.69 -18 0.32
5 183.59 -176.76 -18 0.32
5 170.27 -142.9 -18 0.32
5 267.1 -148.44 -18 0.32
5 216.73 -157.88 -18 0.32
5 293.74 -212.24 -18 0.32
5 160.52 -197.92 -18 0.32
5 242.08 -205.4 -19 0.32
5 140.7 -151.69 -19 0.32
5 148.17 -154.95 -19 0.32
5 162.14 -152.34 -19 0.32
5 180.66 -164.71 -19 0.32
5 188.46 -168.29 -19 0.32
5 151.42 -180.99 -19 0.32
5 212.18 -227.21 -19 0.32
5 230.05 -238.28 -19 0.32
5 235.25 -195.96 -19 0.32
5 256.05 -192.38 -19 0.32
5 208.93 -168.62 -19 0.32
5 226.8 -165.69 -19 0.32
5 262.87 -157.23 -19 0.32
5 271.97 -169.6 -19 0.32
5 192.36 -213.87 -19 0.32
5 242.08 -169.6 -19 0.32
5 209.58 -204.75 -19 0.32
5 184.56 -131.84 -19 0.32
5 191.06 -131.84 -19 0.32
5 198.86 -142.9 -20 0.32
5 204.06 -142.58 -20 0.32
5 190.09 -113.61 -25 0.32
5 188.14 -118.82 -25 0.32
5 198.54 -116.54 -25 0.32
5 222.58 -124.35 -25 0.32
5 218.68 -131.18 -25 0.32
5 226.48 -129.56 -25 0.32
5 258 -186.85 -25 0.32
5 277.49 -178.39 -25 0.32
5 188.79 -228.19 -25 0.32
5 128.67 -141.6 -25 0.32
5 150.44 -100.26 -25 0.32
5 228.1 -156.58 -25 0.32
5 216.08 -146.81 -25 0.32
5 180.34 -187.17 -25 0.32
5 193.34 -170.9 -25 0.32
5 180.66 -157.23 -25 0.32
5 156.94 -188.15 -25 0.32
5 157.59 -114.26 -26 0.32
5 177.74 -107.1 -26 0.32
5 171.89 -102.21 -26 0.32
5 169.94 -109.05 -26 0.32
5 229.73 -239.58 -28 0.32
5 231.35 -231.45 -28 0.32
5 152.39 -179.36 -28 0.32
5 158.57 -195.31 -28 0.32
5 181.96 -180.01 -28 0.32
5 184.24 -167.64 -28 0.32
5 173.52 -157.23 -28 0.32
5 218.36 -156.9 -28 0.32
5 213.48 -161.13 -28 0.32
5 242.4 -176.76 -28 0.32
5 229.73 -165.04 -28 0.32
5 237.85 -163.09 -28 0.32
5 245.98 -160.81 -28 0.32
5 238.5 -156.25 -28 0.32
5 293.42 -161.13 -28 0.32
5 271.32 -173.5 -28 0.32
5 212.51 -139 -28 0.32
5 162.47 -150.39 -28 0.32
5 168.32 -143.23 -28 0.32
5 168.32 -190.1 -28 0.32
5 267.1 -258.14 -28 0.32
5 182.61 -217.12 -31 0.32
5 209.58 -198.24 -31 0.32
5 193.34 -185.87 -31 0.32
5 195.61 -181.64 -31 0.32
5 216.08 -121.09 -31 0.32
5 207.96 -234.38 -31 0.32
5 295.04 -152.34 -31 0.32
5 212.51 -104.17 -32 0.32
5 176.11 -145.18 -32 0.32
5 227.45 -138.02 -32 0.32
5 184.24 -157.23 -33 0.32
5 133.55 -147.79 -33 0.32
5 151.42 -100.26 -33 0.32
5 252.15 -170.9 -33 0.32
5 274.25 -181.32 -33 0.32
5 180.66 -185.22 -33 0.32
5 198.21 -171.55 -33 0.32
5 203.08 -190.43 -33 0.32
5 190.41 -227.21 -33 0.32
5 219.33 -146.16 -33 0.32
5 229.4 -119.79 -33 0.32
5 261.25 -247.72 -33 0.32
5 249.23 -225.91 -33 0.32
5 183.59 -231.12 -33 0.32
5 226.15 -154.3 -33 0.32
5 166.69 -113.61 -34 0.32
5 181.31 -103.84 -34 0.32
5 259.95 -123.37 -34 0.32
5 239.48 -173.18 -34 0.32
5 159.54 -146.48 -38 0.32
5 162.47 -162.43 -38 0.32
5 148.17 -173.18 -38 0.32
5 148.5 -181.97 -38 0.32
5 156.94 -188.8 -38 0.32
5 214.78 -176.11 -38 0.32
5 223.56 -159.51 -38 0.32
5 237.2 -153.32 -38 0.32
5 214.46 -130.53 -38 0.32
5 262.87 -163.41 -38 0.32
5 314.86 -214.84 -38 0.32
5 268.4 -255.21 -38 0.32
5 206.33 -208.98 -38 0.32
5 169.62 -196.94 -38 0.32
5 158.57 -217.45 -38 0.32
5 189.11 -146.16 -38 0.32
5 200.81 -141.6 -38 0.32
5 171.57 -149.09 -40 0.32
5 178.06 -145.51 -40 0.32
5 138.75 -136.07 -40 0.32
5 136.15 -101.56 -40 0.32
5 184.24 -89.19 -40 0.32
5 190.74 -87.24 -40 0.32
5 193.34 -110.68 -40 0.32
5 206.01 -110.35 -40 0.32
5 190.74 -206.71 -40 0.32
5 177.09 -236.65 -40 0.32
5 193.66 -236.33 -40 0.32
5 186.19 -196.29 -40 0.32
5 195.61 -189.13 -40 0.32
5 204.71 -162.43 -40 0.32
5 210.56 -155.6 -40 0.32
5 202.43 -148.44 -40 0.32
5 292.12 -155.92 -40 0.32
5 298.94 -152.67 -40 0.32
5 280.74 -144.86 -40 0.32
5 281.39 -131.18 -40 0.32
5 290.17 -131.84 -40 0.32
5 264.82 -119.79 -40 0.32
5 251.17 -114.91 -40 0.32
5 240.45 -121.74 -40 0.32
5 280.74 -200.85 -40 0.32
5 295.04 -168.62 -40 0.32
5 309.66 -168.95 -40 0.32
5 225.18 -141.93 -40 0.32
5 220.31 -211.26 -40 0.32
5 135.17 -152.67 -43 0.32
5 126.07 -143.88 -43 0.32
5 245.33 -223.63 -43 0.32
5 257.02 -260.74 -45 0.32
5 273.92 -184.24 -45 0.32
5 270.67 -139.32 -45 0.32
5 275.22 -123.05 -45 0.32
5 231.35 -172.2 -45 0.32
5 240.78 -172.2 -45 0.32
5 237.85 -160.48 -45 0.32
5 244.35 -162.43 -45 0.32
5 242.08 -152.67 -45 0.32
5 184.89 -153.97 -45 0.32
5 176.44 -101.24 -46 0.32
5 145.25 -103.19 -46 0.32
5 136.47 -109.05 -46 0.32
5 155.32 -150.39 -46 0.32
5 148.5 -141.93 -46 0.32
5 160.19 -162.43 -46 0.32
5 162.14 -203.45 -46 0.32
5 137.77 -198.24 -46 0.32
5 146.55 -202.8 -46 0.32
5 155.32 -207.03 -46 0.32
5 162.47 -213.54 -46 0.32
5 298.62 -260.09 -44 0.32
5 278.47 -218.1 -44 0.32
5 291.14 -221.35 -44 0.32
5 227.13 -196.61 -44 0.32
5 216.73 -188.15 -44 0.32
5 202.76 -159.83 -46 0.32
5 207.31 -178.71 -46 0.32
5 216.41 -179.04 -46 0.32
5 265.8 -155.92 -46 0.32
5 227.45 -206.38 -46 0.32
5 202.76 -218.42 -46 0.32
5 178.06 -107.1 -45 0.32
5 265.15 -195.64 -46 0.32
5 311.94 -213.87 -46 0.32
5 196.26 -156.25 -46 0.32
5 185.21 -181.64 -46 0.32
5 267.75 -254.88 -46 0.32
5 235.25 -104.17 -46 0.32
5 244.03 -95.05 -46 0.32
5 199.51 -84.96 -46 0.32
5 188.46 -234.7 -48 0.32
5 295.04 -159.51 -48 0.32
5 290.17 -152.02 -48 0.32
5 286.92 -133.79 -48 0.32
5 285.29 -122.07 -48 0.32
5 279.44 -129.23 -48 0.32
5 267.75 -118.82 -48 0.32
5 248.9 -114.58 -48 0.32
5 246.63 -121.42 -48 0.32
5 208.61 -95.05 -48 0.32
5 181.96 -89.52 -48 0.32
5 191.39 -76.82 -48 0.32
5 211.21 -84.31 -48 0.32
5 141.35 -136.07 -48 0.32
5 171.24 -152.02 -48 0.32
5 173.84 -145.51 -48 0.32
5 294.07 -167.32 -48 0.32
5 304.46 -168.95 -48 0.32
5 198.21 -223.63 -48 0.32
5 137.45 -98.31 -48 0.32
5 219.66 -85.61 -48 0.32
5 312.59 -165.04 -48 0.32
5 193.99 -234.05 -48 0.32
5 219.33 -159.18 -48 0.32
5 190.41 -88.54 -48 0.32
5 204.06 -149.09 -48 0.32
5 238.18 -250.98 -48 0.32
5 242.4 -230.14 -48 0.32
5 226.15 -217.45 -48 0.32
5 153.69 -88.22 -50 0.32
5 159.22 -90.82 -50 0.32
5 192.69 -200.85 -50 0.32
5 302.51 -130.86 -50 0.32
5 299.59 -127.28 -50 0.32
5 203.73 -91.8 -50 0.32
5 247.6 -84.31 -52 0.32
5 243.38 -77.47 -52 0.32
5 129 -108.72 -52 0.32
5 132.9 -151.69 -52 0.32
5 228.75 -163.41 -52 0.32
5 274.89 -142.25 -52 0.32
5 265.8 -170.25 -52 0.32
5 173.84 -135.74 -52 0.32
5 154.34 -137.7 -52 0.32
5 161.82 -139.97 -52 0.32
5 289.19 -224.28 -52 0.32
5 279.77 -213.22 -52 0.32
5 290.49 -212.89 -52 0.32
5 168.97 -94.4 -52 0.32
5 183.91 -149.41 -53 0.32
5 190.09 -163.74 -53 0.32
5 235.58 -154.62 -53 0.32
5 249.55 -222.01 -53 0.32
5 262.87 -231.45 -53 0.32
5 199.19 -243.49 -53 0.32
5 145.25 -112.3 -58 0.32
5 145.25 -92.45 -58 0.32
5 154.99 -87.24 -58 0.32
5 170.59 -80.08 -58 0.32
5 178.39 -83.33 -58 0.32
5 203.41 -97.01 -58 0.32
5 211.21 -81.71 -58 0.32
5 222.26 -81.05 -58 0.32
5 238.83 -86.26 -58 0.32
5 199.51 -125.33 -58 0.32
5 192.04 -115.89 -58 0.32
5 215.76 -147.46 -58 0.32
5 205.68 -154.3 -58 0.32
5 170.92 -144.53 -58 0.32
5 160.84 -157.23 -58 0.32
5 143.95 -169.92 -58 0.32
5 157.27 -189.78 -58 0.32
5 149.47 -199.54 -58 0.32
5 155.64 -205.4 -58 0.32
5 156.62 -194.01 -58 0.32
5 166.37 -199.54 -58 0.32
5 169.62 -205.73 -58 0.32
5 205.36 -241.86 -58 0.32
5 236.55 -238.61 -58 0.32
5 240.78 -229.17 -58 0.32
5 325.26 -172.85 -58 0.32
5 184.89 -176.43 -58 0.32
5 166.04 -167.97 -58 0.32
5 255.72 -261.72 -58 0.32
5 286.27 -125.98 -58 0.32
5 288.22 -114.58 -58 0.32
5 296.34 -119.47 -58 0.32
5 301.21 -126.3 -58 0.32
5 292.77 -103.52 -58 0.32
5 192.69 -234.05 -58 0.32
5 189.44 -226.56 -58 0.32
5 206.01 -70.96 -59 0.32
5 215.76 -90.17 -59 0.32
5 175.79 -207.03 -59 0.32
5 181.96 -206.05 -59 0.32
5 202.11 -204.43 -59 0.32
5 214.46 -207.68 -59 0.32
5 206.98 -230.79 -59 0.32
5 246.63 -85.61 -60 0.32
5 240.78 -77.47 -60 0.32
5 136.15 -177.73 -60 0.32
5 119.58 -169.27 -60 0.32
5 145.25 -145.83 -60 0.32
5 140.05 -138.02 -60 0.32
5 147.85 -135.74 -60 0.32
5 155.97 -138.35 -60 0.32
5 128.67 -103.52 -60 0.32
5 174.82 -152.02 -60 0.32
5 176.44 -159.83 -60 0.32
5 174.17 -163.41 -60 0.32
5 226.8 -165.69 -60 0.32
5 273.92 -143.23 -60 0.32
5 226.8 -232.75 -60 0.32
5 182.94 -44.6 -64 0.32
5 198.54 -45.25 -64 0.32
5 190.74 -146.48 -64 0.32
5 191.06 -159.51 -64 0.32
5 193.99 -241.21 -64 0.32
5 248.58 -95.7 -65 0.32
5 168.97 -87.24 -65 0.32
5 164.42 -91.8 -65 0.32
5 218.03 -224.93 -65 0.32
5 287.24 -99.93 -65 0.32
5 272.95 -109.05 -65 0.32
5 221.61 -133.14 -65 0.32
5 233.3 -133.79 -65 0.32
5 245.98 -258.14 -67 0.32
5 265.8 -258.46 -67 0.32
5 158.24 -197.92 -67 0.32
5 172.54 -181.32 -67 0.32
5 187.81 -165.69 -67 0.32
5 217.38 -97.98 -68 0.32
5 228.1 -95.05 -68 0.32
5 169.94 -66.41 -71 0.32
5 337.93 -226.89 -72 0.32
5 205.36 -147.79 -74 0.32
5 136.47 -94.73 -65 0.32
5 282.69 -260.09 -67 0.32
5 249.88 -259.44 -67 0.32
5 248.58 -245.44 -67 0.32
5 236.23 -235.35 -67 0.32
5 232.98 -245.44 -67 0.32
5 177.09 -209.96 -67 0.32
5 153.69 -156.25 -67 0.32
5 205.36 -95.38 -67 0.32
5 205.68 -91.8 -67 0.32
5 206.98 -84.96 -67 0.32
5 212.83 -87.57 -67 0.32
5 219.01 -83.66 -67 0.32
5 219.33 -77.15 -67 0.32
5 296.67 -118.49 -67 0.32
5 179.69 -85.94 -67 0.32
5 174.17 -90.49 -67 0.32
5 204.71 -81.05 -67 0.32
5 207.96 -78.13 -67 0.32
5 262.87 -186.85 -67 0.32
5 191.39 -234.7 -67 0.32
5 299.59 -128.91 -67 0.32
5 254.1 -96.68 -67 0.32
5 249.88 -74.87 -67 0.32
5 202.11 -240.56 -67 0.32
5 254.75 -262.37 -66 0.32
5 133.22 -188.15 -72 0.32
5 129.97 -176.43 -72 0.32
5 127.7 -163.74 -72 0.32
5 137.45 -171.22 -72 0.32
5 179.69 -225.26 -72 0.32
5 155.32 -114.58 -72 0.32
5 284.32 -173.5 -72 0.32
5 242.4 -73.24 -73 0.32
5 232.65 -75.85 -73 0.32
5 229.73 -80.4 -73 0.32
5 220.31 -49.15 -73 0.32
5 281.39 -109.7 -73 0.32
5 245.98 -119.79 -73 0.32
5 239.8 -127.93 -73 0.32
5 237.85 -140.3 -73 0.32
5 243.7 -130.21 -73 0.32
5 249.88 -133.79 -73 0.32
5 295.69 -173.5 -73 0.32
5 289.19 -163.09 -73 0.32
5 315.51 -111.33 -73 0.32
5 174.82 -144.53 -73 0.32
5 177.74 -139.97 -73 0.32
5 180.01 -134.77 -73 0.32
5 254.1 -239.91 -73 0.32
5 269.05 -241.54 -73 0.32
5 270.02 -237.3 -73 0.32
5 194.31 -44.27 -73 0.32
5 153.37 -69.66 -75 0.32
5 136.47 -145.83 -75 0.32
5 155.32 -162.76 -75 0.32
5 197.56 -94.08 -75 0.32
5 252.8 -95.38 -75 0.32
5 239.48 -239.26 -75 0.32
5 243.7 -256.84 -75 0.32
5 252.47 -257.81 -75 0.32
5 264.17 -258.46 -75 0.32
5 284.97 -258.79 -75 0.32
5 192.69 -240.23 -75 0.32
5 296.34 -124.02 -75 0.32
5 211.21 -93.42 -75 0.32
5 214.46 -83.66 -75 0.32
5 222.26 -81.05 -75 0.32
5 210.23 -80.4 -75 0.32
5 273.27 -77.8 -76 0.32
5 176.44 -88.87 -76 0.32
5 249.55 -183.27 -76 0.32
5 205.03 -138.67 -76 0.32
5 227.78 -144.53 -76 0.32
5 175.46 -210.29 -75 0.32
5 178.39 -58.27 -76 0.32
5 166.37 -169.27 -76 0.32
5 212.83 -227.86 -79 0.32
5 133.55 -187.5 -82 0.32
5 128.35 -179.69 -82 0.32
5 235.25 -88.22 -82 0.32
5 231.03 -77.8 -82 0.32
5 239.15 -71.61 -82 0.32
5 246.63 -71.61 -82 0.32
5 225.18 -49.8 -82 0.32
5 196.91 -41.99 -82 0.32
5 182.94 -51.43 -82 0.32
5 234.6 -134.44 -82 0.32
5 242.4 -123.37 -82 0.32
5 286.92 -104.17 -82 0.32
5 293.09 -161.78 -82 0.32
5 281.07 -176.43 -82 0.32
5 320.71 -198.57 -82 0.32
5 334.36 -225.91 -82 0.32
5 252.8 -245.77 -82 0.32
5 208.28 -204.1 -82 0.32
5 237.85 -198.89 -82 0.32
5 158.57 -192.71 -82 0.32
5 289.19 -115.89 -82 0.32
5 314.54 -111.98 -82 0.32
5 177.09 -147.79 -82 0.32
5 177.09 -137.04 -82 0.32
5 188.79 -138.67 -82 0.32
5 175.79 -114.58 -82 0.32
5 220.31 -70.96 -86 0.32
5 147.2 -67.71 -86 0.32
5 272.3 -79.43 -86 0.32
5 252.47 -85.29 -86 0.32
5 244.03 -92.77 -86 0.32
5 251.5 -95.38 -86 0.32
5 293.09 -122.4 -86 0.32
5 305.44 -128.26 -86 0.32
5 284.64 -146.81 -86 0.32
5 310.96 -156.9 -86 0.32
5 319.74 -145.18 -86 0.32
5 238.5 -241.54 -86 0.32
5 246.63 -258.46 -86 0.32
5 191.71 -240.23 -86 0.32
5 152.39 -207.36 -86 0.32
5 147.52 -170.57 -86 0.32
5 156.29 -142.58 -86 0.32
5 154.34 -155.27 -86 0.32
5 208.28 -143.88 -86 0.32
5 201.78 -134.77 -86 0.32
5 178.71 -97.01 -86 0.32
5 203.08 -95.7 -86 0.32
5 206.98 -229.82 -88 0.32
5 217.06 -231.77 -88 0.32
5 220.31 -224.28 -88 0.32
5 179.04 -44.92 -92 0.32
5 192.69 -46.22 -92 0.32
5 213.81 -47.2 -92 0.32
5 220.31 -49.15 -92 0.32
5 207.96 -47.85 -92 0.32
5 144.6 -149.09 -92 0.32
5 186.19 -139 -92 0.32
5 167.02 -124.35 -92 0.32
5 159.54 -110.03 -92 0.32
5 174.82 -106.45 -92 0.32
5 180.66 -113.28 -92 0.32
5 227.78 -82.03 -92 0.32
5 229.73 -76.82 -92 0.32
5 234.6 -130.53 -92 0.32
5 245.98 -122.07 -92 0.32
5 315.51 -108.07 -92 0.32
5 168.64 -199.22 -92 0.32
5 164.74 -189.45 -92 0.32
5 138.42 -181.64 -92 0.32
5 257.02 -258.79 -92 0.32
5 256.37 -250.65 -92 0.32
5 249.55 -242.84 -92 0.32
5 240.78 -69.99 -92 0.32
5 239.8 -201.82 -92 0.32
5 192.69 -194.01 -92 0.32
5 193.66 -229.82 -93 0.32
5 285.62 -105.79 -93 0.32
5 161.49 -153.32 -93 0.32
5 220.63 -63.15 -94 0.32
5 154.02 -80.4 -94 0.32
5 179.69 -91.15 -94 0.32
5 199.84 -93.1 -94 0.32
5 224.53 -96.03 -94 0.32
5 244.35 -93.1 -94 0.32
5 254.42 -84.31 -94 0.32
5 310.31 -127.93 -94 0.32
5 304.46 -122.72 -94 0.32
5 319.74 -113.28 -94 0.32
5 290.82 -144.53 -94 0.32
5 302.84 -137.7 -94 0.32
5 322.99 -139.32 -94 0.32
5 323.96 -143.55 -94 0.32
5 155.64 -210.61 -94 0.32
5 182.29 -216.8 -94 0.32
5 187.49 -237.63 -94 0.32
5 225.18 -214.52 -94 0.32
5 193.34 -133.46 -94 0.32
5 205.68 -140.95 -94 0.32
5 219.98 -152.02 -94 0.32
5 193.99 -167.64 -94 0.32
5 252.8 -99.28 -94 0.32
5 158.24 -61.85 -94 0.32
5 242.08 -53.06 -94 0.32
5 216.08 -43.29 -94 0.32
5 138.42 -140.95 -95 0.32
5 154.99 -141.6 -95 0.32
5 164.09 -147.14 -95 0.32
5 183.59 -125.65 -81 0.32
5 180.99 -109.05 -81 0.32
5 227.45 -85.29 -100 0.32
5 232.33 -75.2 -100 0.32
5 238.83 -83.98 -100 0.32
5 182.61 -48.18 -100 0.32
5 163.77 -120.77 -100 0.32
5 183.59 -107.1 -100 0.32
5 180.01 -120.12 -100 0.32
5 161.17 -105.14 -100 0.32
5 140.7 -120.44 -100 0.32
5 165.39 -186.2 -100 0.32
5 164.42 -199.54 -100 0.32
5 194.64 -194.01 -100 0.32
5 221.93 -199.22 -100 0.32
5 224.21 -204.43 -100 0.32
5 217.06 -228.52 -100 0.32
5 251.82 -236.33 -100 0.32
5 252.15 -247.72 -100 0.32
5 138.42 -180.99 -100 0.32
5 232.33 -135.09 -100 0.32
5 243.7 -126.95 -100 0.32
5 247.28 -116.86 -100 0.32
5 245 -68.36 -101 0.32
5 255.72 -65.1 -101 0.32
5 157.92 -86.26 -101 0.32
5 287.89 -111 -101 0.32
5 303.16 -109.7 -101 0.32
5 168.64 -154.3 -101 0.32
5 188.46 -143.55 -101 0.32
5 252.47 -52.41 -102 0.32
5 253.77 -81.71 -102 0.32
5 209.58 -41.67 -102 0.32
5 217.06 -41.67 -102 0.32
5 156.29 -61.52 -102 0.32
5 145.9 -73.57 -102 0.32
5 178.39 -210.61 -102 0.32
5 185.21 -232.75 -102 0.32
5 224.21 -229.17 -102 0.32
5 214.78 -235.68 -102 0.32
5 151.42 -202.15 -102 0.32
5 182.94 -160.81 -102 0.32
5 195.94 -148.76 -102 0.32
5 203.08 -142.25 -102 0.32
5 224.53 -159.51 -102 0.32
5 251.82 -101.24 -102 0.32
5 182.94 -91.8 -102 0.32
5 187.16 -83.98 -102 0.32
5 164.74 -176.43 -106 0.32
5 165.39 -148.44 -106 0.32
5 306.09 -125 -106 0.32
5 310.64 -114.91 -106 0.32
5 154.34 -93.42 -109 0.32
5 161.17 -84.96 -109 0.32
5 165.07 -89.52 -109 0.32
5 186.51 -73.57 -109 0.32
5 184.89 -65.43 -109 0.32
5 212.51 -91.15 -109 0.32
5 229.08 -84.96 -109 0.32
5 237.2 -86.59 -109 0.32
5 241.43 -74.54 -109 0.32
5 245.65 -68.03 -109 0.32
5 186.84 -42.97 -109 0.32
5 259.3 -255.53 -109 0.32
5 257.02 -247.07 -109 0.32
5 248.58 -227.54 -109 0.32
5 189.11 -188.15 -109 0.32
5 186.51 -201.82 -109 0.32
5 221.28 -202.8 -109 0.32
5 228.43 -214.19 -109 0.32
5 160.52 -186.85 -109 0.32
5 153.04 -149.74 -109 0.32
5 162.79 -123.37 -109 0.32
5 173.19 -117.51 -109 0.32
5 180.66 -123.37 -109 0.32
5 185.21 -133.79 -109 0.32
5 197.24 -135.09 -109 0.32
5 189.76 -146.48 -109 0.32
5 218.68 -153.65 -109 0.32
5 236.55 -138.67 -109 0.32
5 252.15 -128.91 -109 0.32
5 246.95 -115.56 -109 0.32
5 255.22 -54.71 -110 0.32
5 239.95 -54.71 -110 0.32
5 214.93 -40.06 -110 0.32
5 160.02 -58.61 -110 0.32
5 148.32 -73.59 -110 0.32
5 143.12 -77.82 -110 0.32
5 182.44 -95.4 -110 0.32
5 180.81 -115.26 -110 0.32
5 151.57 -140.65 -110 0.32
5 201.61 -121.77 -110 0.32
5 221.43 -108.09 -110 0.32
5 223.05 -230.49 -111 0.32
5 151.89 -206.4 -111 0.32
5 222.73 -69.36 -111 0.32
5 225.33 -79.77 -111 0.32
5 218.51 -82.05 -111 0.32
5 234.75 -78.15 -111 0.32
5 324.76 -128.93 -111 0.32
5 328.33 -136.74 -111 0.32
5 307.21 -134.14 -111 0.32
5 240.28 -187.85 -112 0.32
5 210.38 -235.37 -112 0.32
5 167.17 -116.56 -111 0.32
5 161.32 -150.74 -116 0.32
5 299.74 -119.81 -119 0.32
5 302.01 -131.86 -119 0.32
5 325.41 -127.3 -119 0.32
5 235.73 -82.7 -119 0.32
5 217.53 -70.33 -119 0.32
5 242.23 -68.38 -119 0.32
5 252.3 -59.92 -119 0.32
5 247.1 -50.15 -119 0.32
5 263.02 -57.31 -119 0.32
5 219.48 -36.48 -119 0.32
5 146.37 -80.1 -119 0.32
5 150.59 -72.61 -119 0.32
5 180.49 -59.92 -119 0.32
5 154.17 -101.91 -119 0.32
5 175.29 -82.38 -119 0.32
5 184.71 -82.05 -119 0.32
5 180.49 -91.82 -119 0.32
5 170.42 -117.86 -119 0.32
5 164.57 -130.88 -119 0.32
5 149.94 -135.76 -119 0.32
5 193.49 -140.65 -119 0.32
5 200.31 -121.77 -119 0.32
5 212.98 -107.77 -119 0.32
5 233.45 -139.67 -119 0.32
5 238.98 -149.11 -119 0.32
5 169.77 -189.8 -119 0.32
5 161.97 -184.27 -119 0.32
5 147.99 -198.91 -119 0.32
5 192.51 -189.8 -119 0.32
5 228.9 -200.22 -119 0.32
5 225.98 -211.28 -119 0.32
5 239.63 -206.73 -119 0.32
5 246.45 -215.52 -119 0.32
5 252.95 -232.12 -119 0.32
5 256.85 -249.37 -119 0.32
5 254.57 -255.23 -119 0.32
5 141.5 -120.14 -119 0.32
5 226.95 -86.61 -119 0.32
5 222.73 -108.09 -119 0.32
5 176.59 -83.68 -132 0.32
5 168.79 -85.31 -132 0.32
5 160.67 -91.82 -132 0.32
5 160.34 -101.26 -132 0.32
5 178.21 -92.47 -132 0.32
5 176.91 -107.77 -132 0.32
5 175.61 -68.38 -132 0.32
5 215.58 -68.71 -132 0.32
5 230.2 -80.42 -132 0.32
5 235.4 -91.82 -132 0.32
5 242.55 -93.77 -132 0.32
5 246.78 -76.19 -132 0.32
5 244.18 -70.66 -132 0.32
5 254.9 -58.29 -132 0.32
5 304.61 -123.39 -132 0.32
5 309.81 -111.35 -132 0.32
5 265.62 -143.58 -132 0.32
5 252.62 -151.39 -132 0.32
5 242.55 -139.02 -132 0.32
5 223.38 -88.89 -132 0.32
5 160.02 -177.43 -132 0.32
5 156.77 -165.06 -132 0.32
5 173.01 -164.73 -132 0.32
5 178.86 -175.48 -132 0.32
5 153.52 -190.78 -132 0.32
5 193.16 -224.96 -132 0.32
5 196.74 -198.59 -132 0.32
5 208.11 -199.57 -132 0.32
5 199.33 -190.78 -132 0.32
5 227.28 -199.57 -132 0.32
5 235.08 -219.1 -132 0.32
5 230.53 -230.49 -132 0.32
5 240.93 -228.54 -132 0.32
5 244.18 -219.1 -132 0.32
5 266.92 -223.98 -132 0.32
5 260.1 -246.11 -132 0.32
5 249.37 -44.62 -137 0.32
5 225.98 -48.52 -137 0.32
5 235.4 -204.12 -137 0.32
5 244.5 -213.56 -137 0.32
5 271.15 -190.12 -137 0.32
5 296.82 -214.21 -137 0.32
5 250.02 -231.79 -137 0.32
5 195.44 -141.95 -139 0.32
5 186.01 -135.44 -139 0.32
5 166.19 -134.46 -139 0.32
5 166.19 -125.02 -139 0.32
5 190.89 -173.52 -139 0.32
5 258.8 -122.42 -139 0.32
5 250.67 -111.67 -139 0.32
5 221.76 -80.75 -140 0.32
5 213.96 -69.03 -140 0.32
5 162.29 -88.56 -140 0.32
5 172.36 -83.68 -140 0.32
5 151.24 -95.72 -140 0.32
5 160.02 -178.08 -140 0.32
5 154.82 -196.64 -140 0.32
5 191.54 -218.45 -140 0.32
5 193.49 -200.87 -140 0.32
5 210.06 -203.47 -140 0.32
5 233.13 -200.22 -140 0.32
5 232.48 -224.96 -140 0.32
5 247.1 -152.04 -140 0.32
5 261.72 -142.27 -140 0.32
5 268.55 -147.16 -140 0.32
5 240.28 -93.45 -140 0.32
5 214.93 -127.3 -140 0.32
5 223.38 -122.74 -140 0.32
5 210.38 -114.93 -140 0.32
5 246.13 -76.19 -140 0.32
5 246.45 -67.73 -140 0.32
5 257.5 -44.29 -147 0.32
5 221.76 -46.57 -147 0.32
5 244.83 -53.73 -147 0.32
5 191.21 -176.45 -147 0.32
5 259.77 -121.44 -147 0.32
5 245.48 -124.7 -147 0.32
5 245.15 -111.02 -147 0.32
5 314.04 -136.09 -147 0.32
5 326.71 -138.37 -147 0.32
5 238.33 -207.7 -147 0.32
5 270.5 -191.43 -147 0.32
5 239.63 -97.35 -149 0.32
5 224.35 -83.03 -149 0.32
5 222.4 -74.24 -149 0.32
5 213.31 -70.01 -149 0.32
5 182.44 -135.11 -152 0.32
5 185.69 -122.09 -152 0.32
5 171.07 -97.35 -152 0.32
5 176.91 -86.28 -152 0.32
5 214.28 -116.56 -152 0.32
5 216.23 -128.93 -152 0.32
5 198.68 -202.82 -152 0.32
5 195.76 -221.05 -152 0.32
5 216.56 -202.17 -152 0.32
5 229.55 -218.45 -152 0.32
5 228.9 -160.5 -152 0.32
5 240.93 -167.01 -152 0.32
5 245.48 -90.84 -152 0.32
5 256.52 -70.66 -152 0.32
5 295.69 -98.8 -50 0.32
5 311.61 -120.28 -50 0.32
5 341.51 -102.7 -50 0.32
5 349.95 -98.8 -50 0.32
5 337.61 -114.42 -44 0.32
5 349.63 -112.14 -44 0.32
5 343.78 -76.99 -44 0.32
5 308.36 -118 -42 0.32
5 335.33 -90.33 -42 0.32
5 334.03 -77.31 -42 0.32
5 298.94 -101.4 -42 0.32
5 339.56 -98.8 -39 0.32
5 294.39 -82.19 -35 0.32
5 333.38 -80.89 -33 0.32
5 334.36 -90.33 -33 0.32
5 313.24 -116.37 -33 0.32
5 328.83 -133.63 -33 0.32
5 338.91 -105.31 -33 0.32
5 300.89 -102.05 -33 0.32
5 339.56 -130.7 -26 0.32
5 315.84 -125.16 -26 0.32
5 346.71 -115.07 -26 0.32
5 344.43 -105.96 -24 0.32
5 317.14 -121.91 -18 0.32
5 322.34 -121.91 -18 0.32
5 337.93 -129.07 -18 0.32
5 313.24 -131.35 -18 0.32
5 296.67 -118.98 -18 0.32
5 303.49 -76.01 -18 0.32
5 344.43 -112.79 -17 0.32
5 340.86 -104.98 -5 0.32
5 335.01 -97.17 -5 0.32
5 322.01 -121.26 -5 0.32
5 312.59 -123.54 -5 0.32
5 307.39 -118.33 -5 0.32
5 292.12 -119.63 -5 0.32
5 326.56 -70.15 -5 0.32
5 336.31 -70.8 -5 0.32
5 339.88 -67.87 -5 0.32
6 216.41 -186.52 0 0.32
6 206.01 -157.88 0 0.32
6 214.46 -197.59 0 0.32
6 201.78 -135.74 -4 0.32
6 237.2 -180.66 -7 0.32
6 172.87 -163.41 -7 0.32
6 192.04 -125.65 -11 0.32
6 203.08 -184.9 -12 0.32
6 208.93 -158.85 -12 0.32
6 213.48 -192.06 -12 0.32
6 199.84 -129.56 -12 0.32
6 209.26 -133.79 -12 0.32
6 173.84 -161.78 -18 0.32
6 173.52 -129.23 -18 0.32
6 173.52 -120.44 -18 0.32
6 245 -178.39 -18 0.32
6 233.3 -178.06 -18 0.32
6 233.3 -220.38 -18 0.32
6 281.07 -250.33 -18 0.32
6 219.01 -177.41 -19 0.32
6 231.03 -183.92 -19 0.32
6 227.13 -188.15 -19 0.32
6 245 -229.17 -19 0.32
6 255.72 -122.4 -18 0.32
6 211.53 -213.54 -20 0.32
6 210.56 -185.55 -20 0.32
6 203.73 -180.99 -20 0.32
6 208.28 -178.39 -20 0.32
6 206.98 -193.68 -20 0.32
6 204.38 -153.65 -20 0.32
6 213.48 -139 -20 0.32
6 232.65 -118.16 -20 0.32
6 203.73 -130.53 -25 0.32
6 206.33 -122.72 -25 0.32
6 155.32 -200.52 -25 0.32
6 240.13 -228.19 -28 0.32
6 228.43 -218.75 -28 0.32
6 237.53 -216.15 -28 0.32
6 221.61 -207.68 -28 0.32
6 208.93 -216.8 -28 0.32
6 219.33 -194.01 -28 0.32
6 228.1 -185.22 -28 0.32
6 209.58 -183.92 -28 0.32
6 219.66 -178.06 -28 0.32
6 231.03 -177.41 -28 0.32
6 207.31 -151.69 -28 0.32
6 184.89 -143.23 -28 0.32
6 187.16 -129.23 -28 0.32
6 176.11 -119.47 -28 0.32
6 141.67 -123.37 -28 0.32
6 174.82 -170.25 -28 0.32
6 279.77 -251.95 -28 0.32
6 253.12 -123.37 -28 0.32
6 232.65 -111 -28 0.32
6 313.89 -176.43 -28 0.32
6 308.04 -161.78 -28 0.32
6 183.26 -114.26 -28 0.32
6 167.67 -98.63 -28 0.32
6 245.65 -229.17 -28 0.32
6 206.01 -128.91 -34 0.32
6 209.58 -123.37 -34 0.32
6 201.13 -121.09 -34 0.32
6 196.26 -119.79 -34 0.32
6 265.47 -262.7 -34 0.32
6 184.24 -227.54 -34 0.32
6 187.81 -140.63 -38 0.32
6 182.29 -131.84 -38 0.32
6 187.81 -124.02 -38 0.32
6 185.21 -114.58 -38 0.32
6 172.54 -103.19 -38 0.32
6 142 -122.07 -38 0.32
6 173.84 -160.81 -38 0.32
6 174.82 -167.64 -38 0.32
6 160.52 -199.54 -38 0.32
6 206.98 -180.01 -38 0.32
6 224.86 -181.64 -38 0.32
6 236.88 -216.8 -38 0.32
6 315.84 -175.78 -38 0.32
6 303.49 -157.88 -38 0.32
6 233.63 -109.7 -38 0.32
6 213.81 -139.97 -38 0.32
6 230.38 -157.23 -38 0.32
6 230.05 -187.17 -38 0.32
6 170.59 -123.7 -40 0.32
6 302.84 -134.77 -40 0.32
6 220.31 -105.14 -40 0.32
6 206.01 -236.65 -40 0.32
6 200.16 -225.26 -40 0.32
6 185.21 -220.7 -40 0.32
6 192.36 -216.47 -40 0.32
6 215.43 -198.89 -40 0.32
6 282.69 -234.05 -40 0.32
6 133.55 -129.88 -46 0.32
6 155.64 -109.38 -46 0.32
6 153.04 -96.03 -46 0.32
6 186.51 -121.42 -46 0.32
6 226.15 -122.72 -46 0.32
6 235.58 -118.16 -46 0.32
6 208.28 -135.74 -46 0.32
6 196.91 -166.99 -46 0.32
6 214.78 -167.64 -46 0.32
6 230.38 -187.17 -46 0.32
6 172.22 -158.85 -46 0.32
6 236.23 -216.15 -46 0.32
6 210.56 -240.89 -46 0.32
6 267.75 -263.67 -46 0.32
6 316.49 -178.06 -46 0.32
6 305.11 -157.88 -46 0.32
6 165.39 -188.48 -46 0.32
6 172.87 -194.34 -46 0.32
6 149.47 -84.96 -45 0.32
6 175.46 -80.08 -46 0.32
6 175.46 -72.27 -46 0.32
6 188.14 -217.12 -48 0.32
6 184.24 -221.35 -48 0.32
6 182.94 -213.22 -48 0.32
6 189.11 -208.33 -48 0.32
6 202.43 -234.38 -48 0.32
6 210.88 -197.27 -48 0.32
6 211.53 -201.17 -48 0.32
6 186.84 -227.54 -48 0.32
6 181.96 -236.33 -48 0.32
6 168.97 -122.07 -48 0.32
6 223.88 -104.49 -48 0.32
6 258 -107.1 -52 0.32
6 159.54 -122.72 -52 0.32
6 206.33 -109.7 -52 0.32
6 213.81 -115.23 -52 0.32
6 225.18 -146.48 -52 0.32
6 222.91 -178.06 -52 0.32
6 219.98 -240.56 -52 0.32
6 289.19 -230.79 -52 0.32
6 263.52 -236.33 -52 0.32
6 304.79 -163.74 -52 0.32
6 130.62 -140.63 -52 0.32
6 143.3 -150.07 -52 0.32
6 136.8 -187.17 -52 0.32
6 165.07 -129.88 -52 0.32
6 202.76 -167.64 -53 0.32
6 234.28 -125.33 -58 0.32
6 225.83 -114.91 -58 0.32
6 218.68 -120.12 -58 0.32
6 206.98 -120.12 -58 0.32
6 201.46 -113.28 -58 0.32
6 218.68 -110.03 -58 0.32
6 220.63 -104.49 -58 0.32
6 149.15 -83.98 -58 0.32
6 138.42 -101.24 -58 0.32
6 156.29 -102.86 -58 0.32
6 174.82 -98.96 -58 0.32
6 176.44 -70.96 -58 0.32
6 152.72 -151.04 -58 0.32
6 134.52 -123.05 -58 0.32
6 143.62 -121.09 -58 0.32
6 174.82 -197.59 -58 0.32
6 167.99 -187.5 -58 0.32
6 189.44 -186.85 -58 0.32
6 192.04 -187.17 -58 0.32
6 191.39 -218.75 -58 0.32
6 179.04 -217.45 -58 0.32
6 202.76 -216.15 -58 0.32
6 228.75 -217.12 -58 0.32
6 201.13 -190.76 -58 0.32
6 216.08 -166.67 -58 0.32
6 201.13 -147.46 -58 0.32
6 271.97 -238.93 -58 0.32
6 252.47 -230.47 -58 0.32
6 324.93 -231.45 -58 0.32
6 126.72 -153.97 -58 0.32
6 283.02 -136.07 -58 0.32
6 182.61 -235.68 -58 0.32
6 174.82 -106.12 -59 0.32
6 186.84 -125.98 -59 0.32
6 320.39 -157.23 -59 0.32
6 322.99 -162.11 -59 0.32
6 146.87 -187.17 -59 0.32
6 300.56 -141.28 -59 0.32
6 165.72 -133.14 -60 0.32
6 161.17 -124.67 -60 0.32
6 139.07 -148.76 -60 0.32
6 127.37 -138.35 -60 0.32
6 136.47 -190.43 -60 0.32
6 220.63 -239.58 -60 0.32
6 288.54 -234.05 -60 0.32
6 277.49 -221.35 -60 0.32
6 306.41 -164.06 -60 0.32
6 308.04 -172.85 -60 0.32
6 259.62 -130.21 -60 0.32
6 227.13 -143.88 -60 0.32
6 210.88 -109.38 -60 0.32
6 258 -104.49 -60 0.32
6 264.82 -238.93 -60 0.32
6 189.76 -208.98 -60 0.32
6 182.29 -191.08 -64 0.32
6 184.24 -180.66 -64 0.32
6 194.31 -176.11 -64 0.32
6 162.79 -180.01 -64 0.32
6 245.65 -194.34 -64 0.32
6 232.98 -192.06 -64 0.32
6 185.54 -95.7 -64 0.32
6 184.56 -139.32 -65 0.32
6 218.36 -215.17 -65 0.32
6 164.09 -153.65 -65 0.32
6 157.27 -146.81 -65 0.32
6 163.12 -103.19 -65 0.32
6 193.66 -223.63 -67 0.32
6 201.46 -228.19 -67 0.32
6 204.71 -215.17 -66 0.32
6 167.99 -190.76 -67 0.32
6 141.35 -189.45 -67 0.32
6 152.72 -199.87 -67 0.32
6 128.02 -151.37 -67 0.32
6 118.6 -160.81 -68 0.32
6 128.35 -141.93 -68 0.32
6 143.3 -121.42 -67 0.32
6 143.3 -125.98 -67 0.32
6 153.37 -99.28 -66 0.32
6 157.27 -99.61 -66 0.32
6 136.8 -100.59 -66 0.32
6 145.25 -81.38 -67 0.32
6 142 -72.27 -67 0.32
6 171.89 -97.33 -66 0.32
6 174.49 -66.73 -67 0.32
6 205.36 -116.86 -66 0.32
6 193.99 -121.09 -66 0.32
6 234.93 -126.63 -66 0.32
6 215.76 -121.74 -66 0.32
6 225.5 -113.28 -66 0.32
6 225.18 -103.19 -66 0.32
6 247.93 -109.05 -66 0.32
6 280.74 -133.46 -66 0.32
6 251.17 -229.17 -66 0.32
6 230.05 -216.15 -66 0.32
6 200.48 -189.13 -66 0.32
6 173.52 -200.85 -67 0.32
6 180.99 -201.17 -67 0.32
6 176.11 -194.66 -67 0.32
6 295.04 -142.58 -67 0.32
6 317.14 -157.23 -67 0.32
6 322.99 -162.43 -67 0.32
6 326.88 -228.52 -67 0.32
6 176.76 -107.75 -67 0.32
6 183.91 -124.02 -67 0.32
6 213.16 -165.69 -66 0.32
6 201.78 -148.76 -66 0.32
6 146.22 -152.99 -72 0.32
6 261.25 -126.95 -72 0.32
6 302.84 -137.04 -72 0.32
6 278.14 -119.79 -72 0.32
6 232.98 -188.8 -72 0.32
6 243.05 -193.03 -72 0.32
6 246.95 -199.54 -72 0.32
6 240.78 -218.1 -72 0.32
6 199.84 -181.97 -72 0.32
6 193.99 -175.78 -72 0.32
6 180.66 -180.01 -72 0.32
6 162.79 -179.04 -72 0.32
6 174.49 -131.84 -73 0.32
6 164.42 -132.16 -73 0.32
6 154.67 -131.51 -73 0.32
6 158.24 -151.69 -73 0.32
6 170.59 -159.18 -73 0.32
6 153.04 -187.5 -73 0.32
6 190.41 -201.17 -73 0.32
6 197.56 -216.8 -73 0.32
6 189.11 -230.79 -73 0.32
6 212.51 -194.01 -73 0.32
6 212.51 -218.75 -73 0.32
6 148.5 -143.55 -73 0.32
6 143.95 -134.77 -73 0.32
6 162.47 -119.47 -73 0.32
6 169.29 -122.07 -73 0.32
6 170.59 -116.21 -73 0.32
6 165.39 -102.86 -73 0.32
6 224.53 -104.82 -73 0.32
6 238.83 -116.21 -73 0.32
6 227.45 -120.77 -73 0.32
6 239.8 -197.92 -73 0.32
6 246.3 -221.35 -73 0.32
6 249.23 -204.1 -73 0.32
6 187.16 -183.92 -73 0.32
6 197.56 -192.06 -73 0.32
6 149.8 -200.52 -75 0.32
6 145.9 -186.85 -75 0.32
6 177.41 -201.5 -75 0.32
6 177.09 -192.38 -75 0.32
6 167.34 -189.45 -75 0.32
6 135.17 -96.35 -75 0.32
6 145.25 -92.12 -75 0.32
6 142 -88.22 -75 0.32
6 131.27 -89.19 -75 0.32
6 147.52 -83.33 -75 0.32
6 140.7 -71.29 -75 0.32
6 154.67 -98.31 -75 0.32
6 196.91 -119.47 -75 0.32
6 202.76 -227.54 -75 0.32
6 307.06 -120.12 -75 0.32
6 317.46 -155.92 -75 0.32
6 324.93 -161.13 -75 0.32
6 144.92 -122.72 -75 0.32
6 147.2 -118.16 -75 0.32
6 148.82 -105.47 -75 0.32
6 209.26 -162.76 -75 0.32
6 205.36 -209.64 -76 0.32
6 183.59 -202.47 -76 0.32
6 189.11 -149.74 -76 0.32
6 232 -100.59 -76 0.32
6 247.28 -106.45 -76 0.32
6 218.03 -94.73 -76 0.32
6 121.85 -159.51 -76 0.32
6 280.09 -132.49 -76 0.32
6 166.04 -94.4 -76 0.32
6 185.86 -173.18 -76 0.32
6 178.06 -169.92 -76 0.32
6 223.56 -203.45 -79 0.32
6 215.43 -208.66 -79 0.32
6 141.67 -148.11 -82 0.32
6 152.39 -139.97 -82 0.32
6 163.12 -131.51 -82 0.32
6 173.19 -156.58 -82 0.32
6 226.15 -119.79 -82 0.32
6 235.25 -118.82 -82 0.32
6 192.36 -201.17 -82 0.32
6 199.84 -214.19 -82 0.32
6 187.16 -231.45 -82 0.32
6 209.26 -218.1 -82 0.32
6 216.73 -220.05 -82 0.32
6 209.58 -197.92 -82 0.32
6 214.13 -191.41 -82 0.32
6 193.34 -186.85 -82 0.32
6 196.91 -176.76 -82 0.32
6 232.98 -190.76 -82 0.32
6 246.3 -192.06 -82 0.32
6 239.48 -223.96 -82 0.32
6 245.65 -217.12 -82 0.32
6 251.17 -223.96 -82 0.32
6 152.07 -183.59 -82 0.32
6 179.36 -206.71 -86 0.32
6 182.29 -198.24 -86 0.32
6 176.44 -197.92 -86 0.32
6 179.69 -190.1 -86 0.32
6 178.06 -169.92 -86 0.32
6 150.77 -190.1 -86 0.32
6 143.3 -127.28 -86 0.32
6 126.07 -161.13 -86 0.32
6 136.15 -149.74 -86 0.32
6 146.55 -108.4 -86 0.32
6 144.6 -91.47 -86 0.32
6 142.32 -84.64 -86 0.32
6 129.32 -93.1 -86 0.32
6 159.22 -95.05 -86 0.32
6 172.87 -88.22 -86 0.32
6 167.02 -94.73 -86 0.32
6 307.39 -115.56 -86 0.32
6 302.51 -102.54 -86 0.32
6 242.4 -111.65 -86 0.32
6 229.08 -105.79 -86 0.32
6 235.58 -101.56 -86 0.32
6 218.36 -95.05 -86 0.32
6 199.19 -105.47 -86 0.32
6 214.46 -115.23 -86 0.32
6 226.48 -215.17 -86 0.32
6 222.26 -202.47 -88 0.32
6 206.01 -54.36 -92 0.32
6 226.48 -47.85 -92 0.32
6 172.22 -126.3 -92 0.32
6 172.54 -150.07 -92 0.32
6 171.57 -156.58 -92 0.32
6 146.55 -158.85 -92 0.32
6 145.9 -137.04 -92 0.32
6 189.11 -204.1 -92 0.32
6 194.64 -203.45 -92 0.32
6 196.26 -213.87 -92 0.32
6 213.48 -219.73 -92 0.32
6 212.83 -196.61 -92 0.32
6 229.4 -189.45 -92 0.32
6 239.15 -185.55 -92 0.32
6 245 -192.38 -92 0.32
6 238.5 -222.01 -92 0.32
6 249.55 -220.7 -92 0.32
6 253.45 -224.28 -92 0.32
6 204.06 -248.7 -92 0.32
6 187.16 -184.24 -92 0.32
6 177.74 -179.04 -92 0.32
6 132.25 -193.03 -92 0.32
6 220.31 -126.3 -92 0.32
6 230.38 -118.82 -92 0.32
6 136.8 -132.49 -93 0.32
6 206.01 -180.34 -93 0.32
6 146.87 -105.47 -94 0.32
6 146.55 -100.26 -94 0.32
6 142.65 -88.54 -94 0.32
6 142.97 -81.38 -94 0.32
6 168.64 -87.24 -94 0.32
6 177.74 -70.96 -94 0.32
6 144.92 -61.2 -94 0.32
6 211.86 -117.19 -94 0.32
6 205.36 -110.35 -94 0.32
6 215.11 -107.42 -94 0.32
6 132.25 -125.33 -94 0.32
6 134.85 -152.34 -94 0.32
6 149.47 -173.83 -94 0.32
6 154.34 -183.59 -94 0.32
6 149.47 -199.22 -94 0.32
6 178.71 -210.94 -94 0.32
6 308.69 -102.54 -94 0.32
6 146.22 -149.09 -95 0.32
6 260.6 -129.56 -81 0.32
6 279.12 -120.77 -81 0.32
6 173.52 -128.26 -89 0.32
6 173.19 -126.63 -89 0.32
6 235.9 -124.35 -97 0.32
6 235.58 -113.28 -97 0.32
6 239.8 -106.77 -97 0.32
6 222.26 -181.32 -100 0.32
6 230.38 -189.13 -100 0.32
6 238.18 -199.22 -100 0.32
6 243.05 -222.33 -100 0.32
6 228.43 -237.63 -100 0.32
6 205.03 -247.07 -100 0.32
6 199.19 -225.91 -100 0.32
6 194.96 -214.52 -100 0.32
6 188.79 -202.47 -100 0.32
6 196.26 -203.78 -100 0.32
6 180.01 -184.9 -100 0.32
6 154.67 -155.92 -100 0.32
6 142.32 -158.85 -100 0.32
6 132.57 -167.64 -100 0.32
6 219.01 -129.56 -100 0.32
6 231.68 -44.92 -100 0.32
6 202.43 -52.41 -100 0.32
6 175.14 -147.79 -101 0.32
6 172.54 -128.91 -101 0.32
6 164.09 -97.01 -101 0.32
6 325.58 -111.65 -101 0.32
6 183.91 -68.36 -101 0.32
6 203.73 -111.65 -102 0.32
6 215.76 -107.75 -102 0.32
6 144.92 -103.19 -102 0.32
6 152.72 -195.64 -102 0.32
6 154.99 -190.1 -102 0.32
6 147.52 -174.15 -102 0.32
6 134.85 -152.99 -102 0.32
6 174.17 -85.94 -102 0.32
6 316.16 -104.82 -103 0.32
6 221.28 -34.51 -103 0.32
6 148.82 -60.55 -103 0.32
6 239.48 -108.4 -106 0.32
6 203.41 -53.39 -109 0.32
6 231.03 -46.22 -109 0.32
6 223.88 -126.95 -109 0.32
6 166.37 -97.98 -109 0.32
6 183.59 -181.97 -109 0.32
6 198.86 -226.56 -109 0.32
6 212.51 -208.66 -109 0.32
6 229.4 -188.8 -109 0.32
6 235.9 -186.85 -109 0.32
6 239.15 -203.13 -109 0.32
6 232 -235.68 -109 0.32
6 207.31 -249.67 -109 0.32
6 168.32 -198.24 -109 0.32
6 148.17 -196.29 -109 0.32
6 134.85 -170.25 -109 0.32
6 143.62 -158.2 -109 0.32
6 156.94 -159.83 -109 0.32
6 133.87 -159.83 -109 0.32
6 129 -134.11 -109 0.32
6 210.06 -106.79 -110 0.32
6 304.94 -103.54 -110 0.32
6 321.51 -100.93 -110 0.32
6 327.36 -112 -110 0.32
6 145.07 -100.61 -110 0.32
6 154.49 -189.8 -111 0.32
6 154.49 -183.29 -111 0.32
6 146.7 -167.66 -111 0.32
6 219.81 -44.94 -111 0.32
6 219.81 -32.9 -111 0.32
6 171.07 -59.92 -115 0.32
6 169.44 -204.77 -118 0.32
6 182.76 -185.57 -118 0.32
6 183.09 -179.71 -118 0.32
6 197.38 -230.49 -118 0.32
6 216.88 -203.47 -118 0.32
6 218.51 -191.1 -118 0.32
6 224.68 -187.85 -118 0.32
6 233.78 -242.21 -118 0.32
6 139.22 -178.73 -118 0.32
6 135.97 -167.01 -118 0.32
6 134.02 -163.11 -118 0.32
6 185.36 -127.3 -118 0.32
6 230.85 -119.81 -118 0.32
6 247.75 -109.07 -118 0.32
6 260.1 -116.88 -118 0.32
6 309.81 -102.23 -118 0.32
6 317.29 -105.49 -118 0.32
6 320.86 -110.37 -118 0.32
6 325.73 -115.91 -118 0.32
6 171.07 -97.35 -118 0.32
6 142.47 -104.51 -118 0.32
6 176.26 -166.04 -122 0.32
6 168.14 -176.78 -122 0.32
6 179.84 -202.49 -122 0.32
6 206.48 -210.63 -122 0.32
6 178.54 -141.95 -122 0.32
6 163.92 -139.99 -122 0.32
6 207.13 -125.02 -122 0.32
6 203.56 -51.13 -122 0.32
6 217.86 -44.62 -122 0.32
6 255.55 -191.43 -125 0.32
6 164.89 -191.75 -125 0.32
6 157.09 -192.4 -125 0.32
6 150.59 -186.54 -125 0.32
6 259.45 -93.45 -131 0.32
6 270.17 -75.87 -131 0.32
6 254.25 -53.41 -131 0.32
6 264.97 -120.46 -131 0.32
6 240.6 -122.42 -131 0.32
6 226.63 -108.74 -131 0.32
6 207.13 -80.75 -131 0.32
6 190.89 -97.35 -138 0.32
6 187.96 -91.82 -138 0.32
6 191.54 -80.42 -138 0.32
6 191.86 -70.33 -138 0.32
6 190.56 -66.75 -138 0.32
6 168.47 -73.91 -138 0.32
6 162.62 -56.34 -138 0.32
6 186.66 -52.43 -138 0.32
6 154.17 -147.16 -138 0.32
6 168.14 -141.95 -138 0.32
6 179.19 -144.88 -138 0.32
6 198.68 -133.48 -138 0.32
6 208.76 -130.88 -138 0.32
6 195.76 -121.77 -138 0.32
6 199.01 -117.21 -138 0.32
6 191.86 -104.84 -138 0.32
6 212.98 -94.1 -138 0.32
6 253.92 -184.27 -138 0.32
6 218.83 -188.17 -138 0.32
6 209.08 -181.99 -138 0.32
6 187.96 -198.26 -140 0.32
6 185.04 -188.5 -140 0.32
6 169.77 -186.87 -140 0.32
6 162.94 -200.87 -140 0.32
6 200.63 -228.86 -140 0.32
6 208.76 -235.7 -140 0.32
6 236.05 -122.09 -140 0.32
6 220.13 -109.07 -140 0.32
6 253.27 -91.82 -140 0.32
6 264.65 -74.24 -140 0.32
6 209.08 -84.01 -140 0.32
6 212.66 -60.89 -140 0.32
6 181.46 -77.17 -140 0.32
6 161.32 -118.51 -140 0.32
6 169.77 -119.81 -140 0.32
6 208.43 -151.06 -140 0.32
6 241.9 -141.95 -140 0.32
6 232.48 -138.69 -140 0.32
6 198.36 -166.69 -143 0.32
6 178.86 -159.53 -143 0.32
6 211.68 -164.08 -143 0.32
6 181.14 -178.08 -143 0.32
6 268.55 -116.88 -144 0.32
6 253.6 -139.34 -144 0.32
6 207.13 -221.38 -144 0.32
6 180.81 -200.22 -144 0.32
6 200.31 -103.86 -144 0.32
6 171.07 -67.4 -147 0.32
6 175.94 -51.45 -147 0.32
6 186.99 -64.47 -147 0.32
6 194.14 -67.08 -147 0.32
6 196.74 -79.45 -147 0.32
6 191.54 -88.89 -147 0.32
6 191.54 -100.28 -147 0.32
6 208.76 -98.98 -147 0.32
6 202.26 -127.62 -147 0.32
6 209.73 -136.74 -147 0.32
6 219.81 -136.41 -147 0.32
6 199.66 -140.97 -147 0.32
6 181.46 -145.2 -147 0.32
6 165.87 -144.23 -147 0.32
6 207.13 -181.34 -147 0.32
6 220.13 -167.66 -147 0.32
6 250.67 -190.78 -147 0.32
6 213.31 -84.98 -149 0.32
6 211.36 -61.54 -149 0.32
6 263.35 -75.87 -149 0.32
6 166.19 -117.86 -149 0.32
6 233.78 -142.92 -149 0.32
6 240.6 -143.9 -149 0.32
6 243.2 -130.88 -149 0.32
6 239.3 -125.02 -149 0.32
6 183.09 -170.92 -152 0.32
6 181.79 -159.2 -152 0.32
6 196.41 -168.32 -152 0.32
6 202.26 -154.64 -152 0.32
6 215.26 -157.57 -152 0.32
6 206.16 -203.15 -152 0.32
6 227.93 -199.89 -152 0.32
6 242.23 -202.49 -152 0.32
6 255.55 -203.15 -152 0.32
6 190.56 -62.2 -156 0.32
6 186.01 -74.57 -156 0.32
6 196.09 -74.89 -156 0.32
6 197.38 -89.54 -156 0.32
6 167.17 -204.12 -127 0.32
6 186.01 -186.22 -127 0.32
6 186.99 -209.01 -127 0.32
6 195.76 -220.72 -127 0.32
6 206.16 -224.3 -127 0.32
6 211.36 -214.21 -127 0.32
6 215.91 -211.28 -127 0.32
6 200.31 -235.7 -127 0.32
6 221.43 -190.45 -127 0.32
6 230.53 -184.59 -127 0.32
6 166.52 -58.61 -127 0.32
6 183.41 -53.08 -127 0.32
6 344.58 -144.55 -63 0.32
6 347.83 -82.38 -8 0.32
6 349.78 -99.3 -8 0.32
6 340.03 -115.58 -8 0.32
6 320.54 -60.24 -8 0.32
6 346.71 -86.43 -50 0.32
6 327.86 -101.07 -50 0.32
6 301.86 -110.51 -42 0.32
6 307.39 -105.96 -42 0.32
6 326.88 -102.38 -42 0.32
6 331.43 -99.77 -42 0.32
6 335.01 -111.49 -42 0.32
6 344.43 -88.7 -42 0.32
6 352.88 -102.05 -42 0.32
6 348.33 -115.07 -35 0.32
6 347.68 -102.7 -35 0.32
6 345.73 -89.03 -35 0.32
6 315.51 -106.93 -35 0.32
6 318.44 -109.21 -35 0.32
6 350.28 -73.4 -35 0.32
6 299.92 -112.47 -33 0.32
6 305.11 -116.37 -33 0.32
6 335.33 -113.12 -33 0.32
6 348.66 -106.61 -33 0.32
6 310.64 -103.68 -33 0.32
6 342.16 -73.08 -28 0.32
6 343.46 -63.31 -28 0.32
6 352.88 -95.21 -26 0.32
6 340.86 -121.26 -26 0.32
6 344.76 -86.75 -26 0.32
6 287.24 -85.12 -26 0.32
6 302.19 -114.42 -24 0.32
6 348.66 -97.49 -24 0.32
6 358.73 -92.61 -24 0.32
6 334.36 -111.82 -24 0.32
6 286.59 -86.43 -18 0.32
6 346.71 -61.04 -18 0.32
6 352.23 -87.08 -18 0.32
6 343.46 -80.57 -18 0.32
6 342.81 -120.93 -17 0.32
6 348.01 -114.42 -17 0.32
6 306.74 -118.65 -17 0.32
6 347.36 -87.4 2 0.32
6 339.88 -122.23 2 0.32
