0.000000 0.000028 
4.000000 0.000027 
8.000000 0.000026 
12.000000 0.000025 
16.000000 0.000026 
20.000000 0.000024 
24.000000 0.000022 
28.000000 0.000021 
32.000000 0.000019 
36.000000 0.000018 
40.000000 0.000018 
44.000000 0.000016 
48.000000 0.000013 
52.000000 0.000014 
56.000000 0.000013 
60.000000 0.000012 
64.000000 0.000010 
68.000000 0.000008 
72.000000 0.000006 
76.000000 0.000005 
80.000000 0.000005 
84.000000 0.000004 
88.000000 0.000000 
92.000000 0.000001 
96.000000 0.000001 
100.000000 0.000001 
104.000000 0.000001 
108.000000 0.000001 
112.000000 0.000001 
116.000000 0.000001 
120.000000 0.000001 
124.000000 0.000001 
