0.000000 0.000024 
4.000000 0.000024 
8.000000 0.000023 
12.000000 0.000024 
16.000000 0.000024 
20.000000 0.000023 
24.000000 0.000023 
28.000000 0.000022 
32.000000 0.000020 
36.000000 0.000020 
40.000000 0.000022 
44.000000 0.000021 
48.000000 0.000022 
52.000000 0.000021 
56.000000 0.000021 
60.000000 0.000019 
64.000000 0.000019 
68.000000 0.000019 
72.000000 0.000018 
76.000000 0.000018 
80.000000 0.000015 
84.000000 0.000016 
88.000000 0.000013 
92.000000 0.000016 
96.000000 0.000015 
100.000000 0.000016 
104.000000 0.000016 
108.000000 0.000016 
112.000000 0.000016 
116.000000 0.000016 
120.000000 0.000016 
124.000000 0.000016 
