0.000000 0.000040 
4.000000 0.000038 
8.000000 0.000036 
12.000000 0.000032 
16.000000 0.000029 
20.000000 0.000031 
24.000000 0.000030 
28.000000 0.000028 
32.000000 0.000027 
36.000000 0.000024 
40.000000 0.000023 
44.000000 0.000023 
48.000000 0.000021 
52.000000 0.000023 
56.000000 0.000019 
60.000000 0.000019 
64.000000 0.000018 
68.000000 0.000018 
72.000000 0.000015 
76.000000 0.000016 
80.000000 0.000015 
84.000000 0.000011 
88.000000 0.000012 
92.000000 0.000012 
96.000000 0.000009 
100.000000 0.000010 
104.000000 0.000010 
108.000000 0.000010 
112.000000 0.000010 
116.000000 0.000010 
120.000000 0.000010 
124.000000 0.000010 
