0.000000 0.000036 
4.000000 0.000035 
8.000000 0.000035 
12.000000 0.000033 
16.000000 0.000033 
20.000000 0.000034 
24.000000 0.000033 
28.000000 0.000032 
32.000000 0.000032 
36.000000 0.000031 
40.000000 0.000030 
44.000000 0.000030 
48.000000 0.000030 
52.000000 0.000029 
56.000000 0.000030 
60.000000 0.000029 
64.000000 0.000031 
68.000000 0.000031 
72.000000 0.000030 
76.000000 0.000030 
80.000000 0.000030 
84.000000 0.000029 
88.000000 0.000028 
92.000000 0.000026 
96.000000 0.000028 
100.000000 0.000027 
104.000000 0.000027 
108.000000 0.000027 
112.000000 0.000027 
116.000000 0.000027 
120.000000 0.000027 
124.000000 0.000027 
