0.000000 0.000028 
4.000000 0.000028 
8.000000 0.000028 
12.000000 0.000027 
16.000000 0.000027 
20.000000 0.000027 
24.000000 0.000027 
28.000000 0.000028 
32.000000 0.000027 
36.000000 0.000027 
40.000000 0.000025 
44.000000 0.000025 
48.000000 0.000023 
52.000000 0.000023 
56.000000 0.000022 
60.000000 0.000023 
64.000000 0.000022 
68.000000 0.000023 
72.000000 0.000023 
76.000000 0.000023 
80.000000 0.000020 
84.000000 0.000022 
88.000000 0.000022 
92.000000 0.000021 
96.000000 0.000021 
100.000000 0.000020 
104.000000 0.000020 
108.000000 0.000020 
112.000000 0.000020 
116.000000 0.000020 
120.000000 0.000020 
124.000000 0.000020 
