0.000000 0.000036 
4.000000 0.000034 
8.000000 0.000033 
12.000000 0.000031 
16.000000 0.000030 
20.000000 0.000026 
24.000000 0.000026 
28.000000 0.000024 
32.000000 0.000023 
36.000000 0.000023 
40.000000 0.000021 
44.000000 0.000020 
48.000000 0.000020 
52.000000 0.000018 
56.000000 0.000017 
60.000000 0.000018 
64.000000 0.000015 
68.000000 0.000017 
72.000000 0.000014 
76.000000 0.000011 
80.000000 0.000012 
84.000000 0.000010 
88.000000 0.000007 
92.000000 0.000005 
96.000000 0.000006 
100.000000 0.000006 
104.000000 0.000006 
108.000000 0.000006 
112.000000 0.000006 
116.000000 0.000006 
120.000000 0.000006 
124.000000 0.000006 
