0.000000 0.000032 
4.000000 0.000031 
8.000000 0.000031 
12.000000 0.000030 
16.000000 0.000030 
20.000000 0.000029 
24.000000 0.000029 
28.000000 0.000029 
32.000000 0.000031 
36.000000 0.000031 
40.000000 0.000031 
44.000000 0.000031 
48.000000 0.000030 
52.000000 0.000030 
56.000000 0.000030 
60.000000 0.000029 
64.000000 0.000029 
68.000000 0.000025 
72.000000 0.000029 
76.000000 0.000028 
80.000000 0.000028 
84.000000 0.000025 
88.000000 0.000025 
92.000000 0.000024 
96.000000 0.000023 
100.000000 0.000024 
104.000000 0.000024 
108.000000 0.000024 
112.000000 0.000024 
116.000000 0.000024 
120.000000 0.000024 
124.000000 0.000024 
