0.000000 0.000019 
4.000000 0.000020 
8.000000 0.000020 
12.000000 0.000019 
16.000000 0.000019 
20.000000 0.000018 
24.000000 0.000017 
28.000000 0.000018 
32.000000 0.000017 
36.000000 0.000015 
40.000000 0.000017 
44.000000 0.000017 
48.000000 0.000012 
52.000000 0.000013 
56.000000 0.000009 
60.000000 0.000010 
64.000000 0.000009 
68.000000 0.000007 
72.000000 0.000006 
76.000000 0.000005 
80.000000 0.000006 
84.000000 0.000004 
88.000000 0.000004 
92.000000 0.000003 
96.000000 0.000004 
100.000000 0.000003 
104.000000 0.000003 
108.000000 0.000003 
112.000000 0.000003 
116.000000 0.000003 
120.000000 0.000003 
124.000000 0.000003 
