0.000000 0.000040 
4.000000 0.000038 
8.000000 0.000038 
12.000000 0.000037 
16.000000 0.000036 
20.000000 0.000036 
24.000000 0.000035 
28.000000 0.000037 
32.000000 0.000036 
36.000000 0.000036 
40.000000 0.000032 
44.000000 0.000033 
48.000000 0.000031 
52.000000 0.000031 
56.000000 0.000030 
60.000000 0.000030 
64.000000 0.000030 
68.000000 0.000029 
72.000000 0.000029 
76.000000 0.000029 
80.000000 0.000029 
84.000000 0.000031 
88.000000 0.000031 
92.000000 0.000031 
96.000000 0.000030 
100.000000 0.000030 
104.000000 0.000030 
108.000000 0.000030 
112.000000 0.000030 
116.000000 0.000030 
120.000000 0.000030 
124.000000 0.000030 
