0.000000 0.000024 
4.000000 0.000023 
8.000000 0.000022 
12.000000 0.000022 
16.000000 0.000022 
20.000000 0.000020 
24.000000 0.000019 
28.000000 0.000017 
32.000000 0.000016 
36.000000 0.000014 
40.000000 0.000012 
44.000000 0.000011 
48.000000 0.000010 
52.000000 0.000008 
56.000000 0.000007 
60.000000 0.000007 
64.000000 0.000007 
68.000000 0.000004 
72.000000 0.000003 
76.000000 0.000004 
80.000000 0.000001 
84.000000 0.000001 
88.000000 0.000001 
92.000000 0.000001 
96.000000 0.000001 
100.000000 0.000001 
104.000000 0.000001 
108.000000 0.000001 
112.000000 0.000001 
116.000000 0.000001 
120.000000 0.000001 
124.000000 0.000001 
