0.000000 0.000032 
4.000000 0.000031 
8.000000 0.000030 
12.000000 0.000028 
16.000000 0.000027 
20.000000 0.000025 
24.000000 0.000023 
28.000000 0.000023 
32.000000 0.000023 
36.000000 0.000022 
40.000000 0.000021 
44.000000 0.000020 
48.000000 0.000018 
52.000000 0.000017 
56.000000 0.000015 
60.000000 0.000015 
64.000000 0.000015 
68.000000 0.000013 
72.000000 0.000010 
76.000000 0.000007 
80.000000 0.000008 
84.000000 0.000005 
88.000000 0.000004 
92.000000 0.000003 
96.000000 0.000003 
100.000000 0.000003 
104.000000 0.000003 
108.000000 0.000003 
112.000000 0.000003 
116.000000 0.000003 
120.000000 0.000003 
124.000000 0.000003 
