0.000000 0.000033 
4.000000 0.000035 
8.000000 0.000033 
12.000000 0.000032 
16.000000 0.000031 
20.000000 0.000029 
24.000000 0.000027 
28.000000 0.000023 
32.000000 0.000022 
36.000000 0.000019 
40.000000 0.000016 
44.000000 0.000014 
48.000000 0.000009 
52.000000 0.000009 
56.000000 0.000005 
60.000000 0.000004 
64.000000 0.000003 
68.000000 0.000003 
72.000000 0.000003 
76.000000 0.000003 
80.000000 0.000002 
84.000000 0.000001 
88.000000 0.000001 
92.000000 0.000001 
96.000000 0.000001 
100.000000 0.000001 
104.000000 0.000001 
108.000000 0.000001 
112.000000 0.000001 
116.000000 0.000001 
120.000000 0.000001 
124.000000 0.000001 
