0.000000 0.000003 
1.333333 0.000020 
2.666667 0.000023 
4.000000 0.000027 
5.333333 0.000026 
6.666667 0.000029 
8.000000 0.000031 
9.333333 0.000032 
10.666667 0.000031 
12.000000 0.000031 
13.333333 0.000032 
14.666667 0.000034 
16.000000 0.000035 
17.333333 0.000035 
18.666667 0.000036 
20.000000 0.000036 
21.333333 0.000039 
22.666667 0.000038 
24.000000 0.000039 
25.333333 0.000040 
26.666667 0.000041 
28.000000 0.000041 
29.333333 0.000040 
30.666667 0.000042 
32.000000 0.000043 
33.333333 0.000043 
34.666667 0.000044 
36.000000 0.000047 
37.333333 0.000045 
38.666667 0.000050 
40.000000 0.000052 
41.333333 0.000052 
