0.000000 0.000003 
1.333333 0.000021 
2.666667 0.000022 
4.000000 0.000028 
5.333333 0.000028 
6.666667 0.000027 
8.000000 0.000030 
9.333333 0.000028 
10.666667 0.000032 
12.000000 0.000032 
13.333333 0.000031 
14.666667 0.000034 
16.000000 0.000035 
17.333333 0.000037 
18.666667 0.000035 
20.000000 0.000039 
21.333333 0.000039 
22.666667 0.000039 
24.000000 0.000039 
25.333333 0.000039 
26.666667 0.000040 
28.000000 0.000041 
29.333333 0.000040 
30.666667 0.000040 
32.000000 0.000044 
33.333333 0.000045 
34.666667 0.000046 
36.000000 0.000044 
37.333333 0.000047 
38.666667 0.000049 
40.000000 0.000050 
41.333333 0.000049 
