0.000000 0.000003 
1.333333 0.000017 
2.666667 0.000018 
4.000000 0.000019 
5.333333 0.000026 
6.666667 0.000028 
8.000000 0.000029 
9.333333 0.000029 
10.666667 0.000030 
12.000000 0.000033 
13.333333 0.000034 
14.666667 0.000033 
16.000000 0.000034 
17.333333 0.000036 
18.666667 0.000038 
20.000000 0.000037 
21.333333 0.000039 
22.666667 0.000038 
24.000000 0.000039 
25.333333 0.000040 
26.666667 0.000040 
28.000000 0.000041 
29.333333 0.000043 
30.666667 0.000044 
32.000000 0.000045 
33.333333 0.000042 
34.666667 0.000043 
36.000000 0.000044 
37.333333 0.000047 
38.666667 0.000047 
40.000000 0.000048 
41.333333 0.000051 
