0.000000 0.000023 
4.000000 0.000021 
8.000000 0.000020 
12.000000 0.000020 
16.000000 0.000018 
20.000000 0.000018 
24.000000 0.000017 
28.000000 0.000016 
32.000000 0.000014 
36.000000 0.000014 
40.000000 0.000013 
44.000000 0.000012 
48.000000 0.000010 
52.000000 0.000010 
56.000000 0.000008 
60.000000 0.000007 
64.000000 0.000007 
68.000000 0.000004 
72.000000 0.000003 
76.000000 0.000003 
80.000000 0.000004 
84.000000 0.000003 
88.000000 0.000003 
92.000000 0.000002 
96.000000 0.000003 
100.000000 0.000002 
104.000000 0.000002 
108.000000 0.000002 
112.000000 0.000002 
116.000000 0.000002 
120.000000 0.000002 
124.000000 0.000002 
