0.000000 0.000026 
3.973510 0.000022 
7.947020 0.000020 
11.920530 0.000013 
15.894040 0.000010 
19.867550 0.000008 
23.841060 0.000007 
27.814570 0.000005 
31.788079 0.000003 
35.761589 0.000003 
39.735099 0.000002 
43.708609 0.000002 
47.682119 0.000002 
51.655629 0.000002 
55.629139 0.000001 
59.602649 0.000001 
63.576159 0.000001 
67.549669 0.000001 
71.523179 0.000001 
75.496689 0.000001 
79.470199 0.000001 
83.443709 0.000001 
87.417219 0.000001 
91.390728 0.000001 
95.364238 0.000001 
99.337748 0.000001 
103.311258 0.000000 
107.284768 0.000000 
111.258278 0.000000 
115.231788 0.000000 
119.205298 0.000000 
123.178808 0.000000 
