0.000000 0.000025 
4.000000 0.000024 
8.000000 0.000020 
12.000000 0.000015 
16.000000 0.000012 
20.000000 0.000009 
24.000000 0.000007 
28.000000 0.000005 
32.000000 0.000004 
36.000000 0.000003 
40.000000 0.000003 
44.000000 0.000003 
48.000000 0.000002 
52.000000 0.000002 
56.000000 0.000002 
60.000000 0.000002 
64.000000 0.000001 
68.000000 0.000001 
72.000000 0.000001 
76.000000 0.000001 
80.000000 0.000001 
84.000000 0.000001 
88.000000 0.000001 
92.000000 0.000001 
96.000000 0.000001 
100.000000 0.000001 
104.000000 0.000001 
108.000000 0.000001 
112.000000 0.000001 
116.000000 0.000001 
120.000000 0.000001 
124.000000 0.000001 
