0.000000 0.000037 
3.973510 0.000036 
7.947020 0.000031 
11.920530 0.000033 
15.894040 0.000033 
19.867550 0.000031 
23.841060 0.000031 
27.814570 0.000030 
31.788079 0.000030 
35.761589 0.000029 
39.735099 0.000028 
43.708609 0.000028 
47.682119 0.000028 
51.655629 0.000025 
55.629139 0.000024 
59.602649 0.000021 
63.576159 0.000020 
67.549669 0.000020 
71.523179 0.000019 
75.496689 0.000015 
79.470199 0.000016 
83.443709 0.000015 
87.417219 0.000015 
91.390728 0.000016 
95.364238 0.000014 
99.337748 0.000014 
103.311258 0.000014 
107.284768 0.000014 
111.258278 0.000014 
115.231788 0.000014 
119.205298 0.000014 
123.178808 0.000014 
