0.000000 0.000020 
2.479339 0.000018 
4.958678 0.000017 
7.438017 0.000016 
9.917355 0.000013 
12.396694 0.000013 
14.876033 0.000013 
17.355372 0.000012 
19.834711 0.000012 
22.314050 0.000009 
24.793388 0.000008 
27.272727 0.000010 
29.752066 0.000005 
32.231405 0.000004 
34.710744 0.000003 
37.190083 0.000002 
39.669421 0.000002 
42.148760 0.000002 
44.628099 0.000002 
47.107438 0.000002 
49.586777 0.000002 
52.066116 0.000002 
54.545455 0.000002 
57.024793 0.000002 
59.504132 0.000002 
61.983471 0.000002 
64.462810 0.000002 
66.942149 0.000002 
69.421488 0.000002 
71.900826 0.000002 
74.380165 0.000002 
76.859504 0.000002 
