0.000000 0.000016 
2.564103 0.000017 
5.128205 0.000018 
7.692308 0.000017 
10.256410 0.000014 
12.820513 0.000015 
15.384615 0.000014 
17.948718 0.000012 
20.512821 0.000006 
23.076923 0.000005 
25.641026 0.000005 
28.205128 0.000005 
30.769231 0.000004 
33.333333 0.000003 
35.897436 0.000003 
38.461538 0.000002 
41.025641 0.000002 
43.589744 0.000002 
46.153846 0.000002 
48.717949 0.000001 
51.282051 0.000001 
53.846154 0.000001 
56.410256 0.000001 
58.974359 0.000001 
61.538462 0.000001 
64.102564 0.000001 
66.666667 0.000001 
69.230769 0.000001 
71.794872 0.000001 
74.358974 0.000001 
76.923077 0.000001 
79.487179 0.000002 
