0.000000 0.000027 
4.000000 0.000025 
8.000000 0.000023 
12.000000 0.000019 
16.000000 0.000017 
20.000000 0.000014 
24.000000 0.000013 
28.000000 0.000009 
32.000000 0.000007 
36.000000 0.000005 
40.000000 0.000004 
44.000000 0.000003 
48.000000 0.000003 
52.000000 0.000004 
56.000000 0.000002 
60.000000 0.000002 
64.000000 0.000002 
68.000000 0.000002 
72.000000 0.000002 
76.000000 0.000001 
80.000000 0.000001 
84.000000 0.000002 
88.000000 0.000001 
92.000000 0.000001 
96.000000 0.000001 
100.000000 0.000001 
104.000000 0.000001 
108.000000 0.000001 
112.000000 0.000001 
116.000000 0.000001 
120.000000 0.000001 
124.000000 0.000001 
