0.000000 0.000011 
1.333333 0.000013 
2.666667 0.000014 
4.000000 0.000015 
5.333333 0.000017 
6.666667 0.000016 
8.000000 0.000018 
9.333333 0.000018 
10.666667 0.000020 
12.000000 0.000022 
13.333333 0.000022 
14.666667 0.000024 
16.000000 0.000025 
17.333333 0.000024 
18.666667 0.000025 
20.000000 0.000027 
21.333333 0.000029 
22.666667 0.000030 
24.000000 0.000032 
25.333333 0.000031 
26.666667 0.000033 
28.000000 0.000032 
29.333333 0.000033 
30.666667 0.000037 
32.000000 0.000035 
33.333333 0.000035 
34.666667 0.000038 
36.000000 0.000039 
37.333333 0.000040 
38.666667 0.000042 
40.000000 0.000043 
41.333333 0.000044 
