0.000000 0.000003 
0.852515 0.000003 
1.705030 0.000003 
2.557545 0.000017 
3.410060 0.000017 
4.262575 0.000018 
5.115090 0.000019 
5.967604 0.000017 
6.820119 0.000017 
7.672634 0.000016 
8.525149 0.000020 
9.377664 0.000019 
10.230179 0.000021 
11.082694 0.000020 
11.935209 0.000020 
12.787724 0.000022 
13.640239 0.000027 
14.492754 0.000028 
15.345269 0.000026 
16.197783 0.000029 
17.050298 0.000029 
17.902813 0.000030 
18.755328 0.000028 
19.607843 0.000030 
20.460358 0.000032 
21.312873 0.000032 
22.165388 0.000034 
23.017903 0.000035 
23.870418 0.000037 
24.722933 0.000037 
25.575448 0.000039 
26.427962 0.000038 
