0.000000 0.000010 
1.333333 0.000013 
2.666667 0.000014 
4.000000 0.000014 
5.333333 0.000016 
6.666667 0.000018 
8.000000 0.000019 
9.333333 0.000018 
10.666667 0.000020 
12.000000 0.000022 
13.333333 0.000022 
14.666667 0.000023 
16.000000 0.000023 
17.333333 0.000025 
18.666667 0.000027 
20.000000 0.000028 
21.333333 0.000030 
22.666667 0.000031 
24.000000 0.000031 
25.333333 0.000031 
26.666667 0.000034 
28.000000 0.000035 
29.333333 0.000034 
30.666667 0.000036 
32.000000 0.000036 
33.333333 0.000038 
34.666667 0.000039 
36.000000 0.000042 
37.333333 0.000042 
38.666667 0.000042 
40.000000 0.000045 
41.333333 0.000043 
