0.000000 0.000028 
1.690141 0.000027 
3.380282 0.000025 
5.070423 0.000025 
6.760563 0.000023 
8.450704 0.000022 
10.140845 0.000019 
11.830986 0.000017 
13.521127 0.000012 
15.211268 0.000011 
16.901408 0.000011 
18.591549 0.000008 
20.281690 0.000008 
21.971831 0.000006 
23.661972 0.000006 
25.352113 0.000006 
27.042254 0.000005 
28.732394 0.000005 
30.422535 0.000004 
32.112676 0.000004 
33.802817 0.000004 
35.492958 0.000004 
37.183099 0.000004 
38.873239 0.000003 
40.563380 0.000003 
42.253521 0.000003 
43.943662 0.000003 
45.633803 0.000003 
47.323944 0.000003 
49.014085 0.000002 
50.704225 0.000002 
52.394366 0.000002 
