0.000000 0.000028 
1.690141 0.000028 
3.380282 0.000028 
5.070423 0.000028 
6.760563 0.000027 
8.450704 0.000027 
10.140845 0.000026 
11.830986 0.000026 
13.521127 0.000026 
15.211268 0.000025 
16.901408 0.000025 
18.591549 0.000025 
20.281690 0.000024 
21.971831 0.000024 
23.661972 0.000023 
25.352113 0.000023 
27.042254 0.000022 
28.732394 0.000021 
30.422535 0.000021 
32.112676 0.000020 
33.802817 0.000019 
35.492958 0.000019 
37.183099 0.000019 
38.873239 0.000018 
40.563380 0.000016 
42.253521 0.000016 
43.943662 0.000013 
45.633803 0.000015 
47.323944 0.000015 
49.014085 0.000015 
50.704225 0.000013 
52.394366 0.000015 
