0.000000 0.000001 
1.333333 0.000017 
2.666667 0.000002 
4.000000 0.000016 
5.333333 0.000015 
6.666667 0.000024 
8.000000 0.000017 
9.333333 0.000018 
10.666667 0.000017 
12.000000 0.000021 
13.333333 0.000017 
14.666667 0.000029 
16.000000 0.000030 
17.333333 0.000019 
18.666667 0.000019 
20.000000 0.000032 
21.333333 0.000021 
22.666667 0.000024 
24.000000 0.000031 
25.333333 0.000022 
26.666667 0.000028 
28.000000 0.000024 
29.333333 0.000039 
30.666667 0.000039 
32.000000 0.000023 
33.333333 0.000031 
34.666667 0.000034 
36.000000 0.000041 
37.333333 0.000045 
38.666667 0.000047 
40.000000 0.000031 
41.333333 0.000028 
