0.000000 0.000001 
1.333333 0.000001 
2.666667 0.000016 
4.000000 0.000014 
5.333333 0.000016 
6.666667 0.000016 
8.000000 0.000016 
9.333333 0.000016 
10.666667 0.000015 
12.000000 0.000017 
13.333333 0.000017 
14.666667 0.000023 
16.000000 0.000018 
17.333333 0.000022 
18.666667 0.000020 
20.000000 0.000024 
21.333333 0.000027 
22.666667 0.000022 
24.000000 0.000040 
25.333333 0.000021 
26.666667 0.000025 
28.000000 0.000025 
29.333333 0.000025 
30.666667 0.000024 
32.000000 0.000029 
33.333333 0.000037 
34.666667 0.000026 
36.000000 0.000044 
37.333333 0.000027 
38.666667 0.000026 
40.000000 0.000044 
41.333333 0.000035 
