0.000000 0.000015 
1.333333 0.000018 
2.666667 0.000019 
4.000000 0.000021 
5.333333 0.000020 
6.666667 0.000022 
8.000000 0.000022 
9.333333 0.000023 
10.666667 0.000024 
12.000000 0.000024 
13.333333 0.000025 
14.666667 0.000027 
16.000000 0.000028 
17.333333 0.000027 
18.666667 0.000027 
20.000000 0.000030 
21.333333 0.000030 
22.666667 0.000031 
24.000000 0.000031 
25.333333 0.000032 
26.666667 0.000032 
28.000000 0.000033 
29.333333 0.000035 
30.666667 0.000034 
32.000000 0.000035 
33.333333 0.000037 
34.666667 0.000036 
36.000000 0.000038 
37.333333 0.000038 
38.666667 0.000039 
40.000000 0.000039 
41.333333 0.000042 
