0.000000 0.000003 
1.333333 0.000019 
2.666667 0.000019 
4.000000 0.000020 
5.333333 0.000021 
6.666667 0.000022 
8.000000 0.000022 
9.333333 0.000022 
10.666667 0.000024 
12.000000 0.000025 
13.333333 0.000024 
14.666667 0.000026 
16.000000 0.000027 
17.333333 0.000027 
18.666667 0.000027 
20.000000 0.000029 
21.333333 0.000029 
22.666667 0.000030 
24.000000 0.000031 
25.333333 0.000031 
26.666667 0.000031 
28.000000 0.000033 
29.333333 0.000034 
30.666667 0.000035 
32.000000 0.000035 
33.333333 0.000037 
34.666667 0.000037 
36.000000 0.000038 
37.333333 0.000038 
38.666667 0.000039 
40.000000 0.000038 
41.333333 0.000039 
