0.000000 0.000024 
2.564103 0.000023 
5.128205 0.000021 
7.692308 0.000020 
10.256410 0.000022 
12.820513 0.000020 
15.384615 0.000021 
17.948718 0.000020 
20.512821 0.000013 
23.076923 0.000011 
25.641026 0.000009 
28.205128 0.000008 
30.769231 0.000008 
33.333333 0.000008 
35.897436 0.000007 
38.461538 0.000006 
41.025641 0.000005 
43.589744 0.000005 
46.153846 0.000004 
48.717949 0.000003 
51.282051 0.000002 
53.846154 0.000002 
56.410256 0.000002 
58.974359 0.000002 
61.538462 0.000002 
64.102564 0.000002 
66.666667 0.000001 
69.230769 0.000001 
71.794872 0.000001 
74.358974 0.000001 
76.923077 0.000001 
79.487179 0.000001 
