0.000000 0.000016 
5.128205 0.000017 
10.256410 0.000018 
15.384615 0.000017 
20.512821 0.000014 
25.641026 0.000015 
30.769231 0.000014 
35.897436 0.000012 
41.025641 0.000006 
46.153846 0.000005 
51.282051 0.000005 
56.410256 0.000005 
61.538462 0.000004 
66.666667 0.000003 
71.794872 0.000003 
76.923077 0.000002 
82.051282 0.000002 
87.179487 0.000002 
92.307692 0.000002 
97.435897 0.000001 
102.564103 0.000001 
107.692308 0.000001 
112.820513 0.000001 
117.948718 0.000001 
123.076923 0.000001 
128.205128 0.000001 
133.333333 0.000001 
138.461538 0.000001 
143.589744 0.000001 
148.717949 0.000001 
153.846154 0.000001 
158.974359 0.000002 
