0.000000 0.000016 
5.128205 0.000017 
10.256410 0.000016 
15.384615 0.000016 
20.512821 0.000016 
25.641026 0.000007 
30.769231 0.000013 
35.897436 0.000013 
41.025641 0.000011 
46.153846 0.000013 
51.282051 0.000012 
56.410256 0.000011 
61.538462 0.000013 
66.666667 0.000013 
71.794872 0.000010 
76.923077 0.000010 
82.051282 0.000006 
87.179487 0.000010 
92.307692 0.000008 
97.435897 0.000009 
102.564103 0.000007 
107.692308 0.000006 
112.820513 0.000007 
117.948718 0.000005 
123.076923 0.000005 
128.205128 0.000005 
133.333333 0.000005 
138.461538 0.000004 
143.589744 0.000005 
148.717949 0.000005 
153.846154 0.000006 
158.974359 0.000006 
