0.000000 0.000024 
5.128205 0.000024 
10.256410 0.000024 
15.384615 0.000023 
20.512821 0.000023 
25.641026 0.000021 
30.769231 0.000022 
35.897436 0.000018 
41.025641 0.000018 
46.153846 0.000017 
51.282051 0.000018 
56.410256 0.000013 
61.538462 0.000015 
66.666667 0.000012 
71.794872 0.000010 
76.923077 0.000009 
82.051282 0.000008 
87.179487 0.000007 
92.307692 0.000008 
97.435897 0.000007 
102.564103 0.000007 
107.692308 0.000008 
112.820513 0.000006 
117.948718 0.000007 
123.076923 0.000007 
128.205128 0.000007 
133.333333 0.000006 
138.461538 0.000007 
143.589744 0.000006 
148.717949 0.000006 
153.846154 0.000005 
158.974359 0.000005 
