0.000000 0.000023 
4.000000 0.000021 
8.000000 0.000022 
12.000000 0.000019 
16.000000 0.000020 
20.000000 0.000019 
24.000000 0.000016 
28.000000 0.000018 
32.000000 0.000017 
36.000000 0.000017 
40.000000 0.000017 
44.000000 0.000014 
48.000000 0.000015 
52.000000 0.000015 
56.000000 0.000014 
60.000000 0.000015 
64.000000 0.000013 
68.000000 0.000014 
72.000000 0.000016 
76.000000 0.000009 
80.000000 0.000011 
84.000000 0.000011 
88.000000 0.000005 
92.000000 0.000006 
96.000000 0.000005 
100.000000 0.000006 
104.000000 0.000006 
108.000000 0.000006 
112.000000 0.000006 
116.000000 0.000006 
120.000000 0.000006 
124.000000 0.000006 
