0.000000 0.000028 
3.947368 0.000027 
7.894737 0.000027 
11.842105 0.000027 
15.789474 0.000026 
19.736842 0.000026 
23.684211 0.000025 
27.631579 0.000024 
31.578947 0.000024 
35.526316 0.000023 
39.473684 0.000023 
43.421053 0.000021 
47.368421 0.000020 
51.315789 0.000020 
55.263158 0.000017 
59.210526 0.000017 
63.157895 0.000016 
67.105263 0.000018 
71.052632 0.000017 
75.000000 0.000015 
78.947368 0.000010 
82.894737 0.000014 
86.842105 0.000013 
90.789474 0.000011 
94.736842 0.000009 
98.684211 0.000010 
102.631579 0.000010 
106.578947 0.000010 
110.526316 0.000010 
114.473684 0.000010 
118.421053 0.000010 
122.368421 0.000010 
