0.000000 0.000028 
1.923077 0.000025 
3.846154 0.000022 
5.769231 0.000020 
7.692308 0.000015 
9.615385 0.000011 
11.538462 0.000010 
13.461538 0.000008 
15.384615 0.000006 
17.307692 0.000006 
19.230769 0.000005 
21.153846 0.000004 
23.076923 0.000004 
25.000000 0.000004 
26.923077 0.000004 
28.846154 0.000004 
30.769231 0.000004 
32.692308 0.000004 
34.615385 0.000003 
36.538462 0.000003 
38.461538 0.000003 
40.384615 0.000003 
42.307692 0.000003 
44.230769 0.000003 
46.153846 0.000002 
48.076923 0.000002 
50.000000 0.000001 
51.923077 0.000001 
53.846154 0.000001 
55.769231 0.000001 
57.692308 0.000001 
59.615385 0.000001 
