0.000000 0.000028 
4.000000 0.000028 
8.000000 0.000027 
12.000000 0.000027 
16.000000 0.000027 
20.000000 0.000026 
24.000000 0.000026 
28.000000 0.000025 
32.000000 0.000026 
36.000000 0.000023 
40.000000 0.000022 
44.000000 0.000022 
48.000000 0.000020 
52.000000 0.000022 
56.000000 0.000019 
60.000000 0.000019 
64.000000 0.000013 
68.000000 0.000016 
72.000000 0.000016 
76.000000 0.000015 
80.000000 0.000015 
84.000000 0.000014 
88.000000 0.000009 
92.000000 0.000011 
96.000000 0.000010 
100.000000 0.000010 
104.000000 0.000010 
108.000000 0.000010 
112.000000 0.000010 
116.000000 0.000010 
120.000000 0.000010 
124.000000 0.000010 
