0.000000 0.000018 
2.564103 0.000018 
5.128205 0.000018 
7.692308 0.000018 
10.256410 0.000017 
12.820513 0.000017 
15.384615 0.000017 
17.948718 0.000016 
20.512821 0.000016 
23.076923 0.000015 
25.641026 0.000014 
28.205128 0.000012 
30.769231 0.000012 
33.333333 0.000013 
35.897436 0.000012 
38.461538 0.000011 
41.025641 0.000008 
43.589744 0.000009 
46.153846 0.000010 
48.717949 0.000008 
51.282051 0.000007 
53.846154 0.000007 
56.410256 0.000007 
58.974359 0.000008 
61.538462 0.000006 
64.102564 0.000006 
66.666667 0.000005 
69.230769 0.000005 
71.794872 0.000006 
74.358974 0.000006 
76.923077 0.000005 
79.487179 0.000005 
