0.000000 0.000031 
2.000000 0.000030 
4.000000 0.000025 
6.000000 0.000022 
8.000000 0.000015 
10.000000 0.000013 
12.000000 0.000013 
14.000000 0.000006 
16.000000 0.000005 
18.000000 0.000004 
20.000000 0.000004 
22.000000 0.000003 
24.000000 0.000003 
26.000000 0.000002 
28.000000 0.000002 
30.000000 0.000002 
32.000000 0.000002 
34.000000 0.000002 
36.000000 0.000002 
38.000000 0.000002 
40.000000 0.000002 
42.000000 0.000001 
44.000000 0.000001 
46.000000 0.000001 
48.000000 0.000001 
50.000000 0.000001 
52.000000 0.000001 
54.000000 0.000001 
56.000000 0.000001 
58.000000 0.000001 
60.000000 0.000001 
62.000000 0.000001 
