0.000000 0.000030 
1.960784 0.000027 
3.921569 0.000024 
5.882353 0.000024 
7.843137 0.000018 
9.803922 0.000014 
11.764706 0.000012 
13.725490 0.000010 
15.686275 0.000007 
17.647059 0.000006 
19.607843 0.000004 
21.568627 0.000004 
23.529412 0.000003 
25.490196 0.000003 
27.450980 0.000003 
29.411765 0.000003 
31.372549 0.000003 
33.333333 0.000002 
35.294118 0.000002 
37.254902 0.000002 
39.215686 0.000002 
41.176471 0.000002 
43.137255 0.000002 
45.098039 0.000002 
47.058824 0.000001 
49.019608 0.000001 
50.980392 0.000001 
52.941176 0.000001 
54.901961 0.000001 
56.862745 0.000001 
58.823529 0.000001 
60.784314 0.000001 
