0.000000 0.000017 
2.564103 0.000015 
5.128205 0.000015 
7.692308 0.000014 
10.256410 0.000014 
12.820513 0.000014 
15.384615 0.000014 
17.948718 0.000014 
20.512821 0.000015 
23.076923 0.000015 
25.641026 0.000015 
28.205128 0.000015 
30.769231 0.000014 
33.333333 0.000015 
35.897436 0.000015 
38.461538 0.000013 
41.025641 0.000013 
43.589744 0.000011 
46.153846 0.000012 
48.717949 0.000012 
51.282051 0.000006 
53.846154 0.000006 
56.410256 0.000006 
58.974359 0.000006 
61.538462 0.000004 
64.102564 0.000003 
66.666667 0.000003 
69.230769 0.000003 
71.794872 0.000003 
74.358974 0.000003 
76.923077 0.000003 
79.487179 0.000003 
