0.000000 0.000031 
2.000000 0.000030 
4.000000 0.000029 
6.000000 0.000031 
8.000000 0.000029 
10.000000 0.000028 
12.000000 0.000026 
14.000000 0.000024 
16.000000 0.000023 
18.000000 0.000021 
20.000000 0.000020 
22.000000 0.000016 
24.000000 0.000014 
26.000000 0.000015 
28.000000 0.000011 
30.000000 0.000012 
32.000000 0.000010 
34.000000 0.000009 
36.000000 0.000009 
38.000000 0.000008 
40.000000 0.000007 
42.000000 0.000007 
44.000000 0.000007 
46.000000 0.000005 
48.000000 0.000005 
50.000000 0.000004 
52.000000 0.000004 
54.000000 0.000004 
56.000000 0.000004 
58.000000 0.000004 
60.000000 0.000004 
62.000000 0.000004 
