0.000000 0.000029 
3.703704 0.000029 
7.407407 0.000028 
11.111111 0.000028 
14.814815 0.000027 
18.518519 0.000027 
22.222222 0.000026 
25.925926 0.000026 
29.629630 0.000026 
33.333333 0.000026 
37.037037 0.000023 
40.740741 0.000026 
44.444444 0.000024 
48.148148 0.000022 
51.851852 0.000021 
55.555556 0.000022 
59.259259 0.000021 
62.962963 0.000015 
66.666667 0.000016 
70.370370 0.000015 
74.074074 0.000017 
77.777778 0.000014 
81.481481 0.000015 
85.185185 0.000012 
88.888889 0.000012 
92.592593 0.000010 
96.296296 0.000010 
100.000000 0.000010 
103.703704 0.000010 
107.407407 0.000010 
111.111111 0.000010 
114.814815 0.000010 
