0.000000 0.000021 
4.000000 0.000020 
8.000000 0.000015 
12.000000 0.000014 
16.000000 0.000011 
20.000000 0.000005 
24.000000 0.000008 
28.000000 0.000004 
32.000000 0.000003 
36.000000 0.000005 
40.000000 0.000003 
44.000000 0.000003 
48.000000 0.000003 
52.000000 0.000003 
56.000000 0.000003 
60.000000 0.000003 
64.000000 0.000002 
68.000000 0.000001 
72.000000 0.000001 
76.000000 0.000001 
80.000000 0.000001 
84.000000 0.000001 
88.000000 0.000001 
92.000000 0.000001 
96.000000 0.000001 
100.000000 0.000001 
104.000000 0.000001 
108.000000 0.000001 
112.000000 0.000001 
116.000000 0.000001 
120.000000 0.000001 
124.000000 0.000001 
