0.000000 0.000020 
4.000000 0.000019 
8.000000 0.000020 
12.000000 0.000020 
16.000000 0.000021 
20.000000 0.000019 
24.000000 0.000019 
28.000000 0.000019 
32.000000 0.000019 
36.000000 0.000018 
40.000000 0.000019 
44.000000 0.000013 
48.000000 0.000014 
52.000000 0.000016 
56.000000 0.000014 
60.000000 0.000015 
64.000000 0.000010 
68.000000 0.000012 
72.000000 0.000010 
76.000000 0.000008 
80.000000 0.000007 
84.000000 0.000008 
88.000000 0.000007 
92.000000 0.000006 
96.000000 0.000005 
100.000000 0.000005 
104.000000 0.000005 
108.000000 0.000005 
112.000000 0.000005 
116.000000 0.000005 
120.000000 0.000005 
124.000000 0.000005 
