0.000000 0.000020 
2.479339 0.000017 
4.958678 0.000018 
7.438017 0.000018 
9.917355 0.000017 
12.396694 0.000015 
14.876033 0.000016 
17.355372 0.000017 
19.834711 0.000015 
22.314050 0.000018 
24.793388 0.000016 
27.272727 0.000015 
29.752066 0.000015 
32.231405 0.000015 
34.710744 0.000015 
37.190083 0.000008 
39.669421 0.000013 
42.148760 0.000012 
44.628099 0.000005 
47.107438 0.000006 
49.586777 0.000005 
52.066116 0.000005 
54.545455 0.000005 
57.024793 0.000005 
59.504132 0.000005 
61.983471 0.000005 
64.462810 0.000005 
66.942149 0.000005 
69.421488 0.000005 
71.900826 0.000005 
74.380165 0.000005 
76.859504 0.000005 
