0.000000 0.000028 
1.923077 0.000028 
3.846154 0.000028 
5.769231 0.000028 
7.692308 0.000026 
9.615385 0.000027 
11.538462 0.000025 
13.461538 0.000022 
15.384615 0.000017 
17.307692 0.000020 
19.230769 0.000014 
21.153846 0.000017 
23.076923 0.000012 
25.000000 0.000010 
26.923077 0.000008 
28.846154 0.000008 
30.769231 0.000009 
32.692308 0.000008 
34.615385 0.000007 
36.538462 0.000007 
38.461538 0.000006 
40.384615 0.000006 
42.307692 0.000006 
44.230769 0.000006 
46.153846 0.000006 
48.076923 0.000005 
50.000000 0.000005 
51.923077 0.000005 
53.846154 0.000005 
55.769231 0.000005 
57.692308 0.000005 
59.615385 0.000005 
