0.000000 0.000030 
1.960784 0.000030 
3.921569 0.000028 
5.882353 0.000028 
7.843137 0.000027 
9.803922 0.000026 
11.764706 0.000024 
13.725490 0.000023 
15.686275 0.000022 
17.647059 0.000021 
19.607843 0.000021 
21.568627 0.000017 
23.529412 0.000017 
25.490196 0.000015 
27.450980 0.000015 
29.411765 0.000016 
31.372549 0.000014 
33.333333 0.000012 
35.294118 0.000013 
37.254902 0.000011 
39.215686 0.000011 
41.176471 0.000008 
43.137255 0.000010 
45.098039 0.000008 
47.058824 0.000009 
49.019608 0.000007 
50.980392 0.000007 
52.941176 0.000007 
54.901961 0.000007 
56.862745 0.000007 
58.823529 0.000007 
60.784314 0.000007 
