0.000000 0.000029 
4.000000 0.000029 
8.000000 0.000029 
12.000000 0.000029 
16.000000 0.000026 
20.000000 0.000026 
24.000000 0.000025 
28.000000 0.000023 
32.000000 0.000023 
36.000000 0.000023 
40.000000 0.000022 
44.000000 0.000023 
48.000000 0.000017 
52.000000 0.000020 
56.000000 0.000020 
60.000000 0.000019 
64.000000 0.000016 
68.000000 0.000019 
72.000000 0.000012 
76.000000 0.000011 
80.000000 0.000014 
84.000000 0.000013 
88.000000 0.000013 
92.000000 0.000011 
96.000000 0.000011 
100.000000 0.000008 
104.000000 0.000008 
108.000000 0.000008 
112.000000 0.000008 
116.000000 0.000008 
120.000000 0.000008 
124.000000 0.000008 
