0.000000 0.000029 
4.000000 0.000030 
8.000000 0.000030 
12.000000 0.000027 
16.000000 0.000026 
20.000000 0.000027 
24.000000 0.000027 
28.000000 0.000025 
32.000000 0.000024 
36.000000 0.000026 
40.000000 0.000023 
44.000000 0.000024 
48.000000 0.000022 
52.000000 0.000019 
56.000000 0.000020 
60.000000 0.000020 
64.000000 0.000020 
68.000000 0.000018 
72.000000 0.000015 
76.000000 0.000013 
80.000000 0.000014 
84.000000 0.000014 
88.000000 0.000013 
92.000000 0.000011 
96.000000 0.000009 
100.000000 0.000011 
104.000000 0.000011 
108.000000 0.000011 
112.000000 0.000011 
116.000000 0.000011 
120.000000 0.000011 
124.000000 0.000011 
