0.000000 0.000028 
3.947368 0.000028 
7.894737 0.000027 
11.842105 0.000027 
15.789474 0.000026 
19.736842 0.000026 
23.684211 0.000025 
27.631579 0.000024 
31.578947 0.000021 
35.526316 0.000019 
39.473684 0.000019 
43.421053 0.000016 
47.368421 0.000014 
51.315789 0.000007 
55.263158 0.000010 
59.210526 0.000005 
63.157895 0.000005 
67.105263 0.000002 
71.052632 0.000002 
75.000000 0.000002 
78.947368 0.000001 
82.894737 0.000001 
86.842105 0.000001 
90.789474 0.000001 
94.736842 0.000001 
98.684211 0.000001 
102.631579 0.000001 
106.578947 0.000001 
110.526316 0.000001 
114.473684 0.000001 
118.421053 0.000001 
122.368421 0.000001 
