0.000000 0.000018 
2.564103 0.000017 
5.128205 0.000015 
7.692308 0.000014 
10.256410 0.000012 
12.820513 0.000011 
15.384615 0.000011 
17.948718 0.000004 
20.512821 0.000004 
23.076923 0.000004 
25.641026 0.000004 
28.205128 0.000003 
30.769231 0.000004 
33.333333 0.000004 
35.897436 0.000004 
38.461538 0.000004 
41.025641 0.000004 
43.589744 0.000003 
46.153846 0.000003 
48.717949 0.000003 
51.282051 0.000003 
53.846154 0.000002 
56.410256 0.000002 
58.974359 0.000003 
61.538462 0.000002 
64.102564 0.000002 
66.666667 0.000002 
69.230769 0.000002 
71.794872 0.000002 
74.358974 0.000002 
76.923077 0.000002 
79.487179 0.000002 
