0.000000 0.000028 
4.000000 0.000027 
8.000000 0.000027 
12.000000 0.000026 
16.000000 0.000025 
20.000000 0.000024 
24.000000 0.000025 
28.000000 0.000022 
32.000000 0.000022 
36.000000 0.000021 
40.000000 0.000019 
44.000000 0.000018 
48.000000 0.000016 
52.000000 0.000014 
56.000000 0.000003 
60.000000 0.000003 
64.000000 0.000003 
68.000000 0.000002 
72.000000 0.000002 
76.000000 0.000001 
80.000000 0.000001 
84.000000 0.000001 
88.000000 0.000001 
92.000000 0.000000 
96.000000 0.000000 
100.000000 0.000000 
104.000000 0.000000 
108.000000 0.000000 
112.000000 0.000000 
116.000000 0.000000 
120.000000 0.000000 
124.000000 0.000000 
