0.000000 0.000029 
4.000000 0.000027 
8.000000 0.000027 
12.000000 0.000026 
16.000000 0.000026 
20.000000 0.000024 
24.000000 0.000023 
28.000000 0.000023 
32.000000 0.000021 
36.000000 0.000018 
40.000000 0.000017 
44.000000 0.000016 
48.000000 0.000015 
52.000000 0.000007 
56.000000 0.000006 
60.000000 0.000002 
64.000000 0.000002 
68.000000 0.000002 
72.000000 0.000002 
76.000000 0.000001 
80.000000 0.000001 
84.000000 0.000001 
88.000000 0.000001 
92.000000 0.000001 
96.000000 0.000000 
100.000000 0.000000 
104.000000 0.000000 
108.000000 0.000000 
112.000000 0.000000 
116.000000 0.000000 
120.000000 0.000000 
124.000000 0.000000 
