0.000000 0.000029 
4.000000 0.000029 
8.000000 0.000028 
12.000000 0.000027 
16.000000 0.000023 
20.000000 0.000024 
24.000000 0.000022 
28.000000 0.000021 
32.000000 0.000020 
36.000000 0.000018 
40.000000 0.000014 
44.000000 0.000012 
48.000000 0.000012 
52.000000 0.000012 
56.000000 0.000006 
60.000000 0.000005 
64.000000 0.000002 
68.000000 0.000002 
72.000000 0.000002 
76.000000 0.000002 
80.000000 0.000002 
84.000000 0.000001 
88.000000 0.000001 
92.000000 0.000001 
96.000000 0.000000 
100.000000 0.000001 
104.000000 0.000001 
108.000000 0.000001 
112.000000 0.000001 
116.000000 0.000001 
120.000000 0.000001 
124.000000 0.000001 
