0.000000 0.000021 
4.000000 0.000019 
8.000000 0.000018 
12.000000 0.000017 
16.000000 0.000016 
20.000000 0.000016 
24.000000 0.000015 
28.000000 0.000013 
32.000000 0.000014 
36.000000 0.000011 
40.000000 0.000010 
44.000000 0.000009 
48.000000 0.000008 
52.000000 0.000007 
56.000000 0.000006 
60.000000 0.000007 
64.000000 0.000006 
68.000000 0.000006 
72.000000 0.000006 
76.000000 0.000003 
80.000000 0.000004 
84.000000 0.000005 
88.000000 0.000005 
92.000000 0.000004 
96.000000 0.000003 
100.000000 0.000004 
104.000000 0.000004 
108.000000 0.000004 
112.000000 0.000004 
116.000000 0.000004 
120.000000 0.000004 
124.000000 0.000004 
