0.000000 0.000021 
4.000000 0.000019 
8.000000 0.000019 
12.000000 0.000019 
16.000000 0.000020 
20.000000 0.000020 
24.000000 0.000020 
28.000000 0.000017 
32.000000 0.000013 
36.000000 0.000017 
40.000000 0.000016 
44.000000 0.000016 
48.000000 0.000011 
52.000000 0.000012 
56.000000 0.000016 
60.000000 0.000015 
64.000000 0.000011 
68.000000 0.000009 
72.000000 0.000011 
76.000000 0.000008 
80.000000 0.000008 
84.000000 0.000008 
88.000000 0.000008 
92.000000 0.000008 
96.000000 0.000005 
100.000000 0.000005 
104.000000 0.000005 
108.000000 0.000005 
112.000000 0.000005 
116.000000 0.000005 
120.000000 0.000005 
124.000000 0.000005 
