0.000000 0.000020 
3.947368 0.000020 
7.894737 0.000020 
11.842105 0.000018 
15.789474 0.000019 
19.736842 0.000019 
23.684211 0.000018 
27.631579 0.000017 
31.578947 0.000017 
35.526316 0.000017 
39.473684 0.000014 
43.421053 0.000013 
47.368421 0.000012 
51.315789 0.000012 
55.263158 0.000012 
59.210526 0.000012 
63.157895 0.000012 
67.105263 0.000011 
71.052632 0.000010 
75.000000 0.000009 
78.947368 0.000008 
82.894737 0.000009 
86.842105 0.000009 
90.789474 0.000008 
94.736842 0.000008 
98.684211 0.000009 
102.631579 0.000009 
106.578947 0.000009 
110.526316 0.000009 
114.473684 0.000009 
118.421053 0.000009 
122.368421 0.000009 
