0.000000 0.000022 
3.703704 0.000021 
7.407407 0.000019 
11.111111 0.000020 
14.814815 0.000019 
18.518519 0.000018 
22.222222 0.000019 
25.925926 0.000016 
29.629630 0.000014 
33.333333 0.000013 
37.037037 0.000016 
40.740741 0.000013 
44.444444 0.000013 
48.148148 0.000013 
51.851852 0.000008 
55.555556 0.000008 
59.259259 0.000010 
62.962963 0.000009 
66.666667 0.000012 
70.370370 0.000009 
74.074074 0.000009 
77.777778 0.000005 
81.481481 0.000009 
85.185185 0.000011 
88.888889 0.000007 
92.592593 0.000007 
96.296296 0.000007 
100.000000 0.000007 
103.703704 0.000007 
107.407407 0.000007 
111.111111 0.000007 
114.814815 0.000007 
