0.000000 0.000030 
4.000000 0.000027 
8.000000 0.000027 
12.000000 0.000027 
16.000000 0.000026 
20.000000 0.000024 
24.000000 0.000025 
28.000000 0.000023 
32.000000 0.000023 
36.000000 0.000022 
40.000000 0.000021 
44.000000 0.000020 
48.000000 0.000019 
52.000000 0.000019 
56.000000 0.000018 
60.000000 0.000018 
64.000000 0.000018 
68.000000 0.000016 
72.000000 0.000016 
76.000000 0.000014 
80.000000 0.000014 
84.000000 0.000014 
88.000000 0.000013 
92.000000 0.000012 
96.000000 0.000012 
100.000000 0.000012 
104.000000 0.000012 
108.000000 0.000012 
112.000000 0.000012 
116.000000 0.000012 
120.000000 0.000012 
124.000000 0.000012 
