0.000000 0.000028 
4.000000 0.000025 
8.000000 0.000026 
12.000000 0.000024 
16.000000 0.000024 
20.000000 0.000023 
24.000000 0.000022 
28.000000 0.000021 
32.000000 0.000019 
36.000000 0.000018 
40.000000 0.000018 
44.000000 0.000017 
48.000000 0.000017 
52.000000 0.000014 
56.000000 0.000015 
60.000000 0.000013 
64.000000 0.000013 
68.000000 0.000013 
72.000000 0.000012 
76.000000 0.000012 
80.000000 0.000010 
84.000000 0.000010 
88.000000 0.000010 
92.000000 0.000008 
96.000000 0.000008 
100.000000 0.000007 
104.000000 0.000007 
108.000000 0.000007 
112.000000 0.000007 
116.000000 0.000007 
120.000000 0.000007 
124.000000 0.000007 
