0.000000 0.000029 
4.000000 0.000027 
8.000000 0.000027 
12.000000 0.000025 
16.000000 0.000024 
20.000000 0.000022 
24.000000 0.000023 
28.000000 0.000022 
32.000000 0.000022 
36.000000 0.000020 
40.000000 0.000019 
44.000000 0.000019 
48.000000 0.000018 
52.000000 0.000018 
56.000000 0.000017 
60.000000 0.000016 
64.000000 0.000015 
68.000000 0.000014 
72.000000 0.000014 
76.000000 0.000013 
80.000000 0.000013 
84.000000 0.000012 
88.000000 0.000011 
92.000000 0.000011 
96.000000 0.000010 
100.000000 0.000011 
104.000000 0.000011 
108.000000 0.000011 
112.000000 0.000011 
116.000000 0.000011 
120.000000 0.000011 
124.000000 0.000011 
