0.000000 0.000029 
4.000000 0.000025 
8.000000 0.000025 
12.000000 0.000022 
16.000000 0.000022 
20.000000 0.000019 
24.000000 0.000018 
28.000000 0.000016 
32.000000 0.000014 
36.000000 0.000014 
40.000000 0.000011 
44.000000 0.000011 
48.000000 0.000010 
52.000000 0.000009 
56.000000 0.000008 
60.000000 0.000007 
64.000000 0.000006 
68.000000 0.000006 
72.000000 0.000005 
76.000000 0.000005 
80.000000 0.000004 
84.000000 0.000004 
88.000000 0.000003 
92.000000 0.000003 
96.000000 0.000002 
100.000000 0.000002 
104.000000 0.000002 
108.000000 0.000002 
112.000000 0.000002 
116.000000 0.000002 
120.000000 0.000002 
124.000000 0.000002 
