0.000000 0.000003 
1.333333 0.000018 
2.666667 0.000019 
4.000000 0.000017 
5.333333 0.000020 
6.666667 0.000022 
8.000000 0.000024 
9.333333 0.000025 
10.666667 0.000024 
12.000000 0.000028 
13.333333 0.000030 
14.666667 0.000031 
16.000000 0.000032 
17.333333 0.000033 
18.666667 0.000036 
20.000000 0.000035 
21.333333 0.000038 
22.666667 0.000039 
24.000000 0.000038 
25.333333 0.000040 
26.666667 0.000041 
28.000000 0.000043 
29.333333 0.000044 
30.666667 0.000045 
32.000000 0.000045 
33.333333 0.000045 
34.666667 0.000046 
36.000000 0.000049 
37.333333 0.000048 
38.666667 0.000048 
40.000000 0.000052 
41.333333 0.000052 
