0.000000 0.000003 
1.333333 0.000003 
2.666667 0.000017 
4.000000 0.000022 
5.333333 0.000021 
6.666667 0.000022 
8.000000 0.000021 
9.333333 0.000026 
10.666667 0.000024 
12.000000 0.000028 
13.333333 0.000030 
14.666667 0.000033 
16.000000 0.000033 
17.333333 0.000034 
18.666667 0.000036 
20.000000 0.000036 
21.333333 0.000037 
22.666667 0.000039 
24.000000 0.000038 
25.333333 0.000039 
26.666667 0.000041 
28.000000 0.000042 
29.333333 0.000044 
30.666667 0.000044 
32.000000 0.000044 
33.333333 0.000046 
34.666667 0.000046 
36.000000 0.000046 
37.333333 0.000050 
38.666667 0.000051 
40.000000 0.000052 
41.333333 0.000054 
