0.000000 0.000003 
1.333333 0.000017 
2.666667 0.000019 
4.000000 0.000020 
5.333333 0.000022 
6.666667 0.000023 
8.000000 0.000025 
9.333333 0.000027 
10.666667 0.000027 
12.000000 0.000030 
13.333333 0.000031 
14.666667 0.000032 
16.000000 0.000033 
17.333333 0.000034 
18.666667 0.000034 
20.000000 0.000036 
21.333333 0.000038 
22.666667 0.000039 
24.000000 0.000039 
25.333333 0.000040 
26.666667 0.000043 
28.000000 0.000041 
29.333333 0.000042 
30.666667 0.000043 
32.000000 0.000045 
33.333333 0.000043 
34.666667 0.000047 
36.000000 0.000049 
37.333333 0.000048 
38.666667 0.000051 
40.000000 0.000051 
41.333333 0.000053 
