0.000000 0.000030 
3.973510 0.000030 
7.947020 0.000029 
11.920530 0.000026 
15.894040 0.000027 
19.867550 0.000027 
23.841060 0.000026 
27.814570 0.000024 
31.788079 0.000025 
35.761589 0.000021 
39.735099 0.000017 
43.708609 0.000021 
47.682119 0.000019 
51.655629 0.000016 
55.629139 0.000015 
59.602649 0.000015 
63.576159 0.000011 
67.549669 0.000012 
71.523179 0.000010 
75.496689 0.000009 
79.470199 0.000008 
83.443709 0.000008 
87.417219 0.000008 
91.390728 0.000007 
95.364238 0.000005 
99.337748 0.000007 
103.311258 0.000007 
107.284768 0.000007 
111.258278 0.000007 
115.231788 0.000007 
119.205298 0.000007 
123.178808 0.000007 
