0.000000 0.000030 
3.921569 0.000030 
7.843137 0.000028 
11.764706 0.000028 
15.686275 0.000027 
19.607843 0.000026 
23.529412 0.000024 
27.450980 0.000023 
31.372549 0.000022 
35.294118 0.000021 
39.215686 0.000021 
43.137255 0.000017 
47.058824 0.000017 
50.980392 0.000015 
54.901961 0.000015 
58.823529 0.000016 
62.745098 0.000014 
66.666667 0.000012 
70.588235 0.000013 
74.509804 0.000011 
78.431373 0.000011 
82.352941 0.000008 
86.274510 0.000010 
90.196078 0.000008 
94.117647 0.000009 
98.039216 0.000007 
101.960784 0.000007 
105.882353 0.000007 
109.803922 0.000007 
113.725490 0.000007 
117.647059 0.000007 
121.568627 0.000007 
