0.000000 0.000031 
4.000000 0.000030 
8.000000 0.000029 
12.000000 0.000031 
16.000000 0.000029 
20.000000 0.000028 
24.000000 0.000026 
28.000000 0.000024 
32.000000 0.000023 
36.000000 0.000021 
40.000000 0.000020 
44.000000 0.000016 
48.000000 0.000014 
52.000000 0.000015 
56.000000 0.000011 
60.000000 0.000012 
64.000000 0.000010 
68.000000 0.000009 
72.000000 0.000009 
76.000000 0.000008 
80.000000 0.000007 
84.000000 0.000007 
88.000000 0.000007 
92.000000 0.000005 
96.000000 0.000005 
100.000000 0.000004 
104.000000 0.000004 
108.000000 0.000004 
112.000000 0.000004 
116.000000 0.000004 
120.000000 0.000004 
124.000000 0.000004 
