0.000000 0.000030 
3.973510 0.000031 
7.947020 0.000030 
11.920530 0.000029 
15.894040 0.000029 
19.867550 0.000027 
23.841060 0.000027 
27.814570 0.000026 
31.788079 0.000026 
35.761589 0.000024 
39.735099 0.000023 
43.708609 0.000022 
47.682119 0.000022 
51.655629 0.000021 
55.629139 0.000019 
59.602649 0.000015 
63.576159 0.000018 
67.549669 0.000013 
71.523179 0.000013 
75.496689 0.000013 
79.470199 0.000012 
83.443709 0.000012 
87.417219 0.000010 
91.390728 0.000007 
95.364238 0.000006 
99.337748 0.000006 
103.311258 0.000006 
107.284768 0.000006 
111.258278 0.000006 
115.231788 0.000006 
119.205298 0.000006 
123.178808 0.000006 
