0.000000 0.000030 
3.947368 0.000029 
7.894737 0.000029 
11.842105 0.000028 
15.789474 0.000029 
19.736842 0.000028 
23.684211 0.000027 
27.631579 0.000026 
31.578947 0.000025 
35.526316 0.000020 
39.473684 0.000018 
43.421053 0.000017 
47.368421 0.000018 
51.315789 0.000014 
55.263158 0.000018 
59.210526 0.000016 
63.157895 0.000015 
67.105263 0.000011 
71.052632 0.000010 
75.000000 0.000010 
78.947368 0.000009 
82.894737 0.000008 
86.842105 0.000008 
90.789474 0.000007 
94.736842 0.000007 
98.684211 0.000007 
102.631579 0.000007 
106.578947 0.000007 
110.526316 0.000007 
114.473684 0.000007 
118.421053 0.000007 
122.368421 0.000007 
