0.000000 0.000029 
4.000000 0.000028 
8.000000 0.000029 
12.000000 0.000030 
16.000000 0.000027 
20.000000 0.000026 
24.000000 0.000026 
28.000000 0.000026 
32.000000 0.000024 
36.000000 0.000023 
40.000000 0.000022 
44.000000 0.000022 
48.000000 0.000018 
52.000000 0.000016 
56.000000 0.000017 
60.000000 0.000014 
64.000000 0.000013 
68.000000 0.000010 
72.000000 0.000011 
76.000000 0.000008 
80.000000 0.000009 
84.000000 0.000008 
88.000000 0.000008 
92.000000 0.000008 
96.000000 0.000008 
100.000000 0.000008 
104.000000 0.000008 
108.000000 0.000008 
112.000000 0.000008 
116.000000 0.000008 
120.000000 0.000008 
124.000000 0.000008 
