0.000000 0.000003 
1.333333 0.000013 
2.666667 0.000014 
4.000000 0.000016 
5.333333 0.000017 
6.666667 0.000017 
8.000000 0.000018 
9.333333 0.000019 
10.666667 0.000022 
12.000000 0.000022 
13.333333 0.000022 
14.666667 0.000024 
16.000000 0.000025 
17.333333 0.000026 
18.666667 0.000026 
20.000000 0.000029 
21.333333 0.000029 
22.666667 0.000031 
24.000000 0.000030 
25.333333 0.000032 
26.666667 0.000034 
28.000000 0.000034 
29.333333 0.000035 
30.666667 0.000036 
32.000000 0.000037 
33.333333 0.000040 
34.666667 0.000039 
36.000000 0.000042 
37.333333 0.000041 
38.666667 0.000041 
40.000000 0.000043 
41.333333 0.000047 
