0.000000 0.000028 
4.000000 0.000025 
8.000000 0.000023 
12.000000 0.000021 
16.000000 0.000019 
20.000000 0.000016 
24.000000 0.000014 
28.000000 0.000011 
32.000000 0.000009 
36.000000 0.000007 
40.000000 0.000006 
44.000000 0.000005 
48.000000 0.000005 
52.000000 0.000004 
56.000000 0.000004 
60.000000 0.000004 
64.000000 0.000003 
68.000000 0.000003 
72.000000 0.000003 
76.000000 0.000002 
80.000000 0.000002 
84.000000 0.000002 
88.000000 0.000002 
92.000000 0.000002 
96.000000 0.000002 
100.000000 0.000002 
104.000000 0.000002 
108.000000 0.000002 
112.000000 0.000002 
116.000000 0.000002 
120.000000 0.000002 
124.000000 0.000002 
