11   126.79   152.03     0.00     0.33
11   102.99   155.95     0.00     0.33
11   154.82   152.68     0.00     0.33
11   163.62   178.18     0.00     0.33
11   136.24   179.82     0.00     0.33
11   120.92   175.90     0.00     0.33
11   116.36   197.80     0.00     0.33
11   112.45   187.99     0.00     0.33
11   165.57   129.47     0.00     0.33
11   127.11   115.74     0.00     0.33
11   124.18   135.68     0.00     0.33
11   100.71   118.68     0.00     0.33
11   132.98    90.89     0.00     0.33
11    92.24    92.20     0.00     0.33
11    89.63   101.68     0.00     0.33
11    76.59   101.68     0.00     0.33
11    63.23    95.47     0.00     0.33
11    47.26   138.95     0.00     0.33
11    48.56   154.97     0.00     0.33
11    51.17   116.72     0.00     0.33
11    58.99   110.51     0.00     0.33
11    58.02   128.82     0.00     0.33
11    70.40   139.61     0.00     0.33
11    70.40   157.59     0.00     0.33
11    94.19   173.28     0.00     0.33
11    76.92   173.93     0.00     0.33
11   111.47    85.66     0.00     0.33
11   143.74   115.08     0.00     0.33
11    94.52   140.26     0.00     0.33
11   103.32   100.04     0.00     0.33
11    78.21   127.84     0.08     0.33
11    66.81   116.40     0.08     0.33
11    84.08   154.98     0.08     0.33
11    57.68   147.13     0.08     0.33
11    93.86   188.65     0.08     0.33
11   137.86   200.10     0.08     0.33
11   143.07   132.75     0.08     0.33
11   115.04   160.86     0.08     0.33
11   105.92   134.05     0.08     0.33
11   137.53   164.79     0.08     0.33
11   120.58    99.07     0.08     0.33
11   129.06   153.67    14.92     0.33
11   136.23   145.82    14.92     0.33
11   119.61   145.50    14.92     0.33
11   124.50   116.72    14.92     0.33
11   121.24   132.42    14.92     0.33
11   134.60    88.93    14.92     0.33
11    87.34   101.03    14.92     0.33
11    81.15   110.19    14.92     0.33
11    79.52   100.38    14.92     0.33
11   101.68   155.30    14.92     0.33
11   162.30   144.19    14.92     0.33
11   164.91   180.15    14.92     0.33
11   170.78   187.34    14.92     0.33
11   148.94   204.35    14.92     0.33
11   135.58   202.38    14.92     0.33
11   133.95   178.19    14.92     0.33
11   116.35   200.10    14.92     0.33
11   108.52   185.38    14.92     0.33
11    95.81   183.75    14.92     0.33
11   121.56   177.21    14.92     0.33
11    95.49    88.61    14.92     0.33
11   102.33    78.80    14.92     0.33
11    58.33   125.23    14.92     0.33
11    48.88   138.96    14.92     0.33
11    64.85   103.65    14.92     0.33
11    68.44    95.47    14.92     0.33
11    61.92    93.51    14.92     0.33
11    54.42   115.09    14.92     0.33
11    45.29   115.74    14.92     0.33
11    94.84   196.83    14.92     0.33
11   106.90   119.67    14.92     0.33
11    93.21   120.32    14.92     0.33
11   141.44   132.09    14.92     0.33
11   151.87   120.32    14.92     0.33
11    81.47   171.32    14.92     0.33
11    82.78   130.46    14.92     0.33
11    92.55   139.61    14.92     0.33
11    68.76   140.59    14.92     0.33
11    71.69   159.88    14.92     0.33
11    58.01   168.71    14.92     0.33
11    67.46   150.07    14.92     0.33
11   111.46   170.02    14.92     0.33
11   114.39   157.92    14.92     0.33
11   128.41   166.75    14.92     0.33
11   126.78   191.92    14.92     0.33
11   145.68   189.96    14.92     0.33
11   145.03   180.15    14.92     0.33
11   138.51   163.15    14.92     0.33
11   164.58   160.54    14.92     0.33
11   176.64   162.50    14.92     0.33
11   177.95   142.23    14.92     0.33
11   149.92   138.96    14.92     0.33
11   161.98   112.80    14.92     0.33
11   158.39   131.76    14.92     0.33
11   133.95   122.28    14.92     0.33
11   139.81   111.82    14.92     0.33
11   127.43   101.69    14.92     0.33
11   119.28    86.65    14.92     0.33
11   110.81   104.30    14.92     0.33
11    95.16   107.24    14.92     0.33
11    64.85   114.76    14.92     0.33
11    81.15   147.78    14.92     0.33
11    99.40   169.04    14.92     0.33
11    87.99   160.21    14.92     0.33
11    80.17   184.40    14.92     0.33
11    55.07   151.71    14.92     0.33
11    72.02   123.59    14.92     0.33
11    78.87    86.32    14.92     0.33
11   123.52   203.36    14.92     0.33
11   103.96   137.65    14.92     0.33
11    69.09   175.57    14.92     0.33
11   125.47   113.13    30.07     0.33
11    86.04    99.07    30.07     0.33
11    85.06   107.90    30.07     0.33
11    97.77    76.51    30.07     0.33
11   114.07    84.36    30.07     0.33
11   128.41    87.63    30.07     0.33
11   136.23    88.28    30.07     0.33
11   176.32   122.94    30.07     0.33
11   166.54   178.84    30.07     0.33
11   172.08   186.69    30.07     0.33
11   151.87   205.65    30.07     0.33
11    87.34   199.77    30.07     0.33
11   103.64   188.00    30.07     0.33
11   123.52   177.21    30.07     0.33
11   136.55   186.04    30.07     0.33
11   124.17   193.23    30.07     0.33
11   119.61   144.84    30.07     0.33
11   116.02   130.78    30.07     0.33
11   136.23   143.53    30.07     0.33
11    86.69   182.77    30.07     0.33
11    82.12   173.29    30.07     0.33
11    57.68   125.55    30.07     0.33
11    55.40   113.46    30.07     0.33
11    65.83   103.32    30.07     0.33
11    65.83    90.90    30.07     0.33
11    65.50    85.01    30.07     0.33
11    53.77    98.74    30.07     0.33
11    44.97   113.78    30.07     0.33
11    47.25   128.17    30.07     0.33
11   113.09   205.33    30.07     0.33
11   124.50   205.65    30.07     0.33
11   135.90   176.56    30.07     0.33
11   170.45   145.50    30.07     0.33
11   153.83   146.15    30.07     0.33
11   149.92   119.99    30.07     0.33
11   152.53   132.75    30.07     0.33
11   101.35   102.67    30.07     0.33
11   104.29    91.55    30.07     0.33
11    90.60    89.59    30.07     0.33
11    88.64   121.63    30.07     0.33
11   101.35   150.73    30.07     0.33
11   101.35   173.61    30.07     0.33
11   127.43   163.15    30.07     0.33
11   146.66   163.80    30.07     0.33
11   165.24   165.11    30.07     0.33
11   174.69   170.02    30.07     0.33
11   155.78   105.28    30.07     0.33
11   115.70   100.38    30.07     0.33
11   131.67   101.36    30.07     0.33
11   107.22   121.30    30.07     0.33
11   105.92   139.28    30.07     0.33
11    94.51   136.34    30.07     0.33
11    79.84   145.82    30.07     0.33
11    87.99   159.88    30.07     0.33
11   111.46   163.48    30.07     0.33
11   101.35   203.36    30.07     0.33
11   133.30   213.83    30.07     0.33
11   150.24   188.98    30.07     0.33
11   138.51   196.83    30.07     0.33
11   153.83   174.92    30.07     0.33
11    65.50   168.38    30.07     0.33
11    73.32   161.19    30.07     0.33
11    63.55   144.51    30.07     0.33
11    73.00   133.40    30.07     0.33
11    72.02   117.38    30.07     0.33
11    50.51   154.00    30.07     0.33
11    50.84   142.55    30.07     0.33
11    73.00   181.79    30.07     0.33
11    79.84   191.27    30.07     0.33
11   122.54   217.75    30.07     0.33
11   130.04   129.80    30.07     0.33
11   161.65   127.51    30.07     0.33
11   177.62   135.03    30.07     0.33
11   176.64   155.63    30.07     0.33
11    76.91    85.67    30.07     0.33
11   114.07   182.77    30.07     0.33
11   140.47   187.02    44.84     0.33
11   128.41   185.38    44.84     0.33
11   133.95   177.86    44.84     0.33
11   180.23   128.49    44.84     0.33
11   179.58   118.03    44.84     0.33
11   133.62   139.61    44.84     0.33
11   118.95   146.48    44.84     0.33
11   121.56   113.78    44.84     0.33
11   132.64   111.49    44.84     0.33
11   168.17   182.77    44.84     0.33
11   103.96   179.82    44.84     0.33
11   106.24   189.63    44.84     0.33
11   107.87   204.02    44.84     0.33
11   122.54   205.65    44.84     0.33
11   127.75   197.81    44.84     0.33
11    87.99   196.50    44.84     0.33
11    85.06   177.86    44.84     0.33
11    94.51   181.79    44.84     0.33
11    87.34   124.90    44.84     0.33
11   100.05   145.82    44.84     0.33
11    86.36   106.59    44.84     0.33
11   125.80    94.49    44.84     0.33
11   129.71    86.32    44.84     0.33
11    86.04    96.78    44.84     0.33
11    95.81    87.95    44.84     0.33
11   104.94    94.49    44.84     0.33
11    98.42    75.53    44.84     0.33
11    74.30    96.78    44.84     0.33
11    66.81   105.28    44.84     0.33
11    53.77   101.03    44.84     0.33
11    64.85    93.51    44.84     0.33
11    58.01   119.67    44.84     0.33
11    64.85   165.44    44.84     0.33
11   170.78   143.53    44.84     0.33
11   153.50   143.86    44.84     0.33
11   151.55   124.24    44.84     0.33
11   143.07   168.71    44.92     0.33
11   173.71   106.59    44.92     0.33
11   179.90   150.40    44.92     0.33
11   152.53   175.90    44.92     0.33
11   133.30   215.13    44.92     0.33
11   122.21   216.77    44.92     0.33
11    60.94   175.90    44.92     0.33
11    72.67   159.55    44.92     0.33
11    51.49   148.44    44.92     0.33
11    63.22   143.21    44.92     0.33
11    73.00   142.23    44.92     0.33
11    65.83   120.98    44.92     0.33
11    46.92   125.23    44.92     0.33
11    60.29   155.63    44.92     0.33
11    53.44   135.36    44.92     0.33
11    75.61   113.13    44.92     0.33
11    53.77   109.86    44.92     0.33
11   102.66   107.90    44.92     0.33
11   102.33   115.42    44.92     0.33
11   116.35   127.19    44.92     0.33
11    84.08   153.02    44.92     0.33
11    98.75   160.86    44.92     0.33
11   111.13   164.79    44.92     0.33
11   115.70   192.58    44.92     0.33
11   114.39   177.86    44.92     0.33
11   139.16   199.77    44.92     0.33
11   151.87   187.67    44.92     0.33
11   150.90   198.13    44.92     0.33
11   131.01   167.40    44.92     0.33
11   130.69   152.03    44.92     0.33
11   155.46   163.80    44.92     0.33
11   143.40   137.00    44.92     0.33
11   129.71   127.19    44.92     0.33
11   162.30   135.03    44.92     0.33
11   168.17   163.48    45.90     0.33
11   164.58   116.72    45.90     0.33
11   144.05   114.11    45.90     0.33
11   134.93    99.72    45.90     0.33
11   101.68   132.09    45.90     0.33
11    73.98   129.48    45.75     0.33
11   112.11    84.03    45.75     0.33
11    75.61   183.09    45.75     0.33
11   146.66    95.15    45.75     0.33
11   157.74   107.57    45.75     0.33
11   139.16    88.28    45.75     0.33
11   120.58    76.18    45.75     0.33
11    40.08   145.17    45.75     0.33
11    53.12   165.77    45.75     0.33
11    78.54    83.05    45.75     0.33
11   124.50   206.96    59.99     0.33
11   131.67   197.48    59.99     0.33
11   140.47   189.96    59.99     0.33
11   108.20   188.33    59.99     0.33
11   116.35   180.15    59.99     0.33
11   124.82   185.71    59.99     0.33
11   101.35   176.88    59.99     0.33
11    88.64   182.77    59.99     0.33
11    93.53   177.54    59.99     0.33
11    95.16   197.48    59.99     0.33
11    85.38   196.17    59.99     0.33
11    73.00   184.08    59.99     0.33
11   115.37   215.46    59.99     0.33
11   103.64   218.08    59.99     0.33
11    99.40   215.79    59.99     0.33
11   114.39   197.48    59.99     0.33
11    97.12   190.61    59.99     0.33
11   142.75   169.36    59.99     0.33
11   156.11   177.54    59.99     0.33
11   166.87   159.55    59.99     0.33
11   178.93   147.13    59.99     0.33
11   169.47   139.28    59.99     0.33
11   184.79   129.80    59.99     0.33
11   169.80   125.23    59.99     0.33
11   147.96   126.21    59.99     0.33
11   156.44   133.40    59.99     0.33
11   151.87   150.07    59.99     0.33
11   134.60   137.98    59.99     0.33
11   122.87   149.09    59.99     0.33
11   117.00   158.57    59.99     0.33
11   122.54   170.34    59.99     0.33
11   132.97   177.54    59.99     0.33
11   133.30   110.84    59.99     0.33
11   122.54   121.30    59.99     0.33
11   139.81    90.90    59.99     0.33
11   141.12    84.03    59.99     0.33
11   131.34    87.95    59.99     0.33
11   125.47    94.17    59.99     0.33
11   126.12   104.30    59.99     0.33
11   102.98    92.86    59.99     0.33
11   161.65   105.28    59.99     0.33
11   171.10   108.88    59.99     0.33
11   179.58   121.63    59.99     0.33
11   148.61    92.86    59.99     0.33
11   117.65    76.51    59.99     0.33
11   112.44    82.40    59.99     0.33
11   125.47    82.40    59.99     0.33
11    91.25    81.09    59.99     0.33
11    94.51    86.97    59.99     0.33
11    97.12    73.24    59.99     0.33
11    87.99   107.24    59.99     0.33
11    85.06    94.49    59.99     0.33
11    71.69    96.13    59.99     0.33
11    67.46   110.51    59.99     0.33
11    67.13   118.36    59.99     0.33
11    69.41   125.55    59.99     0.33
11    90.27   127.19    59.99     0.33
11    82.12   125.88    59.99     0.33
11    71.37   138.30    59.99     0.33
11    66.15   142.88    59.99     0.33
11    56.70   119.67    59.99     0.33
11    45.62   120.98    59.99     0.33
11    49.53   126.86    59.99     0.33
11    53.77   149.42    59.99     0.33
11    72.35   157.92    59.99     0.33
11    63.55   160.54    59.99     0.33
11    48.88   158.90    59.99     0.33
11    58.33   179.50    59.99     0.33
11   120.91   114.44    59.99     0.33
11    67.46   172.63    59.99     0.33
11    53.12   137.32    59.99     0.33
11    61.26   133.40    59.99     0.33
11    56.38   108.55    59.99     0.33
11    60.61   102.01    59.99     0.33
11   117.00   103.32    59.99     0.33
11   114.39    89.92    59.99     0.33
11   105.59   115.09    59.99     0.33
11    97.77   117.71    59.99     0.33
11   103.64   105.61    59.99     0.33
11   115.04   139.61    59.99     0.33
11    87.01   165.11    59.99     0.33
11   108.85   169.04    59.99     0.33
11    99.72   152.36    59.99     0.33
11    83.10   154.32    59.99     0.33
11    98.42   162.82    59.99     0.33
11    93.53   143.21    59.99     0.33
11    83.10   137.65    59.99     0.33
11   104.61   135.69    59.99     0.33
11   102.66   127.51    59.99     0.33
11   115.37   128.82    59.99     0.33
11   160.35   124.90    59.99     0.33
11   163.93   115.42    59.99     0.33
11   146.66   110.19    59.99     0.33
11   136.88   100.70    59.99     0.33
11   135.90   121.63    59.99     0.33
11   148.94   138.96    59.99     0.33
11   161.98   148.77    59.99     0.33
11   155.46   165.44    59.99     0.33
11   137.86   151.38    59.99     0.33
11   130.04   159.55    59.99     0.33
11   169.47   171.00    59.99     0.33
11   145.03   199.44    59.99     0.33
11   160.35   188.33    59.99     0.33
11    80.17   171.00    59.99     0.33
11    39.10   144.51    59.99     0.33
11    54.75    99.40    59.99     0.33
11    76.91   115.42    59.99     0.33
11   186.75   127.19    74.84     0.33
11   169.15   137.32    74.84     0.33
11   171.10   122.94    74.84     0.33
11   181.53   143.86    74.84     0.33
11   175.34   151.05    74.84     0.33
11   132.32   203.04    74.84     0.33
11   141.44   202.38    74.84     0.33
11   122.87   205.65    74.84     0.33
11   153.83   207.29    74.84     0.33
11   116.67    77.82    74.84     0.33
11   102.01    94.17    74.84     0.33
11    87.34    92.53    74.84     0.33
11    66.81   111.17    74.84     0.33
11    69.09    97.44    74.84     0.33
11    89.62   108.88    74.84     0.33
11    70.06   126.53    74.84     0.33
11    70.72   139.61    74.84     0.33
11   147.64   126.53    74.84     0.33
11   157.09   135.36    74.84     0.33
11   137.86    93.18    74.84     0.33
11   148.61    89.92    74.84     0.33
11   170.13   111.82    74.84     0.33
11   177.95   115.09    74.84     0.33
11   125.15   103.65    74.84     0.33
11   125.47    91.22    74.84     0.33
11   117.32   116.72    74.84     0.33
11   127.75   122.28    74.84     0.33
11    91.25   122.61    74.84     0.33
11   130.69   142.88    74.84     0.33
11   122.54   152.36    74.84     0.33
11   113.09   157.27    74.84     0.33
11    55.07   125.88    74.84     0.33
11    46.27   124.24    74.84     0.33
11    53.77   149.75    74.84     0.33
11    48.55   140.26    74.84     0.33
11   107.22   191.27    74.84     0.33
11   111.46   184.73    74.84     0.33
11   102.01   178.52    74.84     0.33
11    89.62   178.52    74.84     0.33
11   139.16   177.86    74.84     0.33
11   139.49   167.07    74.84     0.33
11   165.89   160.86    74.84     0.33
11   175.99   166.42    74.84     0.33
11   148.29   156.94    74.84     0.33
11   140.79   187.34    74.84     0.33
11   132.32   190.61    74.84     0.33
11   128.41   186.04    74.84     0.33
11   123.84   171.00    74.84     0.33
11   112.11   216.44    74.84     0.33
11   126.12   215.79    74.84     0.33
11    79.19   170.34    74.84     0.33
11    67.46   158.57    74.84     0.33
11    62.24   161.19    74.84     0.33
11    79.52   135.03    74.84     0.33
11    79.52   125.23    74.84     0.33
11    97.77   139.61    74.84     0.33
11   149.92   174.59    74.84     0.33
11   164.91   180.15    74.84     0.33
11   154.81   195.52    74.84     0.33
11   138.84   213.83    74.84     0.33
11   162.96   101.69    74.84     0.33
11   143.40   148.11    74.84     0.33
11   141.77   137.00    74.84     0.33
11   157.74   147.13    74.84     0.33
11   108.85   133.40    74.84     0.33
11   103.31   116.72    74.84     0.33
11   103.31   105.61    74.84     0.33
11   110.15    85.67    74.84     0.33
11    99.07    84.03    74.84     0.33
11    90.60    82.07    74.84     0.33
11    98.75   198.13    74.84     0.33
11    92.55   201.73    74.84     0.33
11    82.12   205.33    74.84     0.33
11    77.56   196.17    74.84     0.33
11    82.78   188.98    74.84     0.33
11   105.27   205.33    74.84     0.33
11    89.62   185.71    74.84     0.33
11    54.09   174.27    74.84     0.33
11    47.58   147.13    74.84     0.33
11   174.69   192.90    74.84     0.33
11   153.83   163.80    74.84     0.33
11   161.33   115.42    74.84     0.33
11   147.31   108.22    74.84     0.33
11   138.51   102.67    74.84     0.33
11   135.90   117.71    74.84     0.33
11   116.02   106.59    74.84     0.33
11   114.07    95.15    74.84     0.33
11   120.91   132.75    74.84     0.33
11   113.74   143.21    74.84     0.33
11   133.95   155.63    74.84     0.33
11    92.55   163.15    74.84     0.33
11    99.40   151.71    74.84     0.33
11    82.12   152.69    74.84     0.33
11    69.41   182.11    74.84     0.33
11    66.15   171.65    74.84     0.33
11    60.94   141.90    74.84     0.33
11    54.75   112.80    74.84     0.33
11    80.17   113.13    74.84     0.33
11    79.52    99.07    74.84     0.33
11   118.63   192.90    74.84     0.33
11   154.15   185.38    74.84     0.33
11    79.19    89.59    74.84     0.33
11   140.14    84.68    74.84     0.33
11   176.97   166.09    90.14     0.33
11   187.40   133.07    90.14     0.33
11   166.54   102.67    90.14     0.33
11   171.10   126.21    90.14     0.33
11   175.34   136.01    90.14     0.33
11   166.54   138.63    90.14     0.33
11   165.24   156.94    90.14     0.33
11   151.87   155.63    90.14     0.33
11   142.10   165.44    90.14     0.33
11   138.51   176.23    90.14     0.33
11   166.87   175.25    90.14     0.33
11   152.53   189.63    90.14     0.33
11   124.82   201.73    90.14     0.33
11   101.68   189.96    90.14     0.33
11   132.32   190.61    90.14     0.33
11   141.77   200.75    90.14     0.33
11   132.32   211.87    90.14     0.33
11   155.46   208.27    90.14     0.33
11   151.22   173.29    90.14     0.33
11   126.45   170.67    90.14     0.33
11   109.83   165.77    90.14     0.33
11   120.26   150.07    90.14     0.33
11   129.38   143.21    90.14     0.33
11   139.16   150.40    90.14     0.33
11   142.10   124.90    90.14     0.33
11   102.66    94.82    90.14     0.33
11   127.43    89.26    90.14     0.33
11   120.91   124.24    90.14     0.33
11   109.83   114.44    90.14     0.33
11   126.12   108.22    90.14     0.33
11   123.52    96.78    90.14     0.33
11   139.49    93.18    90.14     0.33
11   156.11   135.69    90.14     0.33
11   144.70   136.34    90.14     0.33
11    90.92   120.32    90.14     0.33
11    90.92   107.90    90.14     0.33
11    82.45   129.15    90.14     0.33
11    85.38   175.57    90.14     0.33
11   105.27   205.00    90.14     0.33
11    92.88   206.96    90.14     0.33
11    85.71   196.50    90.14     0.33
11    91.90   185.38    90.14     0.33
11    96.79   178.52    90.14     0.33
11    78.87   185.71    90.14     0.33
11   112.11   216.12    90.14     0.33
11    52.79   125.23    90.14     0.33
11    65.83   111.17    90.14     0.33
11   170.78   111.49    90.14     0.33
11    80.82   164.46    90.14     0.33
11    71.69   169.04    90.14     0.33
11   166.87   194.86    90.14     0.33
11   122.21   186.36    90.14     0.33
11   110.81   189.63    90.14     0.33
11   109.18   177.21    90.14     0.33
11    97.12   143.53    90.14     0.33
11   101.35   131.11    90.14     0.33
11    82.12   137.65    90.14     0.33
11    71.04   140.59    90.14     0.33
11    68.76   157.92    90.14     0.33
11    47.90   140.26    90.14     0.33
11    49.21   150.07    90.14     0.33
11    79.19   100.38    90.14     0.33
11    88.32    93.18    90.14     0.33
11   106.90   106.26    90.14     0.33
11   111.13   100.70    90.14     0.33
11   107.55    86.65    90.14     0.33
11   117.00    77.82    90.14     0.33
11   151.87   119.99    90.14     0.33
11   126.45   157.27    90.14     0.33
11   114.72   160.54    90.14     0.33
11    56.38   162.50    90.14     0.33
11    69.09   148.11    90.14     0.33
11    67.13   124.57    90.14     0.33
11    80.17   114.11    90.14     0.33
11   158.39   114.44    90.14     0.33
11   152.20   107.24    90.14     0.33
11   106.24   148.77    90.14     0.33
11   117.98   137.00    90.14     0.33
11   107.55   122.94    90.14     0.33
11    84.73   150.73    90.14     0.33
11    89.29   162.17    90.14     0.33
11    99.72   157.27    90.14     0.33
11   117.98   176.56    90.14     0.33
11   113.74   198.79    90.14     0.33
11   121.24   210.56    90.14     0.33
11   153.50   144.84    90.14     0.33
11   140.14   107.90    90.14     0.33
11    59.96   172.31    90.14     0.33
11    64.85   180.48    90.14     0.33
11   100.70   187.02   104.99     0.33
11    92.88   171.32   104.99     0.33
11    83.43   174.92   104.99     0.33
11    87.34   186.69   104.99     0.33
11   102.66   162.50   104.99     0.33
11   113.09   164.13   104.99     0.33
11   126.12   188.98   104.99     0.33
11   133.30   191.92   104.99     0.33
11   124.50   201.08   104.99     0.33
11   131.01   211.21   104.99     0.33
11   152.85   190.29   104.99     0.33
11   178.60   166.75   104.99     0.33
11   159.70   171.00   104.99     0.33
11   163.61   155.63   104.99     0.33
11   142.10   165.44   104.99     0.33
11   138.51   185.06   104.99     0.33
11   131.67   176.23   104.99     0.33
11   176.32   141.90   104.99     0.33
11   173.38   127.51   104.99     0.33
11   187.40   134.05   104.99     0.33
11   141.44   125.55   104.99     0.33
11   144.38   112.15   104.99     0.33
11   147.96   135.69   104.99     0.33
11   156.44   136.34   104.99     0.33
11   139.16   102.01   104.99     0.33
11   107.87   107.90   104.99     0.33
11   111.46   115.74   104.99     0.33
11   122.54   125.88   104.99     0.33
11   126.45   105.94   104.99     0.33
11   105.27   133.40   104.99     0.33
11    97.12   144.51   104.99     0.33
11    81.15   140.59   104.99     0.33
11    92.88   128.82   104.99     0.33
11   104.29   121.96   104.99     0.33
11    82.45   130.13   104.99     0.33
11   117.00   153.02   104.99     0.33
11   136.55   150.07   104.99     0.33
11   128.08   143.21   104.99     0.33
11   127.43   131.44   104.99     0.33
11   152.20   164.79   104.99     0.33
11   154.15   155.96   104.99     0.33
11   154.15   177.54   104.99     0.33
11    71.69   144.84   104.99     0.33
11    59.31   129.48   104.99     0.33
11    66.15   112.80   104.99     0.33
11   101.03    95.15   104.99     0.33
11   128.08    91.22   104.99     0.33
11   111.78   181.13   104.99     0.33
11   131.34   163.48   104.99     0.33
11   123.52   174.27   104.99     0.33
11   107.22   151.38   104.99     0.33
11   118.63   137.98   104.99     0.33
11   112.11   126.86   104.99     0.33
11    98.09   109.86   104.99     0.33
11   134.60   111.49   104.99     0.33
11   158.72   126.53   104.99     0.33
11   158.07   117.05   104.99     0.33
11   160.35   103.65   104.99     0.33
11   111.78    96.13   104.99     0.33
11    91.58   101.69   104.99     0.33
11    84.08   101.03   104.99     0.33
11    74.30   100.70   104.99     0.33
11    80.17   122.61   104.99     0.33
11    71.37   133.07   104.99     0.33
11    82.12   164.46   104.99     0.33
11    80.82   113.46   104.99     0.33
11    92.23   157.92   104.99     0.33
11    85.06   150.73   104.99     0.33
11   106.90   171.98   104.99     0.33
11   110.15   192.25   104.99     0.33
11    87.67   199.11   104.99     0.33
11    97.77   205.65   104.99     0.33
11    72.67   170.34   104.99     0.33
11   151.55   146.80   104.99     0.33
11   164.26   145.17   104.99     0.33
11   165.89   134.05   104.99     0.33
11   135.90   200.42   104.99     0.33
11    75.93   156.28   104.99     0.33
11    76.26   187.34   104.99     0.33
11   121.56   195.19   119.84     0.33
11   132.64   174.92   119.84     0.33
11   132.97   187.34   119.84     0.33
11   132.32   162.50   119.84     0.33
11   142.75   164.46   119.84     0.33
11   151.22   161.19   119.84     0.33
11   158.72   154.00   119.84     0.33
11   155.13   168.71   119.84     0.33
11   159.37   172.96   119.84     0.33
11   165.89   171.00   119.84     0.33
11   120.58   128.17   119.84     0.33
11   142.10   142.88   119.84     0.33
11   140.47   129.48   119.84     0.33
11   156.11   132.42   119.84     0.33
11   172.41   129.80   119.84     0.33
11   145.35   112.47   119.84     0.33
11   124.17   106.92   119.84     0.33
11   136.23   110.84   119.84     0.33
11   137.86   100.38   119.84     0.33
11   112.76   119.34   119.84     0.33
11   104.29   119.99   119.84     0.33
11   108.85   133.40   119.84     0.33
11   117.65   160.86   119.84     0.33
11   118.63   153.67   119.84     0.33
11   113.41   168.05   119.84     0.33
11    98.75   189.96   119.84     0.33
11   101.35   163.15   119.84     0.33
11    95.81   143.86   119.84     0.33
11   106.24   144.84   119.84     0.33
11    92.23   130.13   119.84     0.33
11    82.12   141.57   119.84     0.33
11   132.64   209.90   119.84     0.33
11   138.84   193.88   119.84     0.33
11   151.87   193.56   119.84     0.33
11   150.90   177.86   119.84     0.33
11   141.44   173.94   119.84     0.33
11   143.07   184.08   119.84     0.33
11   152.53   144.19   119.84     0.33
11   162.30   145.17   119.84     0.33
11   148.94   123.59   119.84     0.33
11   129.06   125.88   119.84     0.33
11   121.56   118.36   119.84     0.33
11   128.73   135.36   119.84     0.33
11   130.69   145.82   119.84     0.33
11   116.35   140.92   119.84     0.33
11   108.20   154.32   119.84     0.33
11    97.44   154.98   119.84     0.33
11    87.99   157.92   119.84     0.33
11    87.34   148.77   119.84     0.33
11   112.76   177.86   119.84     0.33
11   100.70   178.52   119.84     0.33
11   110.15   188.65   119.84     0.33
11   123.19   180.48   119.84     0.33
11   140.14   155.96   119.84     0.33
11   165.56   136.34   119.84     0.33
11   160.02   122.61   119.84     0.33
11   120.26   205.00   119.84     0.33
11   131.99   200.42   119.84     0.33
11    92.55   176.88   119.84     0.33
11    77.24   156.28   119.84     0.33
11   104.94   108.22   119.84     0.33
11    92.88   164.46   134.99     0.33
11   131.34   173.61   134.99     0.33
11   132.64   185.06   134.99     0.33
11   121.89   194.54   134.99     0.33
11   147.31   140.92   134.99     0.33
11   159.37   133.73   134.99     0.33
11   156.76   152.03   134.99     0.33
11   142.10   164.46   134.99     0.33
11   149.59   160.21   134.99     0.33
11   103.96   141.25   134.99     0.33
11   109.50   134.71   134.99     0.33
11   110.48   119.99   134.99     0.33
11   124.50   107.57   134.99     0.33
11    93.21   126.21   134.99     0.33
11   141.44   114.76   134.99     0.33
11   118.30   158.90   134.99     0.33
11   155.46   168.71   134.99     0.33
11   165.24   171.00   134.99     0.33
11   117.00   138.30   134.99     0.33
11   116.02   126.21   134.99     0.33
11   146.01   149.42   134.99     0.33
11   134.60   156.94   134.99     0.33
11   143.40   177.86   134.99     0.33
11   153.83   183.42   134.99     0.33
11   138.84   196.50   134.99     0.33
11   118.30   180.81   134.99     0.33
11   103.64   178.84   134.99     0.33
11   115.04   171.65   134.99     0.33
11   166.87   159.55   134.99     0.33
11   167.19   150.73   134.99     0.33
11   165.56   142.23   134.99     0.33
11   149.59   121.63   134.99     0.33
11   144.05   129.48   134.99     0.33
11   135.25   109.21   134.99     0.33
11   107.22   110.51   134.99     0.33
11    93.53   139.94   134.99     0.33
11    81.47   154.32   134.99     0.33
11   110.15   185.71   134.99     0.33
12   116.02   115.42     0.00     0.33
12    88.97   115.74     0.00     0.33
12    68.44    91.22     0.00     0.33
12    96.14    78.15     0.00     0.33
12   144.38    89.59     0.00     0.33
12   159.37   107.24     0.00     0.33
12   170.45   176.88     0.00     0.33
12   155.78   195.85     0.00     0.33
12   141.44   149.75     0.08     0.33
12   150.57   101.69    14.92     0.33
12   142.75    85.34    14.92     0.33
12   165.89    99.07    14.92     0.33
12   172.41   123.92    14.92     0.33
12   168.17   173.94    14.92     0.33
12   153.18   170.34    14.92     0.33
12   150.24   153.67    14.92     0.33
12   155.46   195.52    14.92     0.33
12   139.81   150.07    14.92     0.33
12   141.77    79.78    30.07     0.33
12   152.53    95.80    30.07     0.33
12   157.74    88.93    30.07     0.33
12   171.43    99.40    30.07     0.33
12   171.10   192.25    30.07     0.33
12   135.25    78.15    44.84     0.33
12   142.42    79.78    44.84     0.33
12   156.76    94.17    44.84     0.33
12   133.62    77.16    60.15     0.33
12   156.11    93.18    60.15     0.33
12   183.16   162.17    60.15     0.33
12   183.49   111.49    60.15     0.33
12   174.36   182.77    60.15     0.33
12   156.11   197.48    60.15     0.33
12   155.78   206.96    60.15     0.33
12   146.01   210.88    60.15     0.33
12   131.67   216.77    60.15     0.33
12   104.94   207.29    60.15     0.33
12    87.01   206.96    60.15     0.33
12    77.24   193.88    60.15     0.33
12   162.96   176.88    44.84     0.33
12   176.64   189.63    44.84     0.33
12   144.05   207.94    44.84     0.33
12   157.09   208.27    44.84     0.33
12   149.59   213.17    44.84     0.33
12   175.01   181.13    74.84     0.33
12   186.42   114.44    74.84     0.33
12   185.12   109.86    74.84     0.33
12   148.61    96.13    74.84     0.33
12   131.34    79.78    74.84     0.33
12   100.38   211.54    74.84     0.33
12   165.56   209.90    74.84     0.33
12   174.69   209.58    74.84     0.33
12   181.21   165.44    44.92     0.33
12   172.73   175.25    44.92     0.33
12   171.10   196.83    44.92     0.33
12   188.38   186.69    44.92     0.33
12   168.82   189.63    44.92     0.33
12   105.92   215.13    44.92     0.33
12   145.35   151.38    44.92     0.33
12   162.96   151.38    44.92     0.33
12   177.95   194.86    59.84     0.33
12   188.05   185.06    59.84     0.33
12   164.91   200.75    59.84     0.33
12   183.49   161.52    74.84     0.33
12   190.33   186.36    74.84     0.33
12   179.58   196.17    74.84     0.33
12   188.05   202.06    74.84     0.33
12   189.68   194.86    74.84     0.33
12   169.15   203.04    74.84     0.33
12   178.93   179.82    90.14     0.33
12   146.66    96.45    90.14     0.33
12   185.12   116.07    90.14     0.33
12   176.64   147.13    90.14     0.33
12   168.17   147.78    90.14     0.33
12   146.98   202.38    90.14     0.33
12   162.30   205.33    90.14     0.33
12   190.33   104.30    90.14     0.33
12   173.38   204.02    90.14     0.33
12   180.88   201.08    90.14     0.33
12   184.79   186.69    90.14     0.33
12   175.01   194.21    90.14     0.33
12   160.67   185.06    90.14     0.33
12   146.98   201.73   104.99     0.33
12   163.93   182.44   104.99     0.33
12   177.62   181.79   104.99     0.33
12   171.76   150.40   104.99     0.33
12   146.66    98.42   104.99     0.33
12    67.78   160.86   104.99     0.33
12    66.48   178.19   104.99     0.33
12   161.98   201.40   104.99     0.33
12   172.41   200.75   104.99     0.33
12   156.44   109.53   104.99     0.33
12   165.56   110.51   104.99     0.33
12   169.47   115.09   104.99     0.33
12   185.44   117.38   104.99     0.33
12   181.21   140.92   104.99     0.33
12   188.70   185.71   104.99     0.33
12   183.49   193.88   104.99     0.33
12   184.14   201.73   104.99     0.33
12   121.24   207.29   104.99     0.33
12   110.15   205.98   104.99     0.33
12   105.59   202.06   104.99     0.33
12   104.94   211.54   104.99     0.33
12   169.80   191.27   104.99     0.33
12   170.78   152.03   119.84     0.33
12   172.41   146.48   119.84     0.33
12   180.88   142.23   119.84     0.33
12   168.82   156.61   119.84     0.33
12   166.21   180.81   119.84     0.33
12   174.36   175.25   119.84     0.33
12   144.05   203.69   119.84     0.33
12   167.52   118.03   119.84     0.33
12   161.98   112.15   119.84     0.33
12   153.83   107.57   119.84     0.33
12    86.04   171.65   119.84     0.33
12    80.17   167.40   119.84     0.33
12    96.47   168.71   119.84     0.33
12    68.76   159.88   119.84     0.33
12   107.22   204.67   119.84     0.33
12   104.61   198.79   119.84     0.33
12   102.98   170.34   134.99     0.33
12    92.88   170.02   134.99     0.33
12    81.47   168.71   134.99     0.33
12    99.07   157.92   134.99     0.33
12    90.60   153.02   134.99     0.33
12    84.08   144.51   134.99     0.33
12   102.01   129.15   134.99     0.33
12   102.98   147.13   134.99     0.33
12   117.65   148.11   134.99     0.33
12   131.67   149.42   134.99     0.33
12   124.17   161.84   134.99     0.33
12   135.90   174.27   134.99     0.33
12   142.42   140.26   134.99     0.33
12   150.57   138.96   134.99     0.33
12   157.74   138.63   134.99     0.33
12   153.83   127.84   134.99     0.33
12   133.95   130.78   134.99     0.33
12   127.43   134.38   134.99     0.33
12   124.82   122.28   134.99     0.33
12   139.81   120.98   134.99     0.33
12   123.19   114.44   134.99     0.33
12   117.00   107.57   134.99     0.33
12   111.13   162.17   134.99     0.33
12   175.67   103.65    90.45     0.33
