0.000000 0.000026 
4.000000 0.000025 
8.000000 0.000022 
12.000000 0.000021 
16.000000 0.000019 
20.000000 0.000015 
24.000000 0.000013 
28.000000 0.000011 
32.000000 0.000011 
36.000000 0.000009 
40.000000 0.000007 
44.000000 0.000008 
48.000000 0.000007 
52.000000 0.000006 
56.000000 0.000005 
60.000000 0.000006 
64.000000 0.000005 
68.000000 0.000004 
72.000000 0.000004 
76.000000 0.000003 
80.000000 0.000004 
84.000000 0.000003 
88.000000 0.000003 
92.000000 0.000003 
96.000000 0.000002 
100.000000 0.000002 
104.000000 0.000002 
108.000000 0.000002 
112.000000 0.000002 
116.000000 0.000002 
120.000000 0.000002 
124.000000 0.000002 
