0.000000 0.000026 
3.973510 0.000026 
7.947020 0.000024 
11.920530 0.000022 
15.894040 0.000020 
19.867550 0.000021 
23.841060 0.000017 
27.814570 0.000016 
31.788079 0.000015 
35.761589 0.000013 
39.735099 0.000012 
43.708609 0.000011 
47.682119 0.000010 
51.655629 0.000009 
55.629139 0.000007 
59.602649 0.000007 
63.576159 0.000005 
67.549669 0.000005 
71.523179 0.000004 
75.496689 0.000003 
79.470199 0.000003 
83.443709 0.000003 
87.417219 0.000003 
91.390728 0.000003 
95.364238 0.000002 
99.337748 0.000002 
103.311258 0.000002 
107.284768 0.000002 
111.258278 0.000002 
115.231788 0.000002 
119.205298 0.000002 
123.178808 0.000002 
