0.000000 0.000023 
4.000000 0.000019 
8.000000 0.000020 
12.000000 0.000019 
16.000000 0.000020 
20.000000 0.000018 
24.000000 0.000018 
28.000000 0.000016 
32.000000 0.000015 
36.000000 0.000014 
40.000000 0.000013 
44.000000 0.000012 
48.000000 0.000012 
52.000000 0.000009 
56.000000 0.000010 
60.000000 0.000009 
64.000000 0.000009 
68.000000 0.000008 
72.000000 0.000006 
76.000000 0.000007 
80.000000 0.000006 
84.000000 0.000006 
88.000000 0.000005 
92.000000 0.000007 
96.000000 0.000005 
100.000000 0.000005 
104.000000 0.000005 
108.000000 0.000005 
112.000000 0.000005 
116.000000 0.000005 
120.000000 0.000005 
124.000000 0.000005 
