0.000000 0.000019 
4.000000 0.000019 
8.000000 0.000016 
12.000000 0.000014 
16.000000 0.000013 
20.000000 0.000007 
24.000000 0.000006 
28.000000 0.000006 
32.000000 0.000005 
36.000000 0.000005 
40.000000 0.000005 
44.000000 0.000004 
48.000000 0.000004 
52.000000 0.000003 
56.000000 0.000002 
60.000000 0.000002 
64.000000 0.000002 
68.000000 0.000002 
72.000000 0.000002 
76.000000 0.000002 
80.000000 0.000002 
84.000000 0.000001 
88.000000 0.000001 
92.000000 0.000001 
96.000000 0.000001 
100.000000 0.000001 
104.000000 0.000001 
108.000000 0.000001 
112.000000 0.000001 
116.000000 0.000001 
120.000000 0.000001 
124.000000 0.000001 
