0.000000 0.000024 
4.000000 0.000024 
8.000000 0.000024 
12.000000 0.000023 
16.000000 0.000021 
20.000000 0.000020 
24.000000 0.000020 
28.000000 0.000019 
32.000000 0.000017 
36.000000 0.000017 
40.000000 0.000016 
44.000000 0.000016 
48.000000 0.000015 
52.000000 0.000014 
56.000000 0.000012 
60.000000 0.000013 
64.000000 0.000012 
68.000000 0.000012 
72.000000 0.000010 
76.000000 0.000009 
80.000000 0.000009 
84.000000 0.000008 
88.000000 0.000007 
92.000000 0.000007 
96.000000 0.000007 
100.000000 0.000005 
104.000000 0.000005 
108.000000 0.000005 
112.000000 0.000005 
116.000000 0.000005 
120.000000 0.000005 
124.000000 0.000005 
