0.000000 0.000019 
4.000000 0.000017 
8.000000 0.000018 
12.000000 0.000018 
16.000000 0.000016 
20.000000 0.000015 
24.000000 0.000012 
28.000000 0.000012 
32.000000 0.000011 
36.000000 0.000010 
40.000000 0.000010 
44.000000 0.000008 
48.000000 0.000007 
52.000000 0.000005 
56.000000 0.000008 
60.000000 0.000006 
64.000000 0.000006 
68.000000 0.000007 
72.000000 0.000005 
76.000000 0.000004 
80.000000 0.000005 
84.000000 0.000005 
88.000000 0.000004 
92.000000 0.000004 
96.000000 0.000004 
100.000000 0.000004 
104.000000 0.000004 
108.000000 0.000004 
112.000000 0.000004 
116.000000 0.000004 
120.000000 0.000004 
124.000000 0.000004 
