0.000000 0.000023 
4.000000 0.000020 
8.000000 0.000020 
12.000000 0.000017 
16.000000 0.000016 
20.000000 0.000015 
24.000000 0.000013 
28.000000 0.000008 
32.000000 0.000008 
36.000000 0.000006 
40.000000 0.000006 
44.000000 0.000005 
48.000000 0.000004 
52.000000 0.000003 
56.000000 0.000003 
60.000000 0.000003 
64.000000 0.000002 
68.000000 0.000002 
72.000000 0.000001 
76.000000 0.000001 
80.000000 0.000001 
84.000000 0.000001 
88.000000 0.000001 
92.000000 0.000001 
96.000000 0.000001 
100.000000 0.000001 
104.000000 0.000001 
108.000000 0.000001 
112.000000 0.000001 
116.000000 0.000001 
120.000000 0.000001 
124.000000 0.000001 
