0.000000 0.000022 
3.703704 0.000020 
7.407407 0.000019 
11.111111 0.000019 
14.814815 0.000013 
18.518519 0.000013 
22.222222 0.000011 
25.925926 0.000011 
29.629630 0.000005 
33.333333 0.000005 
37.037037 0.000004 
40.740741 0.000004 
44.444444 0.000003 
48.148148 0.000003 
51.851852 0.000003 
55.555556 0.000003 
59.259259 0.000003 
62.962963 0.000003 
66.666667 0.000003 
70.370370 0.000002 
74.074074 0.000003 
77.777778 0.000002 
81.481481 0.000003 
85.185185 0.000003 
88.888889 0.000003 
92.592593 0.000002 
96.296296 0.000002 
100.000000 0.000001 
103.703704 0.000001 
107.407407 0.000001 
111.111111 0.000001 
114.814815 0.000001 
