11   219.75    99.82     0.15     0.33
11   195.63   100.80     0.15     0.33
11   208.02    91.64     0.15     0.33
11   174.44    89.68     0.15     0.33
11   173.79   104.39     0.15     0.33
11   181.94   110.61     0.15     0.33
11   157.17   110.28     0.15     0.33
11   162.38   120.74     0.15     0.33
11   154.56    83.47     0.15     0.33
11   143.16    85.10     0.15     0.33
11   153.91   139.05     0.15     0.33
11   128.16   119.43     0.15     0.33
11   157.82   149.19     0.15     0.33
11   150.98   168.48     0.15     0.33
11   155.54   156.05     0.15     0.33
11   102.74   124.66    -0.15     0.33
11    95.57   112.24     1.51     0.33
11   104.70   104.39     3.56     0.33
11   134.35   137.42     3.56     0.33
11   138.27   114.20     3.56     0.33
11   210.30   114.86     3.56     0.33
11   207.69   123.03     3.56     0.33
11   132.40   153.76     3.56     0.33
11   180.64   147.88     3.56     0.33
11   121.64   105.38    -1.74     0.33
11   116.75   120.41    -0.83     0.33
11   140.87   128.59    -0.08     0.33
11   167.27   143.63    -0.08     0.33
11   144.13   148.86     0.68     0.33
11   138.27   163.90     0.68     0.33
11   168.90   160.63     0.68     0.33
11   158.15   130.22     0.68     0.33
11   184.55   133.17     0.68     0.33
11   185.85    88.37     0.68     0.33
11   146.74   102.76     1.51     0.33
11   210.30   135.45     1.51     0.33
11   193.67   155.07     1.51     0.33
11   222.03   121.40    13.33     0.33
11   159.13   166.51    13.33     0.33
11    87.75   124.01    13.33     0.33
11   111.21   149.84    14.39     0.33
11   167.27   121.72    15.23     0.33
11   180.64   106.36    15.23     0.33
11   199.54    95.57    15.23     0.33
11   211.93    90.99    15.23     0.33
11   221.05   101.12    16.06     0.33
11   178.68    89.68    16.06     0.33
11   193.67    89.03    16.06     0.33
11   164.99    86.41    16.06     0.33
11   146.41    82.16    16.06     0.33
11   146.09    94.26    16.06     0.33
11   133.70    95.89    16.06     0.33
11   126.86   115.84    16.06     0.33
11   159.13   112.57    16.06     0.33
11   156.84   133.82    16.06     0.33
11   164.67   144.94    16.06     0.33
11   150.98   150.49    16.06     0.33
11   144.78   164.55    16.06     0.33
11   153.91   177.96    16.06     0.33
11   215.51   148.86    16.06     0.33
11   213.88   159.97    16.06     0.33
11   199.54   120.74    16.06     0.33
11   145.76   122.05    16.06     0.33
11   145.76   137.42    16.06     0.33
11   120.99   130.22    16.06     0.33
11   102.09   125.65    16.06     0.33
11   121.64   103.41    16.06     0.33
11   185.53   119.76    16.06     0.33
11   180.31   133.17    16.06     0.33
11   203.13   143.95    16.06     0.33
11   194.65   132.18    16.06     0.33
11   194.00   106.03    16.06     0.33
11   208.67   102.43    16.06     0.33
11   184.55    77.91    16.06     0.33
11   159.13    74.97    16.06     0.33
11   128.16    74.32    16.06     0.33
11    76.67   104.39    16.06     0.33
11    68.84   112.24    16.06     0.33
11   129.79   155.40    19.16     0.33
11   133.05   140.03    19.16     0.33
11   119.69   183.51    20.15     0.33
11   121.32   199.86    20.15     0.33
11   151.96   207.38    20.15     0.33
11   178.03   187.76    20.15     0.33
11   183.24   194.30    20.15     0.33
11   185.53   152.45    20.15     0.33
11   159.13   101.45    20.15     0.33
11   137.61   109.63    20.15     0.33
11    90.35   155.72    20.98     0.33
11    69.17   145.92    20.98     0.33
11   105.02   170.44    20.98     0.33
11    75.69   186.13    20.98     0.33
11    81.23   195.28    20.98     0.33
11   195.63   176.32    20.98     0.33
11   203.45   184.17    20.98     0.33
11   201.17   168.80    20.98     0.33
11   200.19   159.65    21.82     0.33
11   175.75   171.74    21.82     0.33
11   171.19   161.61    21.82     0.33
11   210.30   126.30    22.73     0.33
11   215.19   112.24    22.73     0.33
11   102.09   104.39    22.73     0.33
11    48.96   117.47    22.73     0.33
11    84.16   141.34    22.73     0.33
11    72.75   128.59    22.73     0.33
11    56.78   125.32    22.73     0.33
11    50.59   150.82    22.73     0.33
11    73.41   160.30    22.73     0.33
11   168.90   206.40    22.73     0.33
11   158.15   193.98    22.73     0.33
11   141.85   191.03    22.73     0.33
11   131.42   176.98    22.73     0.33
11   135.01   208.04    22.73     0.33
11    88.40   175.01    22.73     0.33
11    96.22   201.17    22.73     0.33
11    64.93   170.44    22.73     0.33
11    49.94   171.09    22.73     0.33
11    48.64   135.45    22.73     0.33
11    29.08   133.82    22.73     0.33
11    39.84   146.57    22.73     0.33
11    32.34   120.74    22.73     0.33
11   101.76    93.28    22.73     0.33
11   169.56   109.30    22.73     0.33
11   134.68   166.51    28.78     0.33
11   159.13   166.84    28.78     0.33
11    89.38   120.41    28.78     0.33
11   123.27    83.14    28.78     0.33
11   224.96   117.47    28.78     0.33
11   222.03   154.09    28.78     0.33
11   212.25   172.40    28.78     0.33
11    73.08    97.20    28.78     0.33
11    64.28   105.70    28.78     0.33
11    39.18   127.93    28.78     0.33
11    50.59   105.05    28.78     0.33
11    37.55   110.61    28.78     0.33
11    96.87   138.07    28.78     0.33
11   111.21   136.11    28.78     0.33
11   123.27   147.22    28.78     0.33
11   135.66   125.97    28.78     0.33
11   143.48   178.94    28.78     0.33
11   117.41   210.98    28.78     0.33
11   158.80   217.19    28.78     0.33
11   118.06   165.86    28.78     0.33
11    62.00   188.09    28.78     0.33
11    84.16   219.15    28.78     0.33
11    73.73   204.77    28.78     0.33
11   124.58   116.82    32.65     0.33
11   110.56   152.13    32.65     0.33
11   149.67   153.11    32.65     0.33
11   164.67   141.01    32.65     0.33
11   193.35   147.88    32.65     0.33
11   156.84   179.92    32.65     0.33
11   144.13   165.21    32.65     0.33
11   188.13   165.53    32.65     0.33
11   216.16   160.30    32.65     0.33
11   209.64   145.92    32.65     0.33
11   195.30   131.86    32.65     0.33
11   194.00   119.43    32.65     0.33
11   206.39   105.38    32.65     0.33
11   204.76    99.16    32.65     0.33
11   197.91    88.37    32.65     0.33
11   208.02    86.41    32.65     0.33
11   219.10    95.24    32.65     0.33
11   223.01   105.05    32.65     0.33
11   168.90    85.76    32.65     0.33
11   179.33    89.35    35.30     0.33
11   154.24   107.99    35.30     0.33
11   151.30    94.59    35.30     0.33
11   140.55    90.99    35.30     0.33
11   132.73    94.91    36.13     0.33
11   147.72    77.91    34.16     0.33
11   158.15   127.28    30.60     0.33
11   181.29   103.74    30.53     0.33
11   107.30   114.20    29.69     0.33
11    86.44    98.51    28.78     0.33
11    91.01   110.28    28.78     0.33
11    60.37   138.40    28.78     0.33
11    62.32   157.03    28.78     0.33
11   107.95   196.27    27.88     0.33
11   146.41   139.38    32.88     0.33
11   145.76   117.15    32.88     0.33
11   178.03   126.95    33.71     0.33
11   135.01   147.55    35.68     0.33
11   179.01   186.13    35.68     0.33
11   187.81   194.96    35.68     0.33
11   186.83   152.45    35.68     0.33
11   180.31   140.36    35.68     0.33
11   164.99    80.85    36.51     0.33
11   157.50    70.72    36.51     0.33
11   164.99    72.03    36.51     0.33
11   171.84    75.95    36.51     0.33
11   192.37    75.95    36.51     0.33
11   192.37    66.80    36.51     0.33
11   181.61    66.47    36.51     0.33
11   188.13    82.49    36.51     0.33
11   217.47    89.03    36.51     0.33
11   137.94   104.07    36.51     0.33
11   127.84   135.45    36.51     0.33
11   119.69   130.22    36.51     0.33
11    95.57   161.28    36.51     0.33
11    87.75   155.07    36.51     0.33
11    69.49   147.55    36.51     0.33
11    73.41   188.09    36.51     0.33
11    46.35   180.25    36.51     0.33
11   117.73   187.11    36.51     0.33
11   209.64   185.15    36.51     0.33
11   200.84   186.78    36.51     0.33
11   224.96   142.32    36.51     0.33
11   229.85   124.01    36.51     0.33
11   164.67   117.15    36.51     0.33
11   168.90   132.18    36.51     0.33
11   190.09   176.98    36.51     0.33
11   201.50   170.76    36.51     0.33
11   165.64   190.71    36.51     0.33
11   180.96   201.17    36.51     0.33
11   164.99    98.84    36.51     0.33
11   195.63   101.45    36.51     0.33
11   180.64   116.16    36.51     0.33
11   131.42    74.64    36.51     0.33
11   119.69   104.07    36.51     0.33
11    99.48   125.65    36.51     0.33
11   104.37   171.74    37.42     0.33
11    83.84   199.86    37.42     0.33
11    76.01   172.40    37.42     0.33
11   125.88   195.61    37.42     0.33
11   121.97   203.79    37.42     0.33
11   149.67   208.04    37.42     0.33
11   170.86   171.09    37.42     0.33
11   174.12   161.28    37.42     0.33
11   167.93   153.11    37.42     0.33
11   200.84   155.72    37.42     0.33
11   215.19   136.43    37.42     0.33
11   204.76   117.80    37.42     0.33
11   105.35    78.89    37.42     0.33
11    70.15   114.20    37.42     0.33
11    49.94   170.44    38.33     0.33
11    48.64   149.51    38.33     0.33
11    34.62   147.88    38.33     0.33
11    31.36   137.74    38.33     0.33
11    76.99   153.76    38.33     0.33
11    64.28   168.15    38.33     0.33
11    64.28   179.26    38.33     0.33
11    47.33   137.42    38.33     0.33
11    50.92   125.65    38.33     0.33
11    63.63   122.70    38.33     0.33
11    76.34   133.49    38.33     0.33
11    85.47   143.63    38.33     0.33
11    96.55   149.84    38.33     0.33
11   127.51   176.98    38.33     0.33
11   154.56   195.61    38.33     0.33
11   163.69   203.46    38.33     0.33
11   172.16   210.65    38.33     0.33
11    95.57   212.29    38.33     0.33
11    95.90   196.92    38.33     0.33
11    90.35   183.51    38.33     0.33
11    85.79   171.09    38.33     0.33
11    42.44   162.92    38.33     0.33
11    47.01   193.98    38.33     0.33
11    33.97   192.34    38.33     0.33
11    32.34   173.38    38.33     0.33
11    19.95   141.34    38.33     0.33
11    26.80   125.97    38.33     0.33
11    27.78   116.16    38.33     0.33
11   217.79   119.43    38.33     0.33
11   208.99   129.90    38.33     0.33
11   134.68   210.65    38.33     0.33
11   103.72   104.39    38.33     0.33
11   101.11    91.64    38.33     0.33
11   110.56   196.92    43.25     0.33
11   172.49   104.07    43.25     0.33
11   210.30   110.93    43.25     0.33
11   159.78   217.52    44.54     0.33
11   117.08   211.30    45.37     0.33
11    84.49   218.17    45.37     0.33
11    76.01   209.34    45.37     0.33
11   100.13   115.84    45.37     0.33
11    89.70   120.74    45.37     0.33
11    79.60   108.32    45.37     0.33
11    76.67    98.18    45.37     0.33
11    63.63   104.07    45.37     0.33
11    48.64   103.09    45.37     0.33
11    34.29   111.26    45.37     0.33
11   124.58    82.16    45.37     0.33
11   155.87   166.84    45.37     0.33
11   135.98   176.98    45.37     0.33
11   131.10   159.32    45.37     0.33
11   119.36   166.51    45.37     0.33
11   107.30   134.15    45.37     0.33
11    57.76   156.71    45.37     0.33
11    48.31   115.51    45.37     0.33
11   141.85   127.28    46.21     0.33
11   184.22   103.09    46.21     0.33
11   219.75   151.15    46.21     0.33
11   159.78   142.32    48.10     0.33
11   149.67   154.74    48.10     0.33
11   139.57   165.53    48.10     0.33
11   196.61   132.18    48.10     0.33
11   195.30   146.24    48.10     0.33
11   226.92   116.49    48.10     0.33
11   225.94   109.30    48.10     0.33
11   220.73   100.47    48.10     0.33
11   208.34    93.61    48.10     0.33
11   211.93    97.86    48.10     0.33
11   209.32    81.18    48.10     0.33
11   199.54    88.05    48.10     0.33
11   203.45   100.47    48.10     0.33
11   174.44    96.22    48.10     0.33
11   119.69   116.82    48.10     0.33
11   128.16   110.61    48.93     0.33
11   110.56   148.53    48.93     0.33
11    93.29   135.45    48.93     0.33
11    92.64    83.14    48.93     0.33
11    76.01    90.01    48.93     0.33
11   221.05   158.67    48.93     0.33
11   221.38   167.82    48.93     0.33
11   155.54   181.55    48.93     0.33
11   147.07   175.34    48.93     0.33
11   152.61   119.11    48.93     0.33
11   150.00   135.78    48.93     0.33
11   142.83   140.68    48.93     0.33
11   130.12   125.65    48.93     0.33
11   138.59   114.20    48.93     0.33
11   185.20   127.61    48.93     0.33
11   192.37   119.11    48.93     0.33
11   188.79   163.90    48.93     0.33
11   213.23   172.07    48.93     0.33
11   209.97   152.78    48.93     0.33
11    61.35   138.07    48.93     0.33
11    57.76   190.38    48.93     0.33
11    63.30   199.21    48.93     0.33
11    18.65   164.55    48.93     0.33
11   181.29   153.76    51.13     0.33
11   180.64   140.36    51.13     0.33
11   157.17   104.39    51.13     0.33
11   155.87    91.32    51.13     0.33
11   143.16    87.72    51.13     0.33
11   145.44    76.60    51.13     0.33
11   178.03   187.44    51.13     0.33
11   190.41   201.17    51.13     0.33
11    35.27   162.26    51.13     0.33
11    41.79   128.26    51.13     0.33
11   196.61    78.57    51.13     0.33
11   117.73    74.64    51.13     0.33
11    65.58    95.89    51.13     0.33
11    45.05    96.55    51.13     0.33
11   127.84   147.88    51.13     0.33
11   110.89   161.28    51.13     0.33
11   105.67   185.80    51.13     0.33
11   223.66   133.82    51.96     0.33
11   229.85   123.36    51.96     0.33
11   129.14    92.30    51.96     0.33
11   124.25   133.17    51.96     0.33
11   176.07    75.30    51.96     0.33
11   185.85    72.68    51.96     0.33
11   195.30    71.05    51.96     0.33
11   164.67    74.32    52.80     0.33
11   163.69    83.80    52.80     0.33
11   154.89    69.41    52.80     0.33
11   131.42    75.62    52.80     0.33
11   170.21   114.86    53.71     0.33
11   165.64   125.97    53.71     0.33
11   171.51   129.24    53.71     0.33
11   167.60   148.53    53.71     0.33
11   165.64   189.40    53.71     0.33
11   150.00   208.36    54.62     0.33
11   141.85   203.13    54.62     0.33
11   118.38   184.17    54.62     0.33
11   120.67   197.90    55.52     0.33
11    71.12   189.40    55.52     0.33
11    65.91   172.73    55.52     0.33
11    62.00   186.13    55.52     0.33
11    49.29   171.09    55.52     0.33
11    41.14   179.26    56.51     0.33
11    26.80   187.44    56.51     0.33
11    47.98   193.00    56.51     0.33
11    21.91   145.26    56.51     0.33
11    31.04   136.76    56.51     0.33
11    24.52   126.63    57.34     0.33
11    65.91   110.93    57.34     0.33
11   105.02    89.68    58.18     0.33
11   106.00   107.66    58.18     0.33
11    70.15   149.19    58.18     0.33
11   200.19   122.38    58.18     0.33
11   221.05   123.36    58.18     0.33
11   214.53    90.34    58.18     0.33
11   209.97   187.76    58.18     0.33
11   175.42   203.79    58.18     0.33
11   121.97   105.05    58.18     0.33
11    98.83   179.92    55.30     0.33
11    99.48   165.86    56.21     0.33
11    82.53   190.05    59.84     0.33
11   117.73   209.34    61.51     0.33
11    87.10   221.44    62.42     0.33
11   160.76   221.77    63.93     0.33
11   165.32   211.30    63.93     0.33
11   162.06   201.82    63.93     0.33
11   180.96   207.71    65.14     0.33
11   176.40   194.96    65.98     0.33
11   164.01   169.78    65.98     0.33
11   150.65   171.42    65.98     0.33
11   138.59   164.88    65.98     0.33
11   136.64   180.57    66.89     0.33
11   156.19   162.26    66.89     0.33
11   197.91   176.32    66.89     0.33
11   181.61   170.11    66.89     0.33
11   177.38   152.78    67.72     0.33
11   189.76   160.63    67.72     0.33
11   200.84   194.96    67.72     0.33
11   189.76   197.90    67.72     0.33
11   220.40   151.80    67.72     0.33
11   210.95   166.51    67.72     0.33
11   203.13   144.28    67.72     0.33
11   209.97   107.01    67.72     0.33
11   204.43   101.45    67.72     0.33
11   199.87    95.57    67.72     0.33
11   204.76    87.72    66.81     0.33
11   218.44   112.89    66.81     0.33
11   220.73    97.86    65.98     0.33
11   171.51    96.87    65.98     0.33
11   172.16   106.68    65.98     0.33
11   146.41   123.68    65.98     0.33
11   147.07   106.68    65.14     0.33
11   156.52   148.20    65.14     0.33
11   110.89   146.57    64.31     0.33
11    93.94   135.78    64.31     0.33
11    97.85   120.09    63.48     0.33
11    77.64   104.07    63.48     0.33
11    50.59   120.41    63.48     0.33
11    30.71   112.89    63.48     0.33
11    33.97   105.70    62.65     0.33
11    60.69   158.67    62.65     0.33
11    53.85   164.55    62.65     0.33
11   153.91   193.65    62.65     0.33
11   200.52   134.15    63.48     0.33
11   150.00    89.35    65.83     0.33
11   175.10    91.32    66.66     0.33
11   192.70    80.85    67.49     0.33
11   199.87    76.93    67.49     0.33
11   209.97    81.18    67.49     0.33
11   122.30    90.34    67.49     0.33
11   131.10    88.05    67.49     0.33
11   120.34    80.85    67.49     0.33
11   100.13    82.16    67.49     0.33
11    63.95    92.95    68.02     0.33
11    85.14    91.64    68.02     0.33
11    77.32    85.76    68.02     0.33
11    97.52    91.64    68.02     0.33
11    85.14   120.74    68.02     0.33
11    44.40   130.22    68.02     0.33
11    53.52   133.17    68.02     0.33
11    57.76   146.24    68.02     0.33
11    37.23   161.28    68.02     0.33
11     3.01   155.07    68.02     0.33
11    18.65   108.64    68.02     0.33
11    57.76   174.69    68.02     0.33
11   126.86   133.17    68.02     0.33
11   118.38   118.13    68.93     0.33
11   157.50   135.45    68.93     0.33
11   167.60   122.70    68.93     0.33
11   158.80   100.14    68.93     0.33
11   167.27   150.17    68.93     0.33
11   165.64   184.50    68.93     0.33
11   187.81    71.70    68.93     0.33
11   174.77    73.01    69.84     0.33
11   162.06    75.95    70.75     0.33
11   134.03    75.30    70.75     0.33
11   146.41    75.30    70.75     0.33
11   118.06   181.88    71.66     0.33
11   144.13   210.65    71.66     0.33
11   152.93   210.32    71.66     0.33
11   175.42   183.84    71.66     0.33
11   172.49   175.99    71.66     0.33
11    69.82   184.17    71.66     0.33
11    49.29   193.32    72.49     0.33
11    41.14   198.88    72.49     0.33
11    24.19   187.76    72.49     0.33
11    37.23   176.32    72.49     0.33
11    24.52   136.11    72.49     0.33
11    29.08   124.34    72.49     0.33
11    21.91   127.61    72.49     0.33
11    18.32   119.76    72.49     0.33
11    19.95   149.19    72.49     0.33
11    31.04   156.38    72.49     0.33
11    35.27   143.95    72.49     0.33
11    67.21   215.56    72.49     0.33
11   108.28   216.21    72.49     0.33
11   122.30   159.32    73.33     0.33
11    97.85   183.19    73.33     0.33
11   121.97   196.59    73.33     0.33
11    74.38   169.13    73.33     0.33
11    74.06   154.09    73.33     0.33
11    66.89   142.65    73.33     0.33
11    66.56   110.28    73.33     0.33
11    61.35   101.78    73.33     0.33
11    47.01   102.43    73.33     0.33
11   108.28   105.70    73.33     0.33
11   125.88   106.68    73.33     0.33
11   201.17   121.40    73.33     0.33
11   209.32   184.17    74.16     0.33
11   208.34   193.98    74.16     0.33
11   189.44   112.89    74.16     0.33
11   101.11   163.90    74.16     0.33
11   134.68   202.15    75.07     0.33
11    87.10   194.96    75.07     0.33
11    82.21   181.88    75.07     0.33
11    64.61   194.96    75.07     0.33
11    75.36   206.73    75.07     0.33
11    69.82   129.90    75.07     0.33
11   120.01    98.51    75.07     0.33
11   216.82    90.34    75.07     0.33
11    96.22   114.20    75.07     0.33
11   134.68   143.63    75.07     0.33
11   120.34   208.04    76.81     0.33
11    59.07   156.71    77.87     0.33
11    87.42   219.48    77.87     0.33
11   177.38   137.42    78.70     0.33
11   203.78   132.84    78.70     0.33
11   178.36   104.72    78.70     0.33
11   179.99    83.47    78.70     0.33
11   185.85    92.62    78.70     0.33
11   144.13    82.82    78.70     0.33
11   217.79   128.59    78.70     0.33
11   208.34   151.47    78.70     0.33
11   113.17   139.70    78.70     0.33
11    80.90   102.43    79.54     0.33
11    94.92   136.43    79.54     0.33
11   154.56   194.30    79.54     0.33
11   167.60   211.96    79.54     0.33
11   158.80   210.32    79.54     0.33
11   158.15   217.52    79.54     0.33
11   150.00   218.17    79.54     0.33
11   124.90   219.81    79.54     0.33
11   106.00   187.76    79.54     0.33
11    51.24   116.16    79.54     0.33
11    45.05   115.18    79.54     0.33
11    36.25   102.43    79.54     0.33
11    31.04   107.01    79.54     0.33
11    72.43    91.97    79.54     0.33
11    83.84    84.78    79.54     0.33
11    15.06   132.84    79.54     0.33
11    15.39   165.53    79.54     0.33
11    39.84   186.46    79.54     0.33
11   108.93   146.90    79.54     0.33
11   147.07   105.38    80.37     0.33
11   138.92   167.49    81.36     0.33
11   132.40   159.97    81.36     0.33
11   172.81   197.25    81.36     0.33
11   196.28   202.48    81.36     0.33
11   142.83   120.74    81.36     0.33
11   150.98    91.32    82.19     0.33
11   218.44   112.89    82.19     0.33
11   217.47    98.51    82.19     0.33
11   158.80   162.92    82.19     0.33
11   134.03   183.19    82.19     0.33
11   196.61   179.92    82.19     0.33
11   168.25   101.12    82.19     0.33
11   166.30    86.41    82.19     0.33
11   157.17    81.51    82.19     0.33
11    97.52   124.66    82.19     0.33
11   149.02   168.80    82.19     0.33
11    76.34   112.24    83.02     0.33
11   202.15    99.49    83.02     0.33
11   203.13    84.78    83.02     0.33
11   205.08    79.55    83.86     0.33
11   187.81    82.82    83.86     0.33
11   211.93   103.74    83.86     0.33
11   138.59   151.80    83.86     0.33
11   155.21   144.94    83.86     0.33
11    57.76   170.76    83.86     0.33
11    38.53   164.22    83.86     0.33
11    53.52   131.53    83.86     0.33
11    54.83   144.94    83.86     0.33
11    39.18   127.61    83.86     0.33
11     3.98   157.03    84.69     0.33
11    82.21   118.78    86.58     0.33
11    87.42   111.26    86.58     0.33
11    99.81    83.14    86.58     0.33
11   123.27    86.09    86.58     0.33
11   128.16    80.20    86.58     0.33
11   135.01    76.60    86.58     0.33
11   171.19   120.41    86.58     0.33
11   160.76   129.24    86.58     0.33
11   167.27   186.13    86.58     0.33
11   218.12   105.70    86.58     0.33
11   114.47   180.90    88.40     0.33
11    73.41   183.51    88.40     0.33
11    25.17   130.88    88.40     0.33
11    22.89   121.72    88.40     0.33
11    20.61   109.63    90.07     0.33
11    25.17   186.13    89.16     0.33
11    40.49   198.88    89.16     0.33
11    49.94   196.59    89.16     0.33
11    72.43   224.06    89.16     0.33
11   108.28   221.44    89.16     0.33
11   107.30   209.02    89.99     0.33
11   142.18   210.00    89.99     0.33
11   150.33   205.42    89.99     0.33
11   172.49   214.90    89.99     0.33
11   183.90   208.36    89.99     0.33
11   138.59   216.54    89.99     0.33
11   205.41   196.92    89.99     0.33
11   200.52   174.69    89.99     0.33
11   189.76   161.28    89.99     0.33
11   188.46   153.76    89.99     0.33
11   167.27   155.07    89.99     0.33
11   171.19   172.40    89.99     0.33
11   161.41   138.40    89.99     0.33
11   200.52   121.72    89.99     0.33
11   212.90   164.88    89.99     0.33
11    71.12   139.70    89.99     0.33
11    79.60   154.42    91.05     0.33
11    75.36   164.55    91.05     0.33
11   116.10   105.05    91.05     0.33
11    83.18    96.87    91.05     0.33
11    52.87   102.11    91.05     0.33
11    71.12   109.63    91.05     0.33
11    36.58   151.47    91.05     0.33
11    84.49   183.84    91.05     0.33
11    83.18   193.32    91.05     0.33
11   171.19   112.24    91.05     0.33
11   130.44   202.48    91.88     0.33
11   122.30   204.77    91.88     0.33
11   118.06   213.92    91.88     0.33
11    63.30   121.72    91.88     0.33
11   190.41   191.03    92.95     0.33
11   184.55   200.52    92.95     0.33
11    84.81   220.46    92.95     0.33
11   114.47   137.42    94.31     0.33
11   137.61   143.30    94.31     0.33
11   128.49   133.82    94.31     0.33
11   141.53   132.84    94.31     0.33
11   128.81   121.07    94.31     0.33
11   174.44   132.18    94.31     0.33
11   200.52   130.55    94.31     0.33
11   216.82   125.97    94.31     0.33
11   211.60   148.20    94.31     0.33
11   145.44    82.16    94.31     0.33
11   144.13    95.57    94.31     0.33
11    15.06   151.15    95.44     0.33
11    13.76   142.65    95.44     0.33
11    30.06   107.01    95.44     0.33
11    40.81   114.53    95.44     0.33
11    54.50   114.53    95.44     0.33
11   101.76   144.94    95.44     0.33
11    94.27   135.45    95.44     0.33
11    96.22   112.57    95.44     0.33
11   145.11   103.41    95.44     0.33
11   153.91   113.55    95.44     0.33
11   186.83   101.12    95.44     0.33
11   185.85    90.34    95.44     0.33
11   160.43   211.30    95.44     0.33
11   154.24   219.81    95.44     0.33
11   150.00   211.63    95.44     0.33
11   153.91   193.65    95.44     0.33
11   103.39   185.48    95.44     0.33
11    61.35   220.13    95.44     0.33
11    39.18   186.78    95.44     0.33
11    18.98   168.80    95.44     0.33
11    12.13   174.69    95.44     0.33
11    60.04   157.36    95.44     0.33
11   120.34   119.43    95.44     0.33
11   155.87   101.45    95.44     0.33
11   177.70   154.09    95.44     0.33
11   177.38   184.82    95.44     0.33
11   201.82   160.96    95.44     0.33
11   201.17   147.22    95.44     0.33
11   185.53   122.05    95.44     0.33
11   190.41   109.30    95.44     0.33
11   189.11   135.13    95.44     0.33
11   128.81   104.39    95.44     0.33
11   127.84    95.24    95.44     0.33
11   103.39   108.97    95.44     0.33
11   115.78   156.38    95.44     0.33
11    63.30   102.76    95.44     0.33
11   109.58    90.34    95.44     0.33
11    93.29   102.11    95.44     0.33
11    88.72   151.47    95.44     0.33
11    47.33   164.55    95.44     0.33
11   146.09   181.23    97.41     0.33
11   156.19   163.57    97.41     0.33
11   131.10   157.36    97.41     0.33
11   130.12   184.50    97.41     0.33
11   172.49   199.86    98.25     0.33
11    98.18   207.38    98.25     0.33
11    65.91   176.65    98.25     0.33
11    36.25   176.65    98.25     0.33
11    64.93   131.20    98.25     0.33
11    97.85   124.66    98.25     0.33
11   154.89    88.37    98.25     0.33
11   164.99    86.09    98.25     0.33
11   170.53    98.51    98.25     0.33
11   199.87    98.51    98.25     0.33
11   199.87    86.74    98.25     0.33
11   209.64    92.30    98.25     0.33
11   210.30   133.82    98.25     0.33
11   143.48   119.76    98.25     0.33
11   100.78   169.13    98.25     0.33
11   119.36   169.46    98.25     0.33
11    53.85   136.43    99.16     0.33
11    75.36   134.80    99.16     0.33
11    36.58   130.22    99.16     0.33
11    58.41   176.32    99.16     0.33
11    58.74   197.90    99.16     0.33
11   203.78   106.36    99.16     0.33
11     5.94   158.01   100.14     0.33
11    36.90   166.19   101.96     0.33
11    82.21   115.18   101.96     0.33
11   123.27    85.10   101.96     0.33
11   135.66    81.84   101.96     0.33
11   167.27   120.74   101.96     0.33
11   139.24   158.34   101.96     0.33
11   164.01   179.92   101.96     0.33
11   163.69   190.05   102.79     0.33
11   136.64   189.40   102.79     0.33
11   122.30   192.02   102.79     0.33
11    19.63   131.86   103.63     0.33
11    22.89   120.09   104.53     0.33
11    18.98   124.01   104.53     0.33
11    26.15   129.90   104.53     0.33
11    26.47   186.13   104.53     0.33
11    42.44   196.92   104.53     0.33
11    68.19   224.06   105.37     0.33
11    83.84   214.90   105.37     0.33
11    84.81   229.61   105.37     0.33
11   104.70   213.59   105.37     0.33
11   108.28   220.46   105.37     0.33
11   124.90   216.21   105.37     0.33
11   138.27   217.52   106.20     0.33
11   168.58   214.57   106.20     0.33
11    70.80   199.86   105.22     0.33
11    71.78   182.86   105.22     0.33
11   159.13   140.03   105.22     0.33
11   176.40    90.99   105.22     0.33
11   187.48    80.53   105.22     0.33
11   222.03   106.68   105.22     0.33
11   198.56   119.43   105.22     0.33
11   172.49   170.44   105.22     0.33
11    20.28   158.99   105.22     0.33
11    90.68    93.28   105.22     0.33
11    65.91   149.19   105.22     0.33
11   116.10   181.23   105.22     0.33
11    58.41   209.67   106.05     0.33
11    50.92   212.61   106.05     0.33
11    45.05   213.92   106.05     0.33
11    48.96   151.15   106.05     0.33
11   165.64   162.59   106.05     0.33
11   135.33   176.98   106.05     0.33
11   197.91   173.05   106.05     0.33
11   193.02   180.57   106.05     0.33
11   211.93   162.26   106.05     0.33
11   160.43   124.34   106.05     0.33
11   140.87   125.65   106.05     0.33
11    80.90   195.61   106.88     0.33
11    81.23   180.90   106.88     0.33
11    76.34   157.69   106.88     0.33
11    66.89   165.86   106.88     0.33
11    81.23    97.86   106.88     0.33
11   136.31   111.59   106.88     0.33
11   176.07   112.89   106.88     0.33
11   175.75   102.11   106.88     0.33
11   206.71   122.05   106.88     0.33
11   214.86   106.03   106.88     0.33
11   184.87   174.69   106.88     0.33
11   192.37   158.67   106.88     0.33
11   144.46   169.78   106.88     0.33
11    95.24   182.21   106.88     0.33
11    37.23   152.78   106.88     0.33
11    68.52   112.89   107.79     0.33
11    48.31   124.34   107.79     0.33
11    37.55   141.01   107.79     0.33
11   120.34   201.17   107.79     0.33
11   135.98   203.13   107.79     0.33
11   150.98   202.48   107.79     0.33
11   115.13   107.99   108.63     0.33
11   116.10    94.91   108.63     0.33
11   184.55   204.77   108.63     0.33
11    86.12   167.82   108.63     0.33
11    93.94   196.27   108.63     0.33
11    49.29   186.13   109.46     0.33
11   135.66   142.65   109.46     0.33
11   128.16   117.80   109.46     0.33
11   171.51   129.24   109.46     0.33
11   201.50   132.18   109.46     0.33
11   192.70   123.36   109.46     0.33
11   175.42   141.34   109.46     0.33
11   189.44   145.92   109.46     0.33
11   188.13   191.03   109.46     0.33
11   200.52   195.28   109.46     0.33
11   113.50   136.76   109.46     0.33
11   123.93   136.43   109.46     0.33
11   108.61   119.43   109.46     0.33
11    76.01   123.36   110.29     0.33
11    50.92   102.76   110.29     0.33
11   143.81    93.93   110.29     0.33
11   146.09   143.63   110.29     0.33
11   136.96   150.17   110.29     0.33
11   174.44   157.69   111.13     0.33
11   153.91   214.90   111.13     0.33
11   152.61   188.42   111.13     0.33
11   174.44   180.57   111.13     0.33
11   157.17   111.91   111.13     0.33
11   145.11   104.39   111.13     0.33
11   157.82    97.53   111.13     0.33
11    91.33   149.51   111.13     0.33
11   116.75   152.45   111.13     0.33
11   102.09   136.43   111.13     0.33
11   101.44   108.97   111.13     0.33
11    87.42   103.41   111.13     0.33
11   114.15    86.41   111.13     0.33
11    58.74   115.18   111.13     0.33
11    38.21   113.22   111.13     0.33
11    47.66   113.22   111.13     0.33
11    17.35   139.38   111.13     0.33
11    25.82   171.42   111.13     0.33
11    46.68   168.80   111.13     0.33
11    57.76   159.32   111.13     0.33
11   106.32   186.13   111.13     0.33
11   143.48   207.71   111.13     0.33
11    92.31   227.33   111.96     0.33
11   187.16   101.78   111.96     0.33
11   194.00   107.01   111.96     0.33
11   186.18   109.30   111.96     0.33
11   214.86   125.65   111.96     0.33
11   215.19   113.55   111.96     0.33
11   205.08   156.71   111.96     0.33
11   106.00   157.69   111.96     0.33
11   167.60   205.42   112.87     0.33
11   154.89   161.61   112.87     0.33
11    97.20   125.97   113.70     0.33
11    89.38   119.43   113.70     0.33
11   165.97   101.45   113.70     0.33
11   197.91    95.24   113.70     0.33
11   208.34   141.67   113.70     0.33
11   160.76   198.23   113.70     0.33
11   128.49   155.07   113.70     0.33
11   119.04   219.81   113.70     0.33
11   111.21   205.09   113.70     0.33
11    57.76   133.49   114.61     0.33
11    80.25   146.57   106.58     0.33
11    83.51   132.18   107.49     0.33
11   166.62   147.55   111.73     0.33
11   156.84   149.84   111.73     0.33
11    93.61   159.65   111.73     0.33
11   183.57   134.80   111.73     0.33
11   127.51   103.09   112.56     0.33
11   101.44    91.97   112.56     0.33
11    99.48   171.42   113.40     0.33
11   109.26   166.84   114.23     0.33
11   123.93   168.80   114.23     0.33
11   155.54   174.36   114.23     0.33
11   176.07   193.65   114.23     0.33
11    93.61   206.07   115.97     0.33
11   140.55   154.09   118.78     0.33
11   125.55    88.05   118.78     0.33
11   164.99    93.61   118.78     0.33
11   155.54    91.32   118.78     0.33
11   172.16   121.07   119.68     0.33
11   183.57   124.66   119.68     0.33
11   204.43   101.78   119.68     0.33
11   194.33   101.78   119.68     0.33
11   166.30   191.03   120.52     0.33
11   122.30   187.76   120.52     0.33
11   139.90   185.80   122.71     0.33
11   134.03   190.05   122.71     0.33
11   126.86   215.56   122.71     0.33
11   103.39   211.30   122.71     0.33
11   102.41   219.48   123.55     0.33
11   108.28   222.09   123.55     0.33
11   123.27   201.82   124.38     0.33
11    83.51   217.84   124.38     0.33
11    80.58   227.33   124.38     0.33
11   184.22   204.44   124.38     0.33
11   201.17   171.09   124.38     0.33
11   164.67   172.40   124.38     0.33
11   208.67   134.80   125.21     0.33
11   206.06   123.03   125.21     0.33
11   193.35   124.01   125.21     0.33
11   157.82   124.66   125.21     0.33
11   159.45   136.11   125.21     0.33
11   174.12   112.89   125.21     0.33
11   173.79   100.80   125.21     0.33
11   180.64    93.28   125.21     0.33
11   126.21   116.49   125.21     0.33
11   138.92   115.51   125.21     0.33
11   138.59   105.70   125.21     0.33
11    65.58   128.59   125.21     0.33
11    73.08   147.88   126.05     0.33
11    65.91   151.15   126.05     0.33
11    75.69   161.94   126.05     0.33
11    74.71   172.73   126.05     0.33
11    74.38   181.88   126.05     0.33
11    92.64   181.23   126.05     0.33
11    84.16   192.67   126.05     0.33
11    95.57   197.25   126.05     0.33
11    74.38   200.52   126.05     0.33
11    62.00   203.13   126.05     0.33
11    55.81   212.94   126.05     0.33
11    38.53   199.86   126.05     0.33
11    38.21   211.96   126.05     0.33
11    36.25   184.50   126.88     0.33
11    21.91   184.82   126.96     0.33
11    27.12   175.67   126.96     0.33
11    28.43   155.40   126.96     0.33
11    18.00   158.99   126.96     0.33
11    11.81   165.53   126.96     0.33
11    25.82   165.86   126.96     0.33
11    19.95   139.70   126.96     0.33
11    18.98   129.90   126.96     0.33
11    19.63   120.41   126.96     0.33
11    26.15   114.20   126.96     0.33
11    52.22   112.57   126.96     0.33
11    84.16   103.09   126.96     0.33
11    90.03   109.63   126.96     0.33
11   108.61   115.51   126.96     0.33
11   111.87   102.76   126.96     0.33
11    94.59   101.12   126.96     0.33
11   146.41    97.53   126.96     0.33
11   172.81   158.34   126.96     0.33
11   172.49   179.26   126.96     0.33
11   140.87   201.50   126.96     0.33
11   106.98   188.42   127.79     0.33
11   123.27   150.49   131.20     0.33
11   144.78   147.22   131.20     0.33
11    98.18   123.36   131.20     0.33
11    88.72   117.47   131.20     0.33
11   157.82   105.70   131.20     0.33
11   181.94   110.61   131.20     0.33
11   202.80   157.03   132.11     0.33
11   158.47   192.02   132.11     0.33
11   112.84   206.73   132.11     0.33
11    90.03   226.67   132.94     0.33
11    52.22   175.01   134.83     0.33
11    45.05   141.34   134.83     0.33
11    50.59   128.59   134.83     0.33
11    90.03   171.74   134.83     0.33
11   104.70   154.74   134.83     0.33
11   111.21   145.59   134.83     0.33
11   128.49   172.73   134.83     0.33
11   128.81   182.86   134.83     0.33
11   158.47   164.22   134.83     0.33
11   171.19   127.28   134.83     0.33
11   186.50   121.40   134.83     0.33
11   190.09   102.76   134.83     0.33
11   197.59   102.11   134.83     0.33
11   199.54   117.15   134.83     0.33
11   158.80    95.24   135.67     0.33
11   165.32    95.24   135.67     0.33
11   150.33   101.45   135.67     0.33
11   137.94    92.30   135.67     0.33
11   132.07    95.89   135.67     0.33
11   189.44   146.24   135.67     0.33
11   188.13   173.38   135.67     0.33
11   165.64   192.34   136.50     0.33
11   158.15   183.84   136.50     0.33
11   170.21   208.69   136.50     0.33
11   149.35   201.17   136.50     0.33
11   145.76   157.69   136.50     0.33
11   141.85   139.38   136.50     0.33
11   135.01   125.97   136.50     0.33
11   104.04   132.84   136.50     0.33
11    83.51   148.86   136.50     0.33
11    63.63   170.11   136.50     0.33
11    76.99   118.45   126.96     0.33
11    74.06   110.61   127.79     0.33
11    66.24   110.28   127.79     0.33
11    35.27   119.11   127.79     0.33
11    40.81   125.97   127.79     0.33
11    32.01   139.70   127.79     0.33
11    46.03   151.80   127.79     0.33
11    56.13   161.61   128.62     0.33
11    56.78   144.61   128.62     0.33
11    76.67   132.18   128.62     0.33
11    91.66   133.49   128.62     0.33
11    99.81   148.20   129.46     0.33
11    88.40   160.30   129.46     0.33
11   108.61   171.09   129.46     0.33
11   118.06   164.22   129.46     0.33
11   141.20   167.49   129.46     0.33
11   148.37   179.26   129.46     0.33
11   153.58   209.02   129.46     0.33
11   153.91   216.54   129.46     0.33
11   133.70   213.92   129.46     0.33
11   116.75   221.11   129.46     0.33
11   193.67   190.38   129.46     0.33
11   180.64   190.38   129.46     0.33
11   185.20   197.90   129.46     0.33
11   201.50   180.57   129.46     0.33
11   179.66   149.51   129.46     0.33
11   191.39   133.17   129.46     0.33
11   176.40   140.03   129.46     0.33
11   164.01   150.17   129.46     0.33
11   148.04   134.15   129.46     0.33
11   147.39   121.07   129.46     0.33
11   145.11   110.61   129.46     0.33
11   164.67   110.28   129.46     0.33
11   123.60    97.53   129.46     0.33
11   118.06   108.64   129.46     0.33
11   106.65    95.24   129.46     0.33
11   115.78   134.47   129.46     0.33
11   129.47   135.13   129.46     0.33
11   175.75   167.49   129.46     0.33
11   187.16   158.99   129.46     0.33
11   201.50   146.57   129.46     0.33
11   101.44   225.36   129.46     0.33
11   109.91   229.94   129.46     0.33
11   142.83   212.94   129.46     0.33
11   118.06   178.61   136.65     0.33
11   118.71   189.07   136.65     0.33
11    87.42   205.75   136.65     0.33
11    62.32   180.57   136.65     0.33
11   202.80   172.07   140.90     0.33
11   204.10   132.18   140.90     0.33
11   158.47   121.07   140.90     0.33
11   158.80   134.80   140.90     0.33
11   174.12   111.26   140.90     0.33
11   175.75    97.20   140.90     0.33
11   133.38   113.22   140.90     0.33
11   138.27   105.38   140.90     0.33
11   125.55   112.24   141.73     0.33
11   121.32   119.11   141.73     0.33
11    66.89   128.59   141.73     0.33
11    71.45   150.17   141.73     0.33
11    71.45   173.71   141.73     0.33
11    74.38   162.92   141.73     0.33
11    91.98   180.25   141.73     0.33
11    85.79   192.02   141.73     0.33
11    97.20   197.90   141.73     0.33
11    84.16   210.65   141.73     0.33
11   100.46   215.56   141.73     0.33
11   119.36   199.86   141.73     0.33
11   118.71   210.98   141.73     0.33
11   130.44   198.55   141.73     0.33
11   131.75   190.71   141.73     0.33
11   140.87   190.05   141.73     0.33
11   164.67   173.05   141.73     0.33
11   149.67   143.63   141.73     0.33
11   170.86   149.19   141.73     0.33
11    60.04   131.86   142.56     0.33
11    18.32   134.80   142.56     0.33
11    28.75   157.36   143.39     0.33
11    25.82   165.21   143.39     0.33
11    14.09   178.28   143.39     0.33
11    39.84   171.42   143.39     0.33
11    41.46   132.51   143.39     0.33
11    77.97   114.20   143.39     0.33
11    94.92   102.76   143.39     0.33
11   139.90   120.41   143.39     0.33
11   164.67   121.72   143.39     0.33
11   167.60   133.17   143.39     0.33
11   177.70   125.97   143.39     0.33
11    75.69   151.80   144.23     0.33
11    95.24   112.57   144.23     0.33
11    72.75   105.05   144.23     0.33
11    63.63   107.34   144.23     0.33
11    54.50   110.93   144.23     0.33
11   172.16   160.63   144.23     0.33
11   175.10   181.55   144.23     0.33
11   140.87   201.50   144.23     0.33
11   104.37   186.13   144.23     0.33
11    84.81   104.07   144.23     0.33
11    32.34   122.38   144.23     0.33
11    20.61   122.70   144.23     0.33
11    36.25   189.73   144.23     0.33
11    47.01   193.65   144.23     0.33
11    35.92   213.59   144.23     0.33
11    78.95   216.54   144.23     0.33
11   107.95   215.88   144.23     0.33
11   127.51   217.52   144.23     0.33
11    68.52   140.68   144.23     0.33
11    82.21   128.59   144.23     0.33
11    86.77   138.40   144.23     0.33
11    91.98   149.51   145.06     0.33
11   100.46   168.15   145.06     0.33
11   130.12   158.01   145.89     0.33
11   136.64   165.21   145.89     0.33
11   152.28   177.96   145.89     0.33
11   143.16   179.92   145.89     0.33
11   148.04   166.19   145.89     0.33
11   131.42   140.68   145.89     0.33
11   118.38   138.07   145.89     0.33
11   150.33   122.70   145.89     0.33
11   163.69   109.63   145.89     0.33
11   188.79   132.18   145.89     0.33
11   177.05   139.70   145.89     0.33
11   179.01   170.44   145.89     0.33
11   108.61   112.57   145.89     0.33
11    57.44   160.30   145.89     0.33
11    47.66   148.53   145.89     0.33
11    28.10   147.88   145.89     0.33
11    19.95   148.20   145.89     0.33
11    75.04   197.90   145.89     0.33
11    74.38   207.38   145.89     0.33
11   152.28   207.38   145.89     0.33
11    87.10   158.99   145.89     0.33
11    76.01   180.90   145.89     0.33
11   106.00   176.32   145.89     0.33
11   114.80   164.88   145.89     0.33
11   112.84   126.95   145.89     0.33
11   187.81   159.65   145.89     0.33
11   198.24   146.57   145.89     0.33
11   196.61   135.13   145.89     0.33
11   192.37   111.26   145.89     0.33
11   134.68   211.96   145.89     0.33
11   112.84   224.71   145.89     0.33
11   102.74   226.34   145.89     0.33
11    58.74   147.88   145.89     0.33
11    53.85   139.38   145.89     0.33
11    70.80   115.84   145.89     0.33
11    60.04   118.45   145.89     0.33
11    25.49   113.88   145.89     0.33
11   106.32   100.47   145.89     0.33
11   120.01    99.82   145.89     0.33
11   189.11   185.15   145.89     0.33
11   181.29   191.69   145.89     0.33
11   197.91   193.98   145.89     0.33
11   156.52   153.44   145.89     0.33
11    66.56   162.59   145.89     0.33
11    91.98   191.36   145.89     0.33
11   166.95   165.86   148.47     0.33
11    99.81   123.68   148.47     0.33
11    90.35   119.43   148.47     0.33
11    96.87   138.72   148.47     0.33
11   125.23   150.82   148.47     0.33
11   115.45   154.09   148.47     0.33
11   205.08   158.99   148.47     0.33
11    89.38   224.38   148.47     0.33
11    60.37   197.25   148.47     0.33
11    53.52   215.23   148.47     0.33
11    38.53   116.16   148.47     0.33
11   152.93   104.72   152.03     0.33
11   146.09    99.49   152.03     0.33
11   138.59   138.40   152.03     0.33
11   135.33   126.63   152.03     0.33
11   159.45   182.21   152.03     0.33
11   164.34   191.36   152.03     0.33
11   192.04   174.03   152.03     0.33
11   128.16   180.90   152.03     0.33
11   122.30   172.73   152.03     0.33
11   147.39   158.34   152.03     0.33
11   143.81   148.20   152.03     0.33
11    91.33   129.24   152.03     0.33
11    90.03   172.40   152.03     0.33
11    55.48   174.36   152.03     0.33
11    43.75   141.67   152.03     0.33
11    49.61   128.26   152.03     0.33
11   108.61   148.86   152.03     0.33
11   102.74   156.71   152.03     0.33
11   114.15   190.05   152.03     0.33
11   150.65   197.25   152.03     0.33
11    46.68   182.86   155.51     0.33
11    51.24   200.52   156.42     0.33
11   159.78   137.09   156.42     0.33
11   153.91   115.18   156.42     0.33
11   143.16   111.26   156.42     0.33
11   141.53   187.76   157.26     0.33
11   135.33   194.30   157.26     0.33
11   116.43   204.11   157.26     0.33
11   101.11   199.21   157.26     0.33
11    87.10   207.38   157.26     0.33
11    99.48   210.65   157.26     0.33
11   117.41   211.96   157.26     0.33
11    80.25   165.53   157.26     0.33
11    64.93   125.65   157.26     0.33
11   149.35   141.99   157.26     0.33
11   167.27   175.99   157.26     0.33
11   185.53   145.26   157.26     0.33
11   178.68   154.09   157.26     0.33
11   131.75   112.57   157.26     0.33
11   118.38   118.45   157.26     0.33
11   118.38   112.89   157.26     0.33
11   116.10   122.38   157.26     0.33
11    78.95   148.53   159.68     0.33
11   157.82   147.55   185.97     0.33
11   153.58   159.97   184.60     0.33
11   153.58   172.40   184.60     0.33
11   146.09   176.65   184.60     0.33
11   136.96   162.92   184.60     0.33
11   146.74   190.71   184.60     0.33
11   155.21   178.28   185.06     0.33
11   166.95   166.84   183.92     0.33
11   124.90   168.80   182.94     0.33
11   118.06   173.71   182.94     0.33
11   124.25   180.90   182.94     0.33
11   131.10   178.61   182.94     0.33
11   108.28   173.05   182.94     0.33
11   108.28   162.59   182.94     0.33
11   102.41   169.78   182.94     0.33
11    99.48   154.09   182.94     0.33
11    93.94   154.74   182.94     0.33
11    85.47   149.51   182.94     0.33
11    77.64   145.92   182.94     0.33
11    67.54   148.86   182.94     0.33
11    70.47   154.09   182.10     0.33
11    61.02   154.74   182.10     0.33
11    56.78   156.38   182.10     0.33
11    58.09   164.55   182.10     0.33
11    54.50   174.69   182.10     0.33
11    41.14   177.30   182.10     0.33
11    44.40   181.55   182.10     0.33
11    45.38   157.03   182.10     0.33
11    41.14   149.51   182.10     0.33
11    50.26   143.63   182.10     0.33
11    68.84   138.72   182.10     0.33
11    69.82   165.53   182.10     0.33
11    76.34   169.13   182.10     0.33
11    92.96   183.51   182.10     0.33
11    89.38   192.02   182.10     0.33
11    99.15   193.32   182.10     0.33
11   100.13   201.17   182.10     0.33
11    82.53   197.25   182.10     0.33
11    85.47   207.38   182.10     0.33
11    68.84   206.73   182.10     0.33
11   117.41   141.01   181.27     0.33
11   134.68   126.63   181.27     0.33
11   135.01   132.84   181.27     0.33
11   142.18   140.68   181.27     0.33
11   170.86   159.65   181.27     0.33
11    95.24   129.90   181.27     0.33
11    91.33   116.82   181.27     0.33
11    74.38   117.80   181.27     0.33
11    62.32   130.88   181.27     0.33
11    46.35   134.47   181.27     0.33
11    61.67   141.01   181.27     0.33
11    91.33   162.26   181.27     0.33
11    94.27   175.67   181.27     0.33
11   112.19   187.11   181.27     0.33
11   136.31   186.78   181.27     0.33
11   145.44   165.21   181.27     0.33
11   164.34   178.28   181.27     0.33
11   160.43   185.15   181.27     0.33
11   145.76   150.82   181.27     0.33
11   137.61   151.47   181.27     0.33
11   129.14   142.65   181.27     0.33
11   123.60   133.49   181.27     0.33
11   108.61   133.49   181.27     0.33
11   109.58   124.01   181.27     0.33
11   106.00   115.18   180.44     0.33
11   106.00   146.24   180.44     0.33
11   128.16   150.82   180.44     0.33
11   119.36   155.72   180.44     0.33
11   115.13   160.63   180.44     0.33
11    94.92   144.61   180.44     0.33
11    90.03   133.82   180.44     0.33
11    82.86   137.09   180.44     0.33
11    80.58   125.65   180.44     0.33
11    72.43   130.88   180.44     0.33
11    60.04   121.07   180.44     0.33
11    50.26   128.59   180.44     0.33
11    46.35   124.66   180.44     0.33
11    31.69   145.26   179.60     0.33
11    29.73   161.28   179.60     0.33
11    22.56   154.09   179.60     0.33
11    39.18   163.90   179.60     0.33
11    28.75   171.42   179.60     0.33
11    32.66   182.53   179.60     0.33
11    75.04   180.25   179.60     0.33
11    57.44   183.84   179.60     0.33
11    53.52   195.61   178.69     0.33
11    84.81   179.59   178.69     0.33
11    70.47   197.57   178.69     0.33
11   112.84   196.92   178.69     0.33
11   126.21   194.63   178.69     0.33
11   134.35   198.55   178.69     0.33
11   163.36   137.09   178.69     0.33
11   154.56   131.53   178.69     0.33
11   159.78   151.15   168.62     0.33
11   154.89   160.96   168.62     0.33
11   166.62   167.49   168.62     0.33
11   154.89   175.99   167.79     0.33
11   145.11   177.63   166.88     0.33
11   139.90   168.15   166.88     0.33
11   123.60   184.82   167.79     0.33
11   124.90   170.11   167.79     0.33
11   118.71   173.38   167.79     0.33
11   105.02   174.69   167.79     0.33
11   104.04   169.46   166.95     0.33
11    99.81   192.67   166.95     0.33
11    88.07   191.36   167.79     0.33
11    93.29   187.11   166.35     0.33
11    79.60   202.80   166.35     0.33
11    74.06   209.67   166.35     0.33
11    83.18   212.61   166.35     0.33
11    68.84   163.90   166.35     0.33
11    59.39   164.88   166.35     0.33
11    57.44   156.38   166.35     0.33
11    45.05   158.34   166.35     0.33
11    35.27   153.44   166.35     0.33
11    70.15   141.01   166.35     0.33
11    66.56   154.09   166.35     0.33
11    73.08   146.24   166.35     0.33
11    89.05   149.51   166.35     0.33
11    99.15   120.41   166.35     0.33
11   109.26   112.89   166.35     0.33
11    83.84   117.47   166.35     0.33
11    99.81   131.20   166.35     0.33
11   176.07   168.15   168.32     0.33
11   158.47   168.15   166.65     0.33
11   146.09   120.74   166.65     0.33
11   151.30   121.40   166.65     0.33
11   162.71   109.95   166.65     0.33
11   123.27   105.38   166.65     0.33
11   135.98   161.94   164.45     0.33
11   126.21   153.11   164.45     0.33
11   133.05   141.34   164.45     0.33
11   118.71   139.70   164.45     0.33
11    96.87   150.17   164.45     0.33
11    77.32   131.53   164.45     0.33
11    84.16   140.68   164.45     0.33
11    99.48   138.72   164.45     0.33
11   113.82   161.94   164.45     0.33
11    96.87   166.51   164.45     0.33
11    95.90   178.94   164.45     0.33
11    58.41   139.70   164.45     0.33
11    64.61   137.09   164.45     0.33
11    56.13   126.63   164.45     0.33
11    38.86   132.18   164.45     0.33
11    23.21   150.82   164.45     0.33
11    26.80   166.19   164.45     0.33
11    76.99   178.94   164.45     0.33
11   134.35   184.17   164.45     0.33
11    91.66   115.84   164.45     0.33
11    70.47   117.47   164.45     0.33
11    48.96   135.78   164.45     0.33
11   144.46   136.11   164.45     0.33
11   151.63   131.53   162.26     0.33
11   169.56   157.03   162.26     0.33
11   185.20   162.26   162.26     0.33
11   193.02   162.26   162.26     0.33
11   193.02   152.78   162.26     0.33
11   165.32   123.68   162.26     0.33
11    74.38   157.69   162.26     0.33
11   131.42   203.79   162.26     0.33
11   133.05   211.96   162.26     0.33
11   143.81   203.46   162.26     0.33
11   122.95   195.94   162.26     0.33
11    54.50   116.16   162.26     0.33
11    61.67   115.18   162.26     0.33
11    32.66   126.30   162.26     0.33
11    21.91   141.01   162.26     0.33
11    64.61   175.67   162.26     0.33
11    38.21   203.79   162.26     0.33
11    36.90   211.96   162.26     0.33
11    72.10   218.82   162.26     0.33
11   107.30   222.75   162.26     0.33
11   107.95   213.59   162.26     0.33
11   125.23   205.75   162.26     0.33
11   110.56   208.04   162.26     0.33
11   150.33   190.38   162.26     0.33
11    76.34   111.26   161.42     0.33
11    76.99   120.74   161.42     0.33
11   173.14   117.15   158.24     0.33
11   187.16   125.65   158.24     0.33
11   196.28   121.72   158.24     0.33
11    35.92   150.17   123.62     0.33
11    81.55   139.70   123.62     0.33
11    28.10   130.88   123.62     0.33
11    35.92   164.88   118.70     0.33
11    58.41   174.69   118.70     0.33
11    49.29   135.78   118.70     0.33
11    60.69   194.30   118.70     0.33
11   137.61    87.07   118.70     0.33
11   108.28   146.90   111.43     0.33
11   128.16   125.65   111.43     0.33
11   133.70   133.17   111.43     0.33
11   116.75   123.68   111.43     0.33
11   131.42    95.89   111.43     0.33
11   147.39   131.86   111.43     0.33
11   197.91   146.24   111.43     0.33
11   192.70   136.43   111.43     0.33
11    67.21   104.07   111.43     0.33
11    27.12   111.59   111.43     0.33
11    18.98   182.21   111.43     0.33
11   107.63   116.82    92.49     0.33
11   106.32   130.88    92.49     0.33
11   119.36   146.90    92.49     0.33
11   148.37   156.05    92.49     0.33
11   170.53   145.59    91.66     0.33
11   186.18   144.28    91.66     0.33
11    88.40   170.44    91.66     0.33
11   101.11   158.01    91.66     0.33
11    96.55   194.63    91.66     0.33
11   111.54   195.61    91.66     0.33
11    50.26   184.82    91.66     0.33
11    41.79   139.70    91.66     0.33
11   103.07    98.18    91.66     0.33
11   112.19    79.55    91.66     0.33
11   208.34   117.80    91.66     0.33
11   182.27   173.38    91.66     0.33
11    62.98   207.38    89.16     0.33
11    87.10   206.73    89.16     0.33
11    84.49   138.72    89.16     0.33
11    84.49   128.59    89.16     0.33
11   136.31   110.93    89.16     0.33
11    57.44    94.26    89.16     0.33
11    96.55   138.07    11.36     0.33
11    97.52   148.86    11.36     0.33
11   110.24   159.32    11.36     0.33
11   119.04   165.53    11.36     0.33
11    98.83   181.88    11.36     0.33
11   105.02   192.02    11.36     0.33
11    76.67   172.73    11.36     0.33
11    62.00   180.57    11.36     0.33
11    59.07   159.32    11.36     0.33
11    57.44   141.01    11.36     0.33
11    39.18   157.69    11.36     0.33
11    59.39   109.63    12.20     0.33
11   106.00   140.36    12.20     0.33
11   120.99   146.24    12.20     0.33
11   127.84   193.98    12.20     0.33
11   144.78   199.21    12.20     0.33
11   169.88   195.28    12.20     0.33
11   166.62   184.50    12.20     0.33
11   143.16   178.94    12.20     0.33
11   186.18   170.44    12.20     0.33
11   182.27   161.28    12.20     0.33
11   187.16   185.15    12.20     0.33
11    97.52   163.57    12.20     0.33
11    84.81   166.51    12.20     0.33
11    80.25   152.45    12.20     0.33
11    89.70   189.73    12.20     0.33
11    71.12   137.74    12.20     0.33
11    63.63   134.47    12.20     0.33
11    66.56   119.76    12.20     0.33
11    77.97   119.11    12.20     0.33
11    40.81   127.28    12.20     0.33
11   110.24   184.50    12.20     0.33
11   113.50   176.98    12.20     0.33
11   151.30   186.78    12.20     0.33
11   165.64   175.67    12.20     0.33
11   179.99   181.23    12.20     0.33
11   192.37   165.21    12.20     0.33
11   188.13   143.30    12.20     0.33
11   208.99   172.40    12.20     0.33
11   193.67   194.63    12.20     0.33
11   178.03   205.09    12.20     0.33
11   114.80   194.30    12.20     0.33
11   106.65   201.17    12.20     0.33
11   135.66   199.53    12.20     0.33
11   134.03   183.84    12.20     0.33
11    81.88   177.96    53.71     0.33
11    78.95   166.19    53.71     0.33
11    85.47   155.07    53.71     0.33
11    89.70   169.13    53.71     0.33
11    74.38   139.38    53.71     0.33
11    75.36   128.26    53.71     0.33
11    66.24   123.36    53.71     0.33
11    96.55   193.98    53.71     0.33
11    88.40   202.48    53.71     0.33
11    97.85   213.59    53.71     0.33
11   132.40   214.90    53.71     0.33
11   131.10   192.02    53.71     0.33
11   171.84   177.96    53.71     0.33
11   189.11   184.50    53.71     0.33
11   200.84   159.32    53.71     0.33
11   211.93   135.13    53.71     0.33
11   196.28   106.68    53.71     0.33
11   189.44    91.32    53.71     0.33
11    86.77   208.69    19.85     0.33
11    99.81   212.61    19.85     0.33
11    51.24   126.63     6.67     0.33
11    47.66   137.09     6.67     0.33
11    46.35   147.55     6.67     0.33
11    69.82   158.99     6.67     0.33
11    55.48   169.78     3.26     0.33
11    46.35   160.96     3.26     0.33
11    77.64   185.15     5.91     0.33
11    77.32   195.94     5.08     0.33
12   194.25   120.64    -1.06     0.33
12   218.37   107.56    -1.06     0.33
12   158.40    96.78     1.51     0.33
12   136.89    99.72    -0.45     0.33
12   178.61   123.26    -1.14     0.33
12   175.02   132.74    -1.14     0.33
12   195.88   139.28    -2.50     0.33
12   206.31   147.78    -2.50     0.33
12   114.08   137.64    10.45     0.33
12   112.12   114.10    13.86     0.33
12   122.88    84.35    13.03     0.33
12   173.07    76.18    19.09     0.33
12   192.30    70.62    21.13     0.33
12   198.17    74.22    21.13     0.33
12   205.99    78.79    21.13     0.33
12   215.11   135.68    21.13     0.33
12   222.28   141.57    21.13     0.33
12   222.28   128.49    28.63     0.33
12   111.14    90.24    25.30     0.33
12   114.40    93.51    24.09     0.33
12    90.61    88.93    33.86     0.33
12    31.29   158.89    35.53     0.33
12   100.71   187.99    29.92     0.33
12   198.82   195.19    51.81     0.33
12    15.64   122.60    56.36     0.33
12    10.43   143.53    58.93     0.33
12    14.01   152.36    54.31     0.33
12    10.10   118.35    88.78     0.33
12    45.30   206.96    95.07     0.33
12    24.77   138.95    95.07     0.33
12    27.38   159.22    89.01     0.33
12    25.10   149.74   104.84     0.33
12    14.34   151.70   125.74     0.33
12     6.52   181.45   120.67     0.33
12    18.25   197.47   120.67     0.33
12    22.16   191.92   120.67     0.33
12    29.01   188.97   120.67     0.33
12    30.31   196.82   120.67     0.33
12    23.14   203.03   121.50     0.33
12    23.14   196.82   128.62     0.33
12    50.19   196.49   131.65     0.33
12    39.44   196.17   141.58     0.33
12    44.33   187.34   138.17     0.33
12    55.73   185.38   148.47     0.33
12    72.03   191.59   140.90     0.33
12    66.49   210.88   129.91     0.33
12    67.79   217.42   139.76     0.33
12    74.31   227.55   140.90     0.33
12   101.69   208.59   141.88     0.33
12    48.89   206.96   147.71     0.33
12    56.71   219.71   118.47     0.33
12    81.48   206.30   118.17     0.33
12    63.23   182.76   116.96     0.33
12   142.43   192.24    52.04     0.33
12   177.96    81.08   112.41     0.33
12   174.37    80.43   103.78     0.33
12   171.44    74.54    93.32     0.33
12   190.34   207.28    80.07     0.33
12   205.66   186.69   106.13     0.33
12   207.94   176.22   110.14     0.33
12    55.08   102.01   129.00     0.33
12   115.71    85.66   130.74     0.33
12   146.99   159.88   120.37     0.33
12   182.19   110.18   146.80     0.33
12   176.00   133.72   156.27     0.33
12   170.46   143.86   166.12     0.33
12   118.31   131.10   166.12     0.33
12   122.88   123.91   166.95     0.33
12   123.85   113.78   166.95     0.33
12   127.11   118.03   166.95     0.33
12   137.54   117.70   172.56     0.33
12    45.30   142.55   171.73     0.33
12    47.91   152.03   171.73     0.33
12    39.76   171.97   175.82     0.33
12    50.52   168.70   179.15     0.33
12    80.18   159.22   179.98     0.33
12   134.61   157.26   179.98     0.33
12   129.39   160.20   180.89     0.33
12   130.05   167.07   180.97     0.33
12    61.93   191.59   168.70     0.33
12    75.94   191.59   166.95     0.33
12    39.44   187.01   166.95     0.33
12    32.27   190.28   165.13     0.33
12    28.36   175.57   156.27     0.33
12    64.53   210.55   155.44     0.33
12    16.30   156.61   155.44     0.33
12    28.36   136.01   154.53     0.33
12    46.28   117.70   154.53     0.33
12   132.33   101.68   154.53     0.33
12   108.53   118.35   153.92     0.33
12   109.51   131.43   161.57     0.33
12    34.22   166.74   134.68     0.33
12    37.81   156.61   144.61     0.33
12   177.31   201.40   131.73     0.33
12   169.16   131.76   171.50     0.33
12    35.53   178.18   148.70     0.33
12    19.88   174.59   148.24     0.33
12    14.67   111.49   106.28     0.33
12     8.80   130.45    98.70     0.33
12   106.58   227.55    98.40     0.33
12    68.77   221.34   112.11     0.33
12    93.22   220.36    94.99     0.33
12    74.96   206.96   117.94     0.33
12   150.91   119.33    -0.15     0.33
12   171.44    80.43    -0.15     0.33
12   197.51    79.45     0.61     0.33
12   113.42    94.16     0.61     0.33
12    95.82    96.12     0.61     0.33
12    78.88   111.16     0.61     0.33
