11   112.72    72.58     0.00     0.33
11   103.59    74.55     0.00     0.33
11   146.61    72.58     0.00     0.33
11   136.18    85.99     0.00     0.33
11   122.17    85.34     0.00     0.33
11   103.92    86.64     0.00     0.33
11    91.53    79.78     0.00     0.33
11    75.89    92.86     0.00     0.33
11    69.70    85.99     0.00     0.33
11    59.59    94.16     0.00     0.33
11    63.83   101.36     0.00     0.33
11    42.32   107.24     0.00     0.33
11    42.64   122.61     0.00     0.33
11    56.33   113.78     0.00     0.33
11    14.94   154.97     0.00     0.33
11    40.04   155.30     0.00     0.33
11    14.29   169.03     0.00     0.33
11     7.77   163.48     0.00     0.33
11    21.78   119.99     0.00     0.33
11    24.39   131.43     0.00     0.33
11    43.62   189.96     0.00     0.33
11    46.23   205.65     0.00     0.33
11    34.49   209.90     0.00     0.33
11    33.84   189.30     0.00     0.33
11    46.23   169.03     0.00     0.33
11    63.18   197.15     0.00     0.33
11    66.11   206.30     0.00     0.33
11    91.21   221.67     0.00     0.33
11    77.84   215.46     0.00     0.33
11   175.30   151.71     0.00     0.33
11   198.76   136.01     0.00     0.33
11   183.44   122.28     0.00     0.33
11   169.76   111.82     0.00     0.33
11   169.10    94.16     0.00     0.33
11   177.58    85.66     0.00     0.33
11   161.61    79.12     0.00     0.33
11   147.59    86.97     0.00     0.33
11   154.76    96.12     0.00     0.33
11   156.72   107.57     0.00     0.33
11   138.79   102.99     0.00     0.33
11   125.43    96.45     0.00     0.33
11   142.38   117.38     0.00     0.33
11   135.21   122.61     0.00     0.33
11   160.63   123.92     0.00     0.33
11   151.50   138.95     0.00     0.33
11   147.27   148.11     0.00     0.33
11   159.98   161.19     0.00     0.33
11   174.64   133.72     0.00     0.33
11   164.54   146.80     0.00     0.33
11   191.59   112.80     0.00     0.33
11   182.47   103.32     0.00     0.33
11   166.50   176.23     0.00     0.33
11   149.87   187.67     0.00     0.33
11   147.92   177.86     0.00     0.33
11   128.69   188.98     0.00     0.33
11   133.90   172.96     0.00     0.33
11   138.47   162.82     0.00     0.33
11   113.37   181.46     0.00     0.33
11   113.37   193.55     0.00     0.33
11   123.80   156.94     0.00     0.33
11   134.56   140.26     0.00     0.33
11   146.29   127.18     0.00     0.33
11   123.80   111.49     0.00     0.33
11   123.15   130.45     0.00     0.33
11   113.04   103.97     0.00     0.33
11    99.03    99.39     0.00     0.33
11    88.27   103.97     0.00     0.33
11    74.91   109.86     0.00     0.33
11   106.85   113.78     0.00     0.33
11   106.85   129.47     0.00     0.33
11   115.00   144.84     0.00     0.33
11    87.62   120.32     0.00     0.33
11    96.75   140.92     0.00     0.33
11   110.44   164.46     0.00     0.33
11    99.68   173.61     0.00     0.33
11    97.73   193.55     0.00     0.33
11    72.95   131.43     0.00     0.33
11    85.01   148.44     0.00     0.33
11    57.64   129.47     0.00     0.33
11    51.77   143.53     0.00     0.33
11    59.27   161.19     0.00     0.33
11    68.39   149.09     0.00     0.33
11    80.45   164.13     0.00     0.33
11    63.83   174.92     0.00     0.33
11    56.98   186.03     0.00     0.33
11    77.19   185.38     0.00     0.33
11   100.01   156.94     0.00     0.33
11    79.47   200.42     0.00     0.33
11    90.23   208.92     0.00     0.33
11   101.96   214.15     0.00     0.33
11   140.75   205.98     0.00     0.33
11   128.04   220.04     0.00     0.33
11   137.49   185.05     0.00     0.33
11   160.63   190.94     0.00     0.33
11   160.30   203.69     0.00     0.33
11   173.67   164.46     0.00     0.33
11   187.03   150.07     0.00     0.33
11   183.44   137.97     0.00     0.33
11   199.74   121.95     0.00     0.33
11   189.64    94.16     0.00     0.33
11    86.97   179.50     0.00     0.33
11    33.84   177.21     0.00     0.33
11    27.32   163.48     0.00     0.33
11    27.32   146.47     0.00     0.33
11    10.70   142.22     0.00     0.33
11    37.75   136.01     0.00     0.33
11    30.91   116.40     0.00     0.33
11    88.60    92.86     0.00     0.33
11    58.94   216.44     0.00     0.33
11    20.15   181.13     0.00     0.33
11    23.09   195.52     0.00     0.33
11    24.06   206.63     0.00     0.33
11    97.73   227.23     0.00     0.33
11   108.81   222.65     0.00     0.33
11    47.86   100.38     0.00     0.33
11   186.70   167.73     0.00     0.33
11   177.58   180.15     0.00     0.33
11   172.69   190.94     0.00     0.33
11   134.88   151.38     6.21     0.33
11   148.24   165.11     6.21     0.33
11   156.07   173.61     6.21     0.33
11   155.41   149.74     6.21     0.33
11   161.93   136.67     6.21     0.33
11   168.13   122.93     6.21     0.33
11   150.20   118.68     7.12     0.33
11   146.94   103.97     7.12     0.33
11   133.58   110.18     7.12     0.33
11   110.44    95.14     7.12     0.33
11   138.14    94.49     7.12     0.33
11   135.86    77.16     7.12     0.33
11   157.37    85.34     7.12     0.33
11   166.50   101.36     7.12     0.33
11   179.86   112.47     7.12     0.33
11   195.50   105.93     7.12     0.33
11   191.59   129.15     7.12     0.33
11   197.13   150.40     7.12     0.33
11   118.91   122.61     7.12     0.33
11   124.45   145.17     7.12     0.33
11   134.56   131.11     7.12     0.33
11    98.05   122.93     7.12     0.33
11    97.07   110.18     7.12     0.33
11    71.65   121.30     7.12     0.33
11    63.50   109.86     7.12     0.33
11    70.35   101.68     7.12     0.33
11    79.80    84.03     7.12     0.33
11    44.60   113.13     7.12     0.33
11    60.89   119.66     7.12     0.33
11    48.51   132.09     7.12     0.33
11    62.85   137.65     7.12     0.33
11    79.15   138.63     7.12     0.33
11    85.99   131.43     7.12     0.33
11   103.59   147.78     7.12     0.33
11   123.80   168.38     7.12     0.33
11   124.78   177.86     7.12     0.33
11   138.47   193.88     7.12     0.33
11   147.59   199.44     7.12     0.33
11   104.90   204.67     7.12     0.33
11   102.61   186.36     7.12     0.33
11    84.69   188.32     7.12     0.33
11    88.92   198.13     7.12     0.33
11    65.78   188.00     7.12     0.33
11    70.67   177.86     7.12     0.33
11    88.92   166.42     7.12     0.33
11    87.62   157.59     7.12     0.33
11    70.35   161.84     7.12     0.33
11    52.42   176.23     7.12     0.33
11    44.27   180.80     7.12     0.33
11    51.77   195.84     7.12     0.33
11    38.41   199.11     7.12     0.33
11    39.71   217.75     7.12     0.33
11    48.84   212.52     7.12     0.33
11    77.52   222.33     7.95     0.33
11    48.84   153.67     7.95     0.33
11    34.17   164.13     7.95     0.33
11    38.73   145.49     7.95     0.33
11    18.20   157.59     7.95     0.33
11    17.87   136.99     7.95     0.33
11    77.19   100.38     7.95     0.33
11   111.74    83.05     7.95     0.33
11   115.98   134.38     7.95     0.33
11    77.52   172.63    10.45     0.33
11    73.93   153.34    10.45     0.33
11    57.64   149.74    10.45     0.33
11   112.07   155.96    10.45     0.33
11   145.64   157.92    10.45     0.33
11   180.84   157.92    10.45     0.33
11   173.01   140.92    10.45     0.33
11   174.64   119.66    11.29     0.33
11   175.30   101.36    11.29     0.33
11   145.64    93.84    11.29     0.33
11    96.42   131.43    11.29     0.33
11   128.04   102.66    11.29     0.33
11    80.78   113.45    11.29     0.33
11    77.84   124.24    11.29     0.33
11    30.26   155.63    12.20     0.33
11    50.14   161.19    12.20     0.33
11   118.91   187.67    12.20     0.33
11   111.09   172.96    12.20     0.33
11   166.82   158.24    13.03     0.33
11   105.22   139.28    13.03     0.33
11   109.78   119.34    13.03     0.33
11   160.30   115.41    13.03     0.33
11    50.47   122.28    13.03     0.33
11    53.07   105.61    13.86     0.33
11    33.52   127.51    13.86     0.33
11    24.72   171.65    14.70     0.33
11    60.89    99.39    15.60     0.33
11    47.53    96.78    15.60     0.33
11    37.10   108.88    16.51     0.33
11    39.38   120.97    16.51     0.33
11    20.48   117.38    16.51     0.33
11    30.26   145.17    17.35     0.33
11     8.09   154.65    17.35     0.33
11    35.47   184.07    17.35     0.33
11    42.97   167.07    17.35     0.33
11    41.34   153.67    18.18     0.33
11    89.90   101.68    18.18     0.33
11    99.35    97.11    18.18     0.33
11    95.44    84.35    18.18     0.33
11   122.50    87.95    18.18     0.33
11   133.90    87.95    18.18     0.33
11   115.98    72.91    18.18     0.33
11   139.44    82.07    18.18     0.33
11   145.96    71.93    18.18     0.33
11    85.99    91.22    18.18     0.33
11    98.05    74.87    18.18     0.33
11   173.34    88.61    18.18     0.33
11   185.07    78.47    18.18     0.33
11   189.31    90.89    18.18     0.33
11   202.02   119.99    18.18     0.33
11   202.67   136.01    18.18     0.33
11   188.66   141.24    18.18     0.33
11   181.49   148.44    19.01     0.33
11   166.17   148.11    19.01     0.33
11   145.96   128.17    19.01     0.33
11   139.12   138.95    19.01     0.33
11   177.25   130.45    19.92     0.33
11   187.68   119.34    19.92     0.33
11   154.76    97.76    19.92     0.33
11   138.79   115.09    19.92     0.33
11   130.64   118.68    19.92     0.33
11   116.63   111.49    21.13     0.33
11   105.55   106.26    21.13     0.33
11    72.30    92.86    21.13     0.33
11    60.57   165.44    21.13     0.33
11    49.81   189.30    21.13     0.33
11    66.76   200.75    21.13     0.33
11    65.13   212.84    21.13     0.33
11    91.21   222.98    21.13     0.33
11   104.90   219.71    21.13     0.33
11    99.68   161.51    21.13     0.33
11   100.66   175.57    21.13     0.33
11    83.71   178.51    21.13     0.33
11   116.63   196.17    21.13     0.33
11   109.46   182.11    21.13     0.33
11   140.42   180.80    21.13     0.33
11   129.99   185.71    21.13     0.33
11   159.65   186.69    21.13     0.33
11   158.02   196.82    21.13     0.33
11   167.15   196.17    21.13     0.33
11   166.82   175.90    21.13     0.33
11   165.19   165.76    21.13     0.33
11   194.20   161.19    21.13     0.33
11   149.87   137.32    21.13     0.33
11   134.88   162.49    21.13     0.33
11   123.15   154.32    21.13     0.33
11   162.91    73.57    21.13     0.33
11   202.02    95.14    21.13     0.33
11   207.89   112.47    21.13     0.33
11   206.91   148.44    21.13     0.33
11    89.58   146.15    21.13     0.33
11    76.87   203.36    21.13     0.33
11    88.27   210.56    21.13     0.33
11   139.77   213.82    21.13     0.33
11   130.32   221.67    21.13     0.33
11    23.41   188.32    22.04     0.33
11   150.53   168.38    22.04     0.33
11   150.20   183.42    22.04     0.33
11   161.93   132.42    22.04     0.33
11   152.16   149.74    22.04     0.33
11    62.20   115.09    22.95     0.33
11    68.39   135.68    22.95     0.33
11    53.72   134.05    22.95     0.33
11    51.77   174.92    22.95     0.33
11    68.07   182.44    22.95     0.33
11    82.41   189.63    22.95     0.33
11    99.68   194.86    22.95     0.33
11    41.67   201.73    22.95     0.33
11    47.86   213.82    22.95     0.33
11    35.47   218.73    22.95     0.33
11     4.84   166.74    22.95     0.33
11    81.43    80.76    22.95     0.33
11   141.07   102.01    22.95     0.33
11   150.53    84.03    22.95     0.33
11   186.70   106.91    22.95     0.33
11   127.71   132.74    22.95     0.33
11   126.41   173.28    22.95     0.33
11   140.42   199.11    22.95     0.33
11    85.67   163.48    22.95     0.33
11    55.68   200.09    22.95     0.33
11   114.02   217.75    22.95     0.33
11    93.49   117.38    22.95     0.33
11    10.38   177.21    22.95     0.33
11     9.72   186.36    22.95     0.33
11    27.32   205.32    22.95     0.33
11    83.06   136.67    22.95     0.33
11   163.56    86.64    22.95     0.33
11   165.84   105.28    22.95     0.33
11   113.37    97.43    22.95     0.33
11   128.04    77.49    22.95     0.33
11    39.38   134.05    22.95     0.33
11     5.81   142.55    22.95     0.33
11   100.33   206.96    22.95     0.33
11   174.97   186.69    22.95     0.33
11   202.02   155.30    22.95     0.33
11   211.15   140.92    22.95     0.33
11   210.82   131.76    22.95     0.33
11   191.59   128.17    22.95     0.33
11    48.84   144.84    25.60     0.33
11    62.20   146.80    25.60     0.33
11    73.28   159.55    25.60     0.33
11    73.93   149.42    25.60     0.33
11   110.44   150.07    25.60     0.33
11   117.93   138.95    25.60     0.33
11   140.75   151.05    25.60     0.33
11   183.44   157.59    25.60     0.33
11   114.67   206.63    25.60     0.33
11   126.41   199.77    25.60     0.33
11   158.35   211.21    25.60     0.33
11    80.12   221.34    25.60     0.33
11    73.61   212.52    25.60     0.33
11   107.83    86.97    25.60     0.33
11    17.87   153.67    25.60     0.33
11    21.13   126.20    25.60     0.33
11    70.35    83.70    25.60     0.33
11   176.60    73.24    26.51     0.33
11   128.04   103.64    26.51     0.33
11    73.28   107.57    26.51     0.33
11    81.43   121.95    26.51     0.33
11    66.76   124.24    26.51     0.33
11   110.44   166.74    27.42     0.33
11    52.09   156.94    27.42     0.33
11    29.93   160.86    27.42     0.33
11    15.59   138.30    27.42     0.33
11    -1.68   160.86    27.42     0.33
11    62.85   189.96    27.42     0.33
11    34.49   194.21    27.42     0.33
11   173.99   118.03    27.42     0.33
11   198.11   103.64    27.42     0.33
11   179.86    99.72    27.42     0.33
11    95.12   128.49    27.42     0.33
11   103.59   136.99    28.33     0.33
11   103.59   117.38    28.33     0.33
11   114.67   125.88    28.33     0.33
11   151.83   118.68    28.33     0.33
11   153.13   105.93    28.33     0.33
11   173.67   159.55    28.33     0.33
11    84.36   110.18    28.33     0.33
11    50.79   117.70    28.33     0.33
11    52.75   108.88    30.07     0.33
11    15.92   164.78    30.07     0.33
11    29.28   172.96    30.07     0.33
11    72.95   172.30    30.07     0.33
11    37.43   119.34    32.27     0.33
11    45.58    94.82    32.27     0.33
11    33.52   108.55    32.27     0.33
11    20.81   117.05    32.27     0.33
11    43.62   107.57    32.27     0.33
11    65.78   102.01    32.27     0.33
11    59.59    94.49    32.27     0.33
11   193.87   175.57    33.10     0.33
11    28.95   149.42    33.10     0.33
11    25.69   140.59    33.10     0.33
11    40.36   165.44    33.10     0.33
11    37.43   183.42    33.10     0.33
11    99.35    99.72    34.01     0.33
11    85.67   101.03    34.01     0.33
11    89.25    87.95    34.01     0.33
11    99.03    86.32    34.01     0.33
11    94.14    75.20    34.01     0.33
11   115.65    73.57    34.01     0.33
11   115.98    84.03    34.01     0.33
11   136.18    84.03    34.01     0.33
11   143.68    77.82    34.01     0.33
11   134.88    95.47    34.01     0.33
11   180.84    89.26    34.01     0.33
11   192.57   147.78    34.01     0.33
11   202.02   125.88    34.01     0.33
11   191.27    80.43    34.01     0.33
11   188.01   137.65    34.01     0.33
11   123.15    92.86    34.01     0.33
11    38.41   151.05    34.01     0.33
11   132.60   143.53    34.85     0.33
11   140.10   129.47    34.85     0.33
11   163.56   146.47    34.85     0.33
11   179.86   148.44    34.85     0.33
11   144.66   163.15    34.85     0.33
11   136.51   173.94    34.85     0.33
11     7.44   157.26    34.85     0.33
11     2.23   151.05    34.85     0.33
11   138.79   113.45    35.68     0.33
11   127.38   118.68    35.68     0.33
11   174.64   130.78    35.68     0.33
11   170.73   142.55    35.68     0.33
11    89.25   145.82    36.66     0.33
11    96.10   163.80    36.66     0.33
11    79.15   176.88    36.66     0.33
11   110.11   178.84    36.66     0.33
11   117.61   191.27    36.66     0.33
11   133.58   183.42    36.66     0.33
11   158.02   196.82    36.66     0.33
11   168.78   196.82    36.66     0.33
11   171.06   177.86    36.66     0.33
11   168.13   168.05    36.66     0.33
11   190.29   119.66    36.66     0.33
11   209.52   117.05    36.66     0.33
11   200.07    89.59    36.66     0.33
11   153.79    92.53    36.66     0.33
11   161.93    75.53    36.66     0.33
11    74.26    92.86    36.66     0.33
11   113.04   107.57    36.66     0.33
11   124.78   152.36    36.66     0.33
11   130.97   163.15    36.66     0.33
11   161.61   185.05    36.66     0.33
11   160.96   156.28    36.66     0.33
11    88.60   226.58    37.72     0.33
11   137.81   214.15    37.72     0.33
11    94.79   181.46    37.72     0.33
11    68.72   197.48    37.72     0.33
11    60.57   213.17    37.72     0.33
11   142.05   177.53    37.72     0.33
11   150.53   176.88    37.72     0.33
11   142.70   185.05    37.72     0.33
11   162.91   128.49    37.72     0.33
11   150.85   137.65    37.72     0.33
11   152.48   157.26    37.72     0.33
11    61.87   167.40    37.72     0.33
11    45.58   187.34    37.72     0.33
11   -10.48   180.80    37.72     0.33
11    -2.99   137.97    37.72     0.33
11    85.67   202.38    37.72     0.33
11    95.77   218.40    37.72     0.33
11   102.29   224.29    37.72     0.33
11   207.24   107.24    37.72     0.33
11    34.17   129.47    39.47     0.33
11    46.23   133.07    39.47     0.33
11    60.89   136.99    39.47     0.33
11    80.12   135.36    39.47     0.33
11   101.31   194.86    39.47     0.33
11   112.39   216.77    39.47     0.33
11   208.54   138.95    39.47     0.33
11   202.67   157.92    39.47     0.33
11   195.83   165.76    39.47     0.33
11   176.93   191.59    39.47     0.33
11   182.79   109.86    39.47     0.33
11   164.21   108.55    39.47     0.33
11   164.87    96.45    39.47     0.33
11   164.87    83.70    39.47     0.33
11   127.71    70.62    39.47     0.33
11    79.80    78.14    39.47     0.33
11    84.69   165.44    39.47     0.33
11    52.42   178.19    39.47     0.33
11    43.29   203.69    39.47     0.33
11    41.01   218.07    39.47     0.33
11    15.59   186.03    39.47     0.33
11    13.96   174.26    40.75     0.33
11    70.67   153.01    40.75     0.33
11   118.58   140.59    40.75     0.33
11   108.81   153.01    40.75     0.33
11   139.44   201.40    40.75     0.33
11   120.87   205.65    40.75     0.33
11    79.15   214.81    40.75     0.33
11    81.43   186.36    40.75     0.33
11    -1.03   183.42    40.75     0.33
11     7.12   187.67    40.75     0.33
11     1.90   168.38    40.75     0.33
11    67.41    83.70    40.75     0.33
11   127.06    82.72    40.75     0.33
11   194.20    72.58    40.75     0.33
11   109.78    98.09    40.75     0.33
11    79.80   154.32    40.75     0.33
11    51.44   144.19    40.75     0.33
11    63.50   111.82    40.75     0.33
11   143.03   149.42    40.75     0.33
11    77.84   119.01    41.59     0.33
11    67.41   120.32    41.59     0.33
11    69.37   134.05    41.59     0.33
11   125.10   108.55    41.59     0.33
11   144.98    90.24    41.59     0.33
11   122.50   172.96    41.59     0.33
11   125.10   191.92    41.59     0.33
11   107.50   205.98    41.59     0.33
11    96.10   207.61    41.59     0.33
11    67.09   207.61    41.59     0.33
11    52.42   193.23    41.59     0.33
11    29.93   200.42    41.59     0.33
11    26.35   186.03    41.59     0.33
11    18.85   150.40    41.59     0.33
11     7.44   130.13    41.59     0.33
11    26.67   127.84    41.59     0.33
11   179.86    77.82    41.59     0.33
11   188.33    94.16    41.59     0.33
11   185.40   160.86    42.42     0.33
11   146.94   194.21    42.42     0.33
11   154.11   182.76    42.42     0.33
11    66.44   222.65    42.42     0.33
11   -10.81   168.05    43.25     0.33
11    16.89   205.65    43.25     0.33
11    19.18   192.90    43.25     0.33
11    50.14   158.24    43.25     0.33
11    64.81   186.36    43.25     0.33
11   108.15   167.73    43.25     0.33
11    89.25   126.20    43.25     0.33
11    93.81   111.16    43.25     0.33
11   172.04   116.40    43.25     0.33
11   196.16   105.61    43.25     0.33
11   150.53   122.61    44.09     0.33
11   147.92   104.95    44.09     0.33
11   115.33   124.57    44.09     0.33
11   103.92   114.76    44.09     0.33
11    96.10   131.11    44.09     0.33
11   102.29   141.57    44.09     0.33
11   203.33   148.44    44.09     0.33
11    50.47   213.50    44.92     0.33
11    10.70   139.61    44.92     0.33
11    26.35   160.86    45.83     0.33
11    26.02   173.94    45.83     0.33
11    55.03   123.92    45.83     0.33
11    51.12   110.51    45.83     0.33
11    64.81   103.32    47.65     0.33
11    48.18    93.18    47.65     0.33
11    29.61   104.30    48.48     0.33
11    41.01   108.88    48.48     0.33
11    43.95   120.97    48.48     0.33
11    18.20   119.99    48.48     0.33
11    26.35   138.63    48.48     0.33
11    39.06   165.11    48.48     0.33
11    37.75   179.17    48.48     0.33
11    61.87    93.18    48.48     0.33
11   175.62   101.68    48.48     0.33
11   185.40   128.82    48.48     0.33
11   183.44   175.57    48.48     0.33
11   174.97   159.55    48.48     0.33
11   149.55   205.65    48.48     0.33
11   131.62    96.12    49.39     0.33
11   143.68    76.18    49.39     0.33
11   110.44    78.14    49.39     0.33
11   103.92    88.28    49.39     0.33
11   100.33   101.68    49.39     0.33
11    92.51    95.47    49.39     0.33
11    91.53    80.76    49.39     0.33
11    82.41    99.39    49.39     0.33
11    74.26   108.88    49.39     0.33
11   128.69   132.74    49.39     0.33
11   185.07   139.28    49.39     0.33
11   193.87   146.47    49.39     0.33
11   216.36   143.20    49.39     0.33
11   200.72   126.53    49.39     0.33
11   193.55   134.05    49.39     0.33
11    35.15   153.34    49.39     0.33
11    37.43   142.55    49.39     0.33
11   117.93    93.51    49.39     0.33
11    73.61   166.09    49.39     0.33
11   178.23   148.76    50.22     0.33
11   194.20   152.36    50.22     0.33
11   141.07   160.86    50.22     0.33
11   131.62   170.99    50.22     0.33
11   130.97   143.20    50.22     0.33
11   139.44   133.40    50.22     0.33
11   159.65   144.19    50.22     0.33
11     5.49   156.94    50.22     0.33
11     1.90   147.78    50.22     0.33
11    30.91   117.70    50.22     0.33
11   111.41    68.99    50.22     0.33
11   175.30   138.63    51.06     0.33
11   174.97   128.17    51.06     0.33
11   161.28   117.70    51.06     0.33
11   130.97   120.97    51.06     0.33
11   137.16   108.55    51.06     0.33
11    42.97    99.07    51.06     0.33
11   180.84    68.66    51.06     0.33
11   206.91    93.18    51.06     0.33
11    59.27   199.44    51.89     0.33
11    72.95   173.61    51.89     0.33
11    92.84   139.94    51.89     0.33
11    97.07   153.34    51.89     0.33
11   108.48   181.13    51.89     0.33
11   114.02   193.55    51.89     0.33
11   130.32   179.17    51.89     0.33
11   160.30   194.53    51.89     0.33
11   171.06   183.75    51.89     0.33
11   167.47   168.05    51.89     0.33
11   125.76   153.99    51.89     0.33
11   114.35   107.89    51.89     0.33
11    75.24    86.64    51.89     0.33
11    73.93    99.39    51.89     0.33
11    63.50   145.49    51.89     0.33
11    57.96   153.67    51.89     0.33
11    46.88   170.67    51.89     0.33
11    15.26   162.82    51.89     0.33
11   160.96   132.09    52.80     0.33
11   151.83   160.21    52.80     0.33
11   143.68   175.57    52.80     0.33
11   147.92   138.30    52.80     0.33
11   190.62   117.70    52.80     0.33
11   207.89   110.18    52.80     0.33
11   210.82   121.30    52.80     0.33
11   168.13   150.72    52.80     0.33
11   163.56   160.21    52.80     0.33
11   134.56   190.94    52.80     0.33
11   125.76   202.38    52.80     0.33
11   102.29   216.44    52.80     0.33
11    88.60   222.98    52.80     0.33
11    78.17   201.40    52.80     0.33
11    96.10   170.34    52.80     0.33
11    93.16   185.05    52.80     0.33
11    62.20   163.48    52.80     0.33
11    58.94   172.63    52.80     0.33
11    44.60   186.69    52.80     0.33
11    34.82   192.90    52.80     0.33
11    32.21   210.88    52.80     0.33
11    32.21   222.98    52.80     0.33
11    55.03    82.39    52.80     0.33
11   158.67    74.87    52.80     0.33
11   155.41    91.55    52.80     0.33
11   175.95    89.26    52.80     0.33
11   131.62   213.17    52.80     0.33
11   153.79   168.71    52.80     0.33
11    67.41   116.07    56.96     0.33
11    71.00   136.01    56.96     0.33
11    78.50   124.90    56.96     0.33
11    81.75   138.30    56.96     0.33
11    73.93   153.67    56.96     0.33
11    86.97   154.32    56.96     0.33
11    85.01   168.05    56.96     0.33
11    77.19   183.42    56.96     0.33
11   100.98   193.23    56.96     0.33
11   111.41   205.98    56.96     0.33
11    94.47   203.69    56.96     0.33
11    80.78   210.56    56.96     0.33
11    69.70   211.54    56.96     0.33
11    43.95   200.09    56.96     0.33
11    44.60   224.94    56.96     0.33
11    29.28   202.71    56.96     0.33
11    15.59   180.15    56.96     0.33
11    12.01   190.61    56.96     0.33
11    -3.97   186.03    56.96     0.33
11   -14.72   182.11    56.96     0.33
11     0.27   165.76    56.96     0.33
11     9.72   173.28    56.96     0.33
11    16.57   151.71    56.96     0.33
11    26.35   147.78    56.96     0.33
11    45.90   147.13    56.96     0.33
11    59.59   136.67    56.96     0.33
11    42.64   131.43    56.96     0.33
11    27.00   131.11    56.96     0.33
11     4.51   130.13    56.96     0.33
11     6.46   115.74    56.96     0.33
11   123.80    78.14    56.96     0.33
11   135.53    87.30    56.96     0.33
11   143.03    94.49    56.96     0.33
11   158.35   104.30    56.96     0.33
11   163.56    85.01    56.96     0.33
11   186.05   103.97    56.96     0.33
11   187.68    83.37    56.96     0.33
11   173.34    78.47    56.96     0.33
11   201.04   167.40    56.96     0.33
11   111.74   150.72    56.96     0.33
11   112.72   136.34    56.96     0.33
11   102.94   125.22    56.96     0.33
11   120.21   172.96    56.96     0.33
11   144.66   149.74    57.80     0.33
11   144.33   194.21    57.80     0.33
11   157.04   185.71    57.80     0.33
11   180.51   165.76    57.80     0.33
11   173.01   191.92    57.80     0.33
11   210.82   137.65    57.80     0.33
11   165.52    98.41    57.80     0.33
11   127.71    83.05    57.80     0.33
11    81.75    76.18    57.80     0.33
11    52.42   181.78    58.63     0.33
11    62.52   183.42    58.63     0.33
11    82.73   189.30    58.63     0.33
11   108.81   164.13    58.63     0.33
11    95.44   161.51    58.63     0.33
11    85.67   112.47    58.63     0.33
11    64.81   218.73    58.63     0.33
11    65.78   192.25    58.63     0.33
11    21.46   189.30    58.63     0.33
11   -14.72   170.34    58.63     0.33
11   -10.81   154.97    58.63     0.33
11    36.78    92.53    58.63     0.33
11    67.41    76.84    58.63     0.33
11   130.32    67.68    58.63     0.33
11   196.16   102.66    58.63     0.33
11   199.74   114.76    58.63     0.33
11    64.81    99.72    66.89     0.33
11   111.09    91.87    66.89     0.33
11   146.61    75.53    66.89     0.33
11   149.22    87.62    66.89     0.33
11   147.59   125.88    66.89     0.33
11   129.99   121.30    66.89     0.33
11   139.44   130.45    66.89     0.33
11   176.93   125.88    66.89     0.33
11   187.03   134.70    66.89     0.33
11   193.55   147.45    66.89     0.33
11   206.91    96.12    66.89     0.33
11   167.15   121.95    66.89     0.33
11   179.53   143.86    66.89     0.33
11   172.04   109.86    66.89     0.33
11   134.88   105.93    66.89     0.33
11   123.47   141.90    66.89     0.33
11   135.86   167.40    66.89     0.33
11   156.72   148.11    66.89     0.33
11   166.17   138.95    66.89     0.33
11   200.72   152.69    66.89     0.33
11   207.56   149.42    66.89     0.33
11    30.58   167.73    67.80     0.33
11    33.84   182.11    65.90     0.33
11    25.04   175.90    65.90     0.33
11    48.18   159.88    66.96     0.33
11     2.55   149.09    66.96     0.33
11     3.86   156.94    66.96     0.33
11    42.64   172.30    66.96     0.33
11    38.73   156.61    66.96     0.33
11    51.12   190.94    66.96     0.33
11    55.03   199.11    66.96     0.33
11    39.71   214.15    66.96     0.33
11    50.47   216.77    66.96     0.33
11    77.84   226.25    66.96     0.33
11   121.19   211.21    66.96     0.33
11   116.95   200.09    66.96     0.33
11   110.44   184.40    66.96     0.33
11   134.23   177.86    66.96     0.33
11   161.93   196.82    66.96     0.33
11   176.93   186.36    66.96     0.33
11   170.08   173.61    66.96     0.33
11   120.87   103.64    66.96     0.33
11   102.61   108.55    66.96     0.33
11   121.52   118.03    66.96     0.33
11    97.40    95.80    66.96     0.33
11    94.47   135.03    66.96     0.33
11    93.49   143.20    66.96     0.33
11   129.01   150.07    67.80     0.33
11   138.14   158.24    67.80     0.33
11   141.73   116.72    67.80     0.33
11   147.27   107.89    67.80     0.33
11   155.74   121.63    67.80     0.33
11   177.58   156.94    67.80     0.33
11   199.09   134.70    67.80     0.33
11   179.21   114.11    67.80     0.33
11   176.60    98.74    67.80     0.33
11   188.33    93.84    67.80     0.33
11   187.68   158.24    67.80     0.33
11   186.05   175.57    67.80     0.33
11   123.80    92.20    67.80     0.33
11   109.13    77.16    67.80     0.33
11   102.61    84.68    67.80     0.33
11    90.55    79.45    67.80     0.33
11    86.97    91.22    67.80     0.33
11    87.95   103.32    67.80     0.33
11    69.37    85.34    67.80     0.33
11    48.18    94.16    67.80     0.33
11    42.64   101.68    67.80     0.33
11    43.95   117.38    67.80     0.33
11    56.33   108.55    67.80     0.33
11    76.21   105.61    67.80     0.33
11    77.19    92.86    67.80     0.33
11    92.51   119.99    67.80     0.33
11   116.63   126.53    67.80     0.33
11   128.36   132.09    67.80     0.33
11   138.14   139.61    67.80     0.33
11   121.52   157.92    67.80     0.33
11   122.50   184.40    67.80     0.33
11   110.76   193.23    67.80     0.33
11   166.82   169.36    67.80     0.33
11   158.35   177.21    67.80     0.33
11    57.96   153.01    67.80     0.33
11    65.78   148.11    67.80     0.33
11    73.93   167.07    67.80     0.33
11    70.02   175.57    67.80     0.33
11    64.15   204.34    67.80     0.33
11    52.75   207.29    67.80     0.33
11    44.27   207.29    67.80     0.33
11    61.55   122.93    67.80     0.33
11    29.28   102.99    67.80     0.33
11    15.26   116.72    67.80     0.33
11    30.58   122.28    67.80     0.33
11    14.29   135.03    67.80     0.33
11     9.40   141.57    67.80     0.33
11    38.41   142.88    67.80     0.33
11    25.37   157.92    67.80     0.33
11    11.68   165.44    67.80     0.33
11    -7.88   174.59    67.80     0.33
11     1.25   180.80    67.80     0.33
11    19.18   200.75    67.80     0.33
11    17.22   210.56    67.80     0.33
11     4.51   203.04    67.80     0.33
11    -6.57   144.19    67.80     0.33
11    39.38   109.86    67.80     0.33
11    26.67   110.84    67.80     0.33
11    59.92    91.22    67.80     0.33
11   113.37   110.51    67.80     0.33
11   104.90   175.90    67.80     0.33
11   103.59   143.53    67.80     0.33
11   135.21    75.20    67.80     0.33
11   146.61   184.07    67.80     0.33
11   152.81   203.69    67.80     0.33
11   102.94   225.59    67.80     0.33
11    65.78   228.21    67.80     0.33
11    56.98   224.29    67.80     0.33
11    59.92   211.21    67.80     0.33
11    51.77   129.15    67.80     0.33
11    49.49   141.57    67.80     0.33
11    18.85   127.18    67.80     0.33
11   119.24    72.26    67.80     0.33
11   180.84    71.60    67.80     0.33
11    16.89   106.91    67.80     0.33
11     1.25   191.59    67.80     0.33
11    -3.31   135.68    67.80     0.33
11   -12.11   194.53    67.80     0.33
11    83.06   177.86    67.80     0.33
11    60.24   164.46    68.63     0.33
11    55.03   172.96    68.63     0.33
11    38.73   187.34    68.63     0.33
11    30.91   192.57    68.63     0.33
11    94.14   176.23    68.63     0.33
11    91.53   184.73    68.63     0.33
11    78.17   202.71    68.63     0.33
11   125.76   205.00    68.63     0.33
11   153.79   158.90    68.63     0.33
11   142.05   177.21    68.63     0.33
11   167.47   159.88    68.63     0.33
11   170.08   148.44    68.63     0.33
11   161.61   127.84    68.63     0.33
11   150.20   131.76    68.63     0.33
11   145.64   139.28    68.63     0.33
11   161.93   112.80    68.63     0.33
11   174.64   134.05    68.63     0.33
11   187.36   123.59    68.63     0.33
11   206.59   114.43    68.63     0.33
11   204.96   104.30    68.63     0.33
11   208.87   124.90    68.63     0.33
11   200.72   143.86    68.63     0.33
11   214.41   107.24    68.63     0.33
11   175.62    89.59    68.63     0.33
11   154.11    95.47    68.63     0.33
11   160.96    73.89    68.63     0.33
11   114.67    84.03    68.63     0.33
11   127.06   195.19    68.63     0.33
11   136.84   186.36    68.63     0.33
11   134.23   206.30    68.63     0.33
11   144.33   166.74    69.46     0.33
11   155.41   168.38    69.46     0.33
11   157.37   136.67    69.46     0.33
11   164.54   182.11    69.46     0.33
11   165.52   199.44    69.46     0.33
11   104.57   211.86    69.46     0.33
11    88.60   227.23    69.46     0.33
11    88.60   213.17    69.46     0.33
11    87.95   197.80    69.46     0.33
11    29.28   213.50    69.46     0.33
11    29.93   226.25    69.46     0.33
11   213.76   144.51    69.46     0.33
11   178.23   175.90    69.46     0.33
11   128.04   215.13    69.46     0.33
11    56.01    83.05    69.46     0.33
11   108.48    70.30    69.46     0.33
11    88.60    72.91    69.46     0.33
11   141.40    69.64    69.46     0.33
11   190.94   168.05    69.46     0.33
11   195.18   160.21    69.46     0.33
11   208.87   158.24    69.46     0.33
11   197.46    86.64    73.70     0.33
11   181.81    86.64    73.70     0.33
11   183.44    99.72    73.70     0.33
11   192.90   107.57    73.70     0.33
11   199.09   114.43    73.70     0.33
11   144.66    92.53    76.05     0.33
11   142.38    99.07    76.05     0.33
11   125.43    76.18    76.05     0.33
11   123.15    85.34    76.05     0.33
11   169.10    82.72    76.05     0.33
11   163.89    93.84    76.05     0.33
11   104.24   122.61    76.05     0.33
11    68.07   121.95    76.05     0.33
11    71.65   110.84    76.05     0.33
11    63.18   113.13    76.05     0.33
11    72.30    97.43    76.05     0.33
11    56.98    96.78    76.05     0.33
11    92.84   166.74    76.05     0.33
11    78.82   191.59    76.05     0.33
11    63.18   185.05    76.05     0.33
11    58.29   190.94    76.05     0.33
11    41.99   178.51    76.05     0.33
11    39.71   197.48    76.05     0.33
11    28.30   198.46    76.05     0.33
11    20.15   190.61    76.05     0.33
11     8.75   188.65    76.05     0.33
11    -7.88   188.32    76.05     0.33
11   -15.37   183.75    76.05     0.33
11   -10.81   168.71    76.05     0.33
11   -13.42   154.65    76.05     0.33
11    -3.64   155.63    76.05     0.33
11     3.21   134.70    76.05     0.33
11     8.09   119.01    76.05     0.33
11     2.55   115.09    76.05     0.33
11    78.50    77.82    76.05     0.33
11    70.02    79.12    76.05     0.33
11    70.35   129.15    76.05     0.33
11    63.18   139.61    76.05     0.33
11    57.96   131.11    76.05     0.33
11   110.44   102.99    76.05     0.33
11   166.17   103.64    77.72     0.33
11   157.04   104.95    77.72     0.33
11   149.87   113.78    77.72     0.33
11   158.02    82.72    77.72     0.33
11   170.41    69.64    77.72     0.33
11   188.01    82.72    77.72     0.33
11   184.75    64.74    77.72     0.33
11   139.44    85.66    77.72     0.33
11   133.25    94.49    77.72     0.33
11   127.38   109.53    77.72     0.33
11   111.41   160.86    77.72     0.33
11   115.33   189.63    77.72     0.33
11   138.79   196.50    77.72     0.33
11   147.59   189.96    77.72     0.33
11   168.78   191.27    77.72     0.33
11   111.41   205.32    77.72     0.33
11   102.94   195.19    77.72     0.33
11    71.65   208.92    77.72     0.33
11    17.55   146.47    77.72     0.33
11    28.95   149.42    77.72     0.33
11    42.64   152.03    79.76     0.33
11    57.31   144.19    79.76     0.33
11    49.81   120.65    79.76     0.33
11    36.78   124.57    79.76     0.33
11    39.38   134.05    79.76     0.33
11    26.35   133.72    79.76     0.33
11    14.61   157.26    79.76     0.33
11     7.77   174.26    79.76     0.33
11    17.22   181.78    79.76     0.33
11    33.84   175.25    79.76     0.33
11    48.51   198.79    79.76     0.33
11    53.40   183.42    79.76     0.33
11    64.81   171.98    79.76     0.33
11    66.76   195.84    79.76     0.33
11    73.61   184.40    79.76     0.33
11   113.04   221.67    79.76     0.33
11    81.43   208.27    79.76     0.33
11    67.09   216.11    79.76     0.33
11    80.45   218.07    79.76     0.33
11   177.58   167.07    79.76     0.33
11   188.33   142.22    79.76     0.33
11   144.98   146.47    79.76     0.33
11   114.67   136.01    79.76     0.33
11   103.59   133.40    79.76     0.33
11   110.76   119.99    79.76     0.33
11    81.43   113.78    79.76     0.33
11    79.47   124.90    79.76     0.33
11    85.67   132.09    79.76     0.33
11    73.93   139.61    79.76     0.33
11    82.41   144.84    79.76     0.33
11    75.89   152.03    79.76     0.33
11    70.35   156.94    79.76     0.33
11    88.27   156.61    79.76     0.33
11   102.29   153.67    79.76     0.33
11   113.04   149.74    79.76     0.33
11    82.41   165.11    79.76     0.33
11   102.94   166.42    79.76     0.33
11   113.70   168.05    79.76     0.33
11   119.56   174.92    79.76     0.33
11   125.76   167.40    79.76     0.33
11    98.05   188.65    79.76     0.33
11    94.14   203.69    79.76     0.33
11   155.74   188.98    79.76     0.33
11    -0.05   167.73    79.76     0.33
11    31.24    96.45    79.76     0.33
11    40.04    93.84    79.76     0.33
11    18.85   168.38    79.76     0.33
11    34.17   205.98    79.76     0.33
11    43.29   225.27    79.76     0.33
11     9.72   197.48    79.76     0.33
11   210.17   137.97    79.76     0.33
11   148.90    67.03    79.76     0.33
11   126.73    69.64    79.76     0.33
11    93.81   112.47    79.76     0.33
11     1.25   128.49    79.76     0.33
11   -18.31   173.94    79.76     0.33
11   -16.35   164.46    79.76     0.33
11   197.79   170.67    79.76     0.33
11   191.59   180.48    79.76     0.33
11   142.05   135.68    84.23     0.33
11   127.71   127.51    84.23     0.33
11   145.64   127.84    84.23     0.33
11   125.10   148.76    84.23     0.33
11   139.12   156.28    84.23     0.33
11   156.07   157.92    84.23     0.33
11   137.49   170.67    84.23     0.33
11   142.70   178.84    84.23     0.33
11   207.24   100.38    84.23     0.33
11   208.54   114.11    84.23     0.33
11   165.84   128.17    84.23     0.33
11   181.49   127.18    84.23     0.33
11   180.19   142.55    84.23     0.33
11   174.64   153.01    84.23     0.33
11   162.91   171.65    84.23     0.33
11   169.10   163.15    84.23     0.33
11    29.28   168.38    84.23     0.33
11    31.24   185.38    84.23     0.33
11    55.03   200.09    84.23     0.33
11    49.81   219.38    84.23     0.33
11    38.41   214.81    84.23     0.33
11    73.28   224.94    84.23     0.33
11    -4.62   174.26    84.23     0.33
11     7.77   181.13    84.23     0.33
11     3.53   188.32    84.23     0.33
11     1.58   146.15    84.23     0.33
11     2.55   160.53    84.23     0.33
11    13.31   137.97    84.23     0.33
11    19.18   126.86    84.23     0.33
11    31.89   103.97    84.23     0.33
11    31.56   114.43    84.23     0.33
11    62.52    96.12    84.23     0.33
11    70.35    84.35    84.23     0.33
11    83.71    79.78    84.23     0.33
11    94.14    78.47    84.23     0.33
11   104.57    83.70    84.23     0.33
11   109.46    87.95    84.23     0.33
11   116.30    73.89    84.23     0.33
11    86.64    96.78    84.23     0.33
11   100.98   108.22    84.23     0.33
11   120.87   116.07    84.23     0.33
11   136.18   118.03    84.23     0.33
11   158.02   146.47    84.23     0.33
11   125.43   198.46    84.23     0.33
11   117.61   201.07    84.23     0.33
11   110.76   194.21    84.23     0.33
11   129.99   206.63    84.23     0.33
11   112.39   210.56    84.23     0.33
11    55.68   208.27    84.23     0.33
11   107.18   178.19    85.07     0.33
11    94.79   177.53    85.07     0.33
11    82.41   178.19    85.07     0.33
11    88.27   193.23    85.07     0.33
11    56.66   159.22    85.07     0.33
11    65.46   147.78    85.07     0.33
11    45.58   165.76    85.07     0.33
11    33.52   159.22    85.07     0.33
11    15.59   211.86    85.07     0.33
11    30.91   224.29    85.07     0.33
11    64.48   225.92    85.07     0.33
11    61.22   215.13    85.07     0.33
11    90.23   225.59    85.07     0.33
11   126.41   214.81    85.07     0.33
11   164.21   196.82    85.07     0.33
11   176.60   188.65    85.07     0.33
11   178.56   177.53    85.07     0.33
11   158.35   178.84    85.07     0.33
11   148.90   180.48    85.07     0.33
11   181.16   150.72    85.07     0.33
11   189.96   156.61    85.07     0.33
11   185.40   168.38    85.07     0.33
11   172.69   130.78    85.07     0.33
11   173.99   120.97    85.07     0.33
11   195.18    91.87    85.07     0.33
11   176.60   105.28    85.07     0.33
11   182.79   112.80    85.07     0.33
11   160.63   115.74    85.07     0.33
11   152.16   126.53    85.07     0.33
11   150.53   137.65    85.07     0.33
11   149.55   167.07    85.07     0.33
11   131.62   180.80    85.07     0.33
11    94.79   100.38    85.07     0.33
11    93.49    89.91    85.07     0.33
11   120.54   101.03    85.07     0.33
11   144.66    73.89    85.07     0.33
11   149.22    86.64    85.07     0.33
11   155.09    96.45    85.07     0.33
11    55.35   105.93    87.19     0.33
11    42.32   108.55    88.85     0.33
11    47.21    99.39    88.85     0.33
11    56.33    84.68    88.85     0.33
11    80.45    86.97    88.85     0.33
11    91.86   122.93    88.85     0.33
11    96.75   140.26    88.85     0.33
11    89.58   146.80    88.85     0.33
11    46.88   140.59    88.85     0.33
11    22.11   109.86    88.85     0.33
11    -8.85   138.30    88.85     0.33
11    -9.51   145.82    88.85     0.33
11    42.64   188.65    88.85     0.33
11   129.01   136.99    88.85     0.33
11   182.47    96.78    88.85     0.33
11   184.10    87.62    88.85     0.33
11   174.97    77.16    88.85     0.33
11   193.55   106.59    88.85     0.33
11   192.57   130.45    88.85     0.33
11   202.35   128.17    88.85     0.33
11   162.26   138.30    88.85     0.33
11   167.47   143.86    88.85     0.33
11   137.49   107.57    88.85     0.33
11   110.11    79.78    88.85     0.33
11    21.78   120.32    88.85     0.33
11    73.28   171.65    88.85     0.33
11    51.77   175.25    88.85     0.33
11    92.51   214.81    88.85     0.33
11   100.33   220.36    88.85     0.33
11   166.50   182.76    88.85     0.33
11   170.08   173.94    88.85     0.33
11   199.09   161.84    88.85     0.33
11   208.22   150.72    88.85     0.33
11   121.52   159.22    88.85     0.33
11    58.94   120.32    88.85     0.33
11    45.58   130.45    88.85     0.33
11    41.34   117.05    88.85     0.33
11   102.61    98.09    88.85     0.33
11   134.56    80.10    88.85     0.33
11   137.49    68.66    88.85     0.33
11   102.61    72.58    88.85     0.33
11    66.44   105.61    88.85     0.33
11    81.43   106.91    88.85     0.33
11    36.12   142.55    88.85     0.33
11   135.21   188.00    88.85     0.33
11   125.76   188.98    88.85     0.33
11   118.91    86.32    92.42     0.33
11   124.45    77.82    92.42     0.33
11   144.01    95.80    92.42     0.33
11   107.50   102.99    92.42     0.33
11   113.70    97.11    92.42     0.33
11    71.65   110.51    92.42     0.33
11    70.35    94.82    92.42     0.33
11    65.13   122.93    92.42     0.33
11    71.65   130.13    92.42     0.33
11    41.34   177.21    92.42     0.33
11    64.15   182.11    92.42     0.33
11    75.24   195.52    92.42     0.33
11    83.38   197.15    92.42     0.33
11    86.64   168.38    92.42     0.33
11    95.44   168.05    92.42     0.33
11    94.79   158.57    92.42     0.33
11   143.36   118.68    92.42     0.33
11   166.50    93.18    92.42     0.33
11   168.13    81.41    92.42     0.33
11   114.35   106.59    92.42     0.33
11    63.50   114.11    92.42     0.33
11    65.46   132.74    92.42     0.33
11    12.66   122.93    92.42     0.33
11     6.46   136.99    92.42     0.33
11    -2.01   155.96    92.42     0.33
11    -6.90   166.74    92.42     0.33
11   -11.79   175.57    92.42     0.33
11    35.47   198.79    92.42     0.33
11    25.69   199.77    92.42     0.33
11    17.55   195.84    92.42     0.33
11    18.20   188.65    92.42     0.33
11    29.93   191.92    92.42     0.33
11    79.47   228.54    92.42     0.33
11   133.90   147.13    92.42     0.33
11   136.84   126.53    92.42     0.33
11   100.33   121.30    92.42     0.33
11    64.48   160.86    92.42     0.33
11    54.70   131.76    93.25     0.33
11    27.32   149.09    93.25     0.33
11    17.22   149.42    93.25     0.33
11    74.26   206.30    93.25     0.33
11    64.81   206.96    93.25     0.33
11   100.98   197.15    93.25     0.33
11   115.98   186.03    93.25     0.33
11   137.81   209.57    93.25     0.33
11   165.19   155.30    93.25     0.33
11   147.92   155.63    93.25     0.33
11   170.41   112.47    93.25     0.33
11   156.72   104.95    93.25     0.33
11   146.29   108.55    93.25     0.33
11   176.27    88.93    93.25     0.33
11   166.17   102.99    93.25     0.33
11   158.02    88.28    93.25     0.33
11   138.79    87.30    93.25     0.33
11   127.71    89.91    93.25     0.33
11   127.71   102.01    93.25     0.33
11   126.08   112.47    93.25     0.33
11   112.72   166.09    96.81     0.33
11   120.87   170.34    96.81     0.33
11   130.32   158.24    96.81     0.33
11   140.75   145.49    96.81     0.33
11   193.55   118.03    96.81     0.33
11   200.72   112.15    96.81     0.33
11   188.99    98.41    96.81     0.33
11   190.62   139.61    96.81     0.33
11   176.93   164.13    96.81     0.33
11   113.70   137.32    96.81     0.33
11   110.11   119.66    96.81     0.33
11    89.25   113.78    96.81     0.33
11    71.98   119.01    96.81     0.33
11    81.10   131.76    96.81     0.33
11   103.27   130.45    96.81     0.33
11   113.70   128.82    96.81     0.33
11   104.90   146.15    96.81     0.33
11   114.02   153.01    96.81     0.33
11   105.22   160.53    96.81     0.33
11    75.89   141.90    96.81     0.33
11    74.91   153.67    96.81     0.33
11    79.47   163.48    96.81     0.33
11    52.09   149.74    96.81     0.33
11    44.92   153.01    96.81     0.33
11    34.49   128.17    96.81     0.33
11    24.39   137.32    96.81     0.33
11    17.55   162.17    96.81     0.33
11    16.89   175.90    96.81     0.33
11    27.32   177.53    96.81     0.33
11    56.33   189.96    96.81     0.33
11    47.21   205.65    96.81     0.33
11    81.43   211.54    96.81     0.33
11    81.43   219.71    96.81     0.33
11    68.72   217.75    96.81     0.33
11   137.16   200.75    96.81     0.33
11   100.66   185.38    96.81     0.33
11    76.54   186.36    96.81     0.33
11    37.10    96.45    96.81     0.33
11     8.75   200.42    96.81     0.33
11   214.08   143.86    97.57     0.33
11   210.50   136.34    97.57     0.33
11   194.53   175.25    98.40     0.33
11   186.05   182.44    98.40     0.33
11   179.53    67.03    98.40     0.33
11   168.13    69.32    98.40     0.33
11   193.87    87.30   101.88     0.33
11   198.44    96.78   101.88     0.33
11   175.62   103.32   101.88     0.33
11   184.42   110.18   101.88     0.33
11   177.58   112.47   101.88     0.33
11   182.47   120.97   101.88     0.33
11   179.21   128.49   101.88     0.33
11   173.67   129.47   102.72     0.33
11   147.27    75.53   102.72     0.33
11    86.64    93.18   102.72     0.33
11   100.66    83.70   102.72     0.33
11    63.18    95.47   102.72     0.33
11    93.49   103.32   103.55     0.33
11   100.01   109.86   103.55     0.33
11   124.45   126.20   103.55     0.33
11   144.66   137.32   104.76     0.33
11   149.55   124.57   104.76     0.33
11   162.26   131.76   104.76     0.33
11   159.98   171.32   102.94     0.33
11   158.67   178.51   102.94     0.33
11   146.94   181.13   103.85     0.33
11   137.49   171.65   104.76     0.33
11   130.32   181.46   105.60     0.33
11   119.56   195.52   105.60     0.33
11   121.52   204.02   106.43     0.33
11   116.63   209.25   106.43     0.33
11   112.07   196.50   106.43     0.33
11    86.32   180.80   105.60     0.33
11    78.82   175.57   105.60     0.33
11   106.53   173.28   105.60     0.33
11    97.40   138.63   105.60     0.33
11    86.32   144.51   105.60     0.33
11    84.69   120.97   105.60     0.33
11    79.80   112.47   105.60     0.33
11    77.19   103.97   107.79     0.33
11   108.48    76.18   106.73     0.33
11    92.18    78.80   106.73     0.33
11    69.70    84.68   106.73     0.33
11    31.89   116.40   107.57     0.33
11     8.75   137.65   108.32     0.33
11    -1.36   151.05   108.32     0.33
11    12.33   156.28   108.32     0.33
11     5.49   162.17   108.32     0.33
11    -1.03   173.61   107.34     0.33
11     8.75   178.19   106.43     0.33
11    17.22   181.78   106.43     0.33
11     5.81   189.96   106.43     0.33
11    43.62   185.38   106.43     0.33
11    47.86   194.53   106.43     0.33
11    55.35   210.23   106.43     0.33
11    68.72   172.63   106.43     0.33
11    29.93   168.05   106.43     0.33
11    33.52   153.01   106.43     0.33
11    62.20   149.42   106.43     0.33
11    54.05   160.86   106.43     0.33
11    39.71   141.24   106.43     0.33
11    56.33   119.34   106.43     0.33
11    41.99   106.91   106.43     0.33
11    27.32   107.57   106.43     0.33
11    31.24   102.99   106.43     0.33
11   203.00   137.65   106.43     0.33
11   187.03    91.87   106.43     0.33
11   198.76   152.69   106.43     0.33
11   178.56   145.49   106.43     0.33
11   185.07   152.36   106.43     0.33
11   189.64   160.21   106.43     0.33
11   178.88   174.92   106.43     0.33
11   150.85   163.80   106.43     0.33
11   164.21   164.78   106.43     0.33
11   160.63   192.90   106.43     0.33
11   168.78   195.52   106.43     0.33
11   145.96   203.36   106.43     0.33
11   124.45   217.42   106.43     0.33
11   155.41   119.99   107.34     0.33
11   177.90    79.45   107.34     0.33
11   154.44    97.11   107.34     0.33
11    84.04    76.18   107.34     0.33
11   118.58    70.30   107.34     0.33
11   139.44    70.62   107.34     0.33
11   134.88   114.11   107.34     0.33
11    90.55   128.82   107.34     0.33
11   126.73   138.30   107.34     0.33
11   123.47   153.01   107.34     0.33
11    53.72   178.19   107.34     0.33
11    46.23   169.03   107.34     0.33
11    89.58   216.11   107.34     0.33
11    89.58   225.27   107.34     0.33
11   101.96   222.98   107.34     0.33
11    92.84   190.61   107.34     0.33
11   129.01   192.57   107.34     0.33
11   140.10   190.61   107.34     0.33
11   127.71   208.27   107.34     0.33
11    65.78   193.88   107.34     0.33
11    59.27   199.11   107.34     0.33
11    60.89   221.67   107.34     0.33
11    52.42   141.24   107.34     0.33
11    62.52   141.90   107.34     0.33
11    44.60   120.65   107.34     0.33
11    48.51   111.16   107.34     0.33
11    52.09    94.82   107.34     0.33
11    60.89    84.03   107.34     0.33
11    56.33   103.64   107.34     0.33
11    26.35   129.80   107.34     0.33
11    16.57   135.36   107.34     0.33
11     4.84   147.13   107.34     0.33
11   -12.77   153.99   107.34     0.33
11    99.68    93.84   107.34     0.33
11   164.87   144.19   107.34     0.33
11   156.72   156.94   107.34     0.33
11   154.76   142.22   107.34     0.33
11   200.72   131.43   107.34     0.33
11   207.24   112.80   107.34     0.33
11   109.46    88.61   107.34     0.33
11    20.81   119.01   107.34     0.33
11    -5.92   133.07   107.34     0.33
11   145.96    83.37   107.34     0.33
11    68.39    91.87   110.06     0.33
11    59.59    90.24   110.06     0.33
11    66.11   106.26   110.06     0.33
11    61.22   113.45   110.06     0.33
11    66.11   122.93   110.06     0.33
11    56.66   126.53   110.06     0.33
11   112.72    96.12   110.06     0.33
11   105.55    99.72   110.06     0.33
11   123.47   107.89   111.73     0.33
11   133.58    92.86   111.73     0.33
11   143.68    91.87   111.73     0.33
11   160.30    91.87   111.73     0.33
11   171.39    82.07   111.73     0.33
11    38.73   176.23   111.73     0.33
11    32.21   191.59   111.73     0.33
11    39.38   199.77   111.73     0.33
11    64.15   181.46   111.73     0.33
11    80.45   196.50   111.73     0.33
11    99.35   196.17   111.73     0.33
11    61.87   159.88   111.73     0.33
11    16.24   187.02   111.73     0.33
11   -13.42   168.71   111.73     0.33
11   137.16   207.29   111.73     0.33
11     8.75   123.92   111.73     0.33
11   -10.81   147.13   111.73     0.33
11    -4.62   186.03   111.73     0.33
11    -4.62   163.15   111.73     0.33
11    18.85   196.50   111.73     0.33
11    13.31   144.84   111.73     0.33
11    21.46   153.34   111.73     0.33
11    70.67   129.80   111.73     0.33
11    90.23   154.97   111.73     0.33
11    91.86   163.80   111.73     0.33
11    92.51   173.94   111.73     0.33
11   114.67   187.02   111.73     0.33
11   136.84   124.57   111.73     0.33
11   149.55   106.91   111.73     0.33
11   174.32   119.99   111.73     0.33
11   126.41    85.01   111.73     0.33
11   126.73    76.51   111.73     0.33
11   120.54    95.80   111.73     0.33
11   111.09   112.15   112.72     0.33
11   133.25   153.67   112.72     0.33
11   138.47   144.84   112.72     0.33
11   114.35   161.84   112.72     0.33
11   117.28   170.99   112.72     0.33
11   177.25   163.48   112.72     0.33
11   184.10   166.74   112.72     0.33
11   187.68   131.43   112.72     0.33
11   117.28   136.34   112.72     0.33
11   104.90   123.92   112.72     0.33
11    94.79   115.74   112.72     0.33
11    70.02   116.07   112.72     0.33
11    84.04   167.07   112.72     0.33
11   103.59   160.21   112.72     0.33
11   110.11   150.40   112.72     0.33
11   107.18   137.97   112.72     0.33
11   120.87   117.05   113.55     0.33
11   163.89   108.88   113.55     0.33
11   163.89   102.34   113.55     0.33
11    74.26   157.26   113.55     0.33
11    74.91   146.15   113.55     0.33
11    78.82   132.74   113.55     0.33
11    39.71   128.82   113.55     0.33
11    45.90   151.38   113.55     0.33
11    25.04   140.59   113.55     0.33
11    26.02   178.51   113.55     0.33
11    28.30   207.61   113.55     0.33
11    71.00   222.98   113.55     0.33
11    80.45   225.27   114.61     0.33
11    77.52   231.81   114.61     0.33
11    78.82   213.50   114.61     0.33
11    71.98   199.11   114.61     0.33
11    88.60   198.13   114.61     0.33
11    75.56   186.36   114.61     0.33
11   102.61   184.07   114.61     0.33
11   125.76   166.42   114.61     0.33
11   134.23   161.84   114.61     0.33
11   140.42   157.59   114.61     0.33
11   163.89   152.69   114.61     0.33
11   173.01   154.65   114.61     0.33
11   191.27   144.51   114.61     0.33
11   190.62   106.59   114.61     0.33
11   199.09   107.24   114.61     0.33
11   137.81   104.95   114.61     0.33
11   115.33    84.35   114.61     0.33
11   137.16    80.76   114.61     0.33
11   159.00    80.76   114.61     0.33
11   114.67   126.20   114.61     0.33
11   133.58   131.11   114.61     0.33
11    82.08   205.98   114.61     0.33
11   114.02   219.38   114.61     0.33
11    38.73    97.76   114.61     0.33
11   178.56   111.16   118.47     0.33
11   175.30   102.99   118.47     0.33
11   195.83    97.43   120.75     0.33
11   146.29   129.15   120.75     0.33
11   162.26   130.13   120.75     0.33
11   144.33   137.65   120.75     0.33
11   158.35   170.99   120.75     0.33
11   140.10   171.32   120.75     0.33
11   143.03   184.73   120.75     0.33
11   153.46   184.40   120.75     0.33
11   128.36   181.46   120.75     0.33
11   119.56   192.25   120.75     0.33
11   133.58   198.79   120.75     0.33
11   144.33   195.84   120.75     0.33
11   128.04   122.61   120.75     0.33
11   127.38   112.47   120.75     0.33
11   122.17   128.82   120.75     0.33
11   125.10   101.03   120.75     0.33
11   102.29   107.24   120.75     0.33
11   147.92    75.85   120.75     0.33
11   100.66    83.05   120.75     0.33
11    85.01    88.28   120.75     0.33
11    91.86   102.99   120.75     0.33
11    83.38   118.36   120.75     0.33
11    96.10   141.24   120.75     0.33
11    84.04   141.57   120.75     0.33
11   106.20   172.30   120.75     0.33
11    88.60   182.11   120.75     0.33
11    79.47   175.90   120.75     0.33
11    53.07   184.40   120.75     0.33
11    22.44   163.48   120.75     0.33
11    12.33   171.98   120.75     0.33
11    15.59   126.20   120.75     0.33
11     5.49   133.07   120.75     0.33
11    78.82    93.84   120.75     0.33
11   146.61   117.38   120.75     0.33
11   164.54   119.01   120.75     0.33
11   147.92   173.94   120.75     0.33
11    65.46   206.30   120.75     0.33
11    65.13   215.79   120.75     0.33
11   101.96   216.11   120.75     0.33
11    45.90   207.29   120.75     0.33
11   169.43    93.51   120.75     0.33
11   176.60    89.26   120.75     0.33
11   163.24    73.24   120.75     0.33
11    39.06   161.51   120.75     0.33
11   163.89   180.15   120.75     0.33
11   166.17   187.67   120.75     0.33
11    41.01   116.07   122.79     0.33
11    30.58   106.59   122.79     0.33
11    16.57   115.74   122.79     0.33
11    60.24   145.82   122.79     0.33
11    31.56   153.99   122.79     0.33
11    30.26   168.71   122.79     0.33
11    38.41   184.73   122.79     0.33
11    51.77   163.48   122.79     0.33
11    66.11   173.61   122.79     0.33
11    51.12   199.11   122.79     0.33
11    54.05   209.25   122.79     0.33
11   119.89   213.82   122.79     0.33
11   145.96   202.38   122.79     0.33
11   122.50   156.94   122.79     0.33
11   126.41   138.95   122.79     0.33
11   179.86   147.78   122.79     0.33
11   184.42   158.90   122.79     0.33
11   198.11   151.38   122.79     0.33
11   199.74   135.36   122.79     0.33
11   176.60    78.14   122.79     0.33
11   156.07    98.74   122.79     0.33
11   154.11   119.34   122.79     0.33
11   154.44   111.16   122.79     0.33
11   164.21   141.57   122.79     0.33
11   154.44   157.26   122.79     0.33
11   149.22   163.80   122.79     0.33
11   115.98   197.80   122.79     0.33
11   120.87   202.05   122.79     0.33
11   126.41   208.27   122.79     0.33
11    89.58   190.28   122.79     0.33
11   106.53   197.80   122.79     0.33
11    58.61   189.30   122.79     0.33
11    44.27   190.28   122.79     0.33
11    47.21   172.96   122.79     0.33
11    57.31   169.69   122.79     0.33
11    35.47   145.82   122.79     0.33
11    47.86   141.57   122.79     0.33
11    98.05   149.09   122.79     0.33
11    89.58   130.13   122.79     0.33
11    84.69   108.88   122.79     0.33
11    90.88    93.18   122.79     0.33
11   101.96    92.53   122.79     0.33
11   107.50    77.49   122.79     0.33
11    92.18    81.74   122.79     0.33
11    72.30    85.66   122.79     0.33
11    56.33   100.38   122.79     0.33
11    46.23   106.91   122.79     0.33
11    48.51    97.76   122.79     0.33
11    50.47   116.40   122.79     0.33
11    31.56   117.38   122.79     0.33
11    26.02   130.45   122.79     0.33
11    62.20   136.67   122.79     0.33
11   119.89   147.45   122.79     0.33
11   166.17   164.13   122.79     0.33
11   170.08   130.78   122.79     0.33
11   205.93   145.17   122.79     0.33
11   207.24   156.61   122.79     0.33
11   209.52   135.36   122.79     0.33
11   209.52   125.88   122.79     0.33
11   215.39   141.90   122.79     0.33
11    88.27   211.21   122.79     0.33
11    86.97   221.34   122.79     0.33
11    96.42   223.96   122.79     0.33
11   104.57   225.27   122.79     0.33
11    36.78   206.63   122.79     0.33
11     4.51   183.09   122.79     0.33
11    16.24   180.80   122.79     0.33
11     7.44   192.57   122.79     0.33
11    11.68   203.04   122.79     0.33
11     5.49   145.49   124.00     0.33
11    12.98   155.63   124.00     0.33
11     7.77   163.15   124.00     0.33
11     0.92   152.69   124.00     0.33
11    -9.18   153.34   124.00     0.33
11    77.84   101.68   124.00     0.33
11    74.26   108.88   124.00     0.33
11   179.53   124.24   124.00     0.33
11    67.74   102.01   127.34     0.33
11    67.74    91.87   127.34     0.33
11    59.59   115.74   127.34     0.33
11    58.29   123.92   127.34     0.33
11    71.00   124.90   127.34     0.33
11   115.00    95.47   127.34     0.33
11   109.13    98.09   127.34     0.33
11   107.50    86.97   127.34     0.33
11   127.71    85.99   127.34     0.33
11   143.03    89.91   127.34     0.33
11   151.18    87.30   127.34     0.33
11   161.93    91.55   127.34     0.33
11   173.01   118.36   127.34     0.33
11   134.56    93.84   127.34     0.33
11   125.43    93.84   127.34     0.33
11   135.53   113.45   127.34     0.33
11   138.14   123.92   127.34     0.33
11    37.75   197.48   127.34     0.33
11    18.52   190.61   127.34     0.33
11    32.21   192.57   127.34     0.33
11    60.24   155.30   127.34     0.33
11    65.46   130.13   127.34     0.33
11   118.58   105.61   127.34     0.33
11    96.10   163.80   127.34     0.33
11    83.38   154.65   127.34     0.33
11    13.31   143.86   127.34     0.33
11   121.52    75.53   127.34     0.33
11   113.04   185.38   127.34     0.33
11   137.81   213.50   127.34     0.33
11   175.30   141.24   127.34     0.33
11   104.24   115.74   128.62     0.33
11   103.27   128.17   128.62     0.33
11   139.12   147.78   128.62     0.33
11   111.41   161.51   128.62     0.33
11   118.58   172.96   128.62     0.33
11   182.14   167.07   128.62     0.33
11   171.71   168.38   128.62     0.33
11   188.33   132.74   128.62     0.33
11   166.50   110.18   128.62     0.33
11   113.04   141.24   129.61     0.33
11   107.18   150.72   129.61     0.33
11    92.84   116.07   129.61     0.33
11    75.24   133.40   129.61     0.33
11    71.00   147.78   129.61     0.33
11    75.56   162.82   130.44     0.33
11   133.25   164.13   130.44     0.33
11   169.43   152.03   130.44     0.33
11   160.30   151.05   130.44     0.33
11   195.18   107.57   130.44     0.33
11   135.53    80.10   130.44     0.33
11    26.67   139.94   130.44     0.33
11    39.38   123.26   130.44     0.33
11    39.06   101.36   130.44     0.33
11    25.69   181.13   130.44     0.33
11    65.13   183.09   130.44     0.33
11    70.35   196.17   130.44     0.33
11    99.03   190.94   130.44     0.33
11   133.58   154.97   130.44     0.33
11    48.18   155.96   130.44     0.33
11    39.06   133.72   130.44     0.33
11    -6.25   182.44   130.44     0.33
11    49.49   130.13   130.44     0.33
11   114.02   126.53   130.44     0.33
11   108.81   133.07   130.44     0.33
11   115.98   119.34   130.44     0.33
11   178.56   110.84   135.74     0.33
11   175.95   101.68   135.74     0.33
11   151.83   130.78   135.74     0.33
11   131.95   135.03   136.58     0.33
11   109.78   168.71   136.58     0.33
11   104.57   177.21   137.41     0.33
11    79.15   177.86   137.41     0.33
11    87.95   183.42   137.41     0.33
11   125.43   184.07   137.41     0.33
11   124.13   192.57   137.41     0.33
11   132.27   196.82   137.41     0.33
11   142.38   194.21   137.41     0.33
11   151.50   187.02   137.41     0.33
11   159.33   178.19   137.41     0.33
11   153.46   167.73   137.41     0.33
11   159.00   161.19   137.41     0.33
11   110.44   108.88   137.41     0.33
11   102.29   106.59   137.41     0.33
11    88.92   102.34   137.41     0.33
11    82.08   117.70   137.41     0.33
11    56.66   129.47   137.41     0.33
11    85.34   140.59   137.41     0.33
11   146.61   112.47   137.41     0.33
11   162.26   125.88   137.41     0.33
11   144.01   136.01   137.41     0.33
11   131.95   140.59   137.41     0.33
11   142.70   153.99   137.41     0.33
11   140.10   171.32   137.41     0.33
11   128.36   104.30   137.41     0.33
11   128.36   119.99   137.41     0.33
11    98.70   136.99   137.41     0.33
11    61.55   212.52   137.41     0.33
11    75.56   215.46   137.41     0.33
11    40.36   165.44   137.41     0.33
11    52.42   184.07   137.41     0.33
11    74.58   187.34   137.41     0.33
11    16.89   133.40   137.41     0.33
11     8.09   131.11   137.41     0.33
11   140.75   102.99   137.41     0.33
11    52.42   196.50   139.30     0.33
11    41.99   203.69   139.30     0.33
11    43.29   183.42   139.30     0.33
11    30.58   170.34   139.30     0.33
11    14.29   179.17   139.30     0.33
11     4.18   180.48   139.30     0.33
11     7.12   154.32   139.30     0.33
11     5.81   144.51   139.30     0.33
11    -8.20   152.03   139.30     0.33
11    35.80   152.03   139.30     0.33
11    57.64   144.19   139.30     0.33
11    63.50   173.61   139.30     0.33
11   124.45   156.28   139.30     0.33
11   183.12   144.19   139.30     0.33
11   155.74   104.95   139.30     0.33
11   163.89    98.09   139.30     0.33
11   109.78    80.43   139.30     0.33
11   119.24    86.32   139.30     0.33
11    77.52   108.22   139.30     0.33
11    89.90   128.17   139.30     0.33
11    94.79   148.11   139.30     0.33
11    89.25   169.69   139.30     0.33
11    94.79   178.51   139.30     0.33
11    64.48   164.78   139.30     0.33
11    49.81   170.67   139.30     0.33
11    44.27   142.55   139.30     0.33
11    23.09   153.99   139.30     0.33
11    14.29   165.44   139.30     0.33
11    20.15   121.63   139.30     0.33
11    32.54   116.72   140.21     0.33
11    43.62   111.16   140.21     0.33
11    58.29   103.97   140.21     0.33
11    48.84    96.12   140.21     0.33
11    97.07    83.70   140.21     0.33
11    81.75    91.22   140.21     0.33
11    96.42    94.16   140.21     0.33
11   127.71   127.84   140.21     0.33
11   178.23   132.74   140.21     0.33
11   164.21   136.99   140.21     0.33
11   177.90   122.61   140.21     0.33
11   192.90   154.65   140.21     0.33
11   125.43   170.01   140.21     0.33
11   143.36   162.49   140.21     0.33
11   151.18   156.28   140.21     0.33
11   121.52   141.90   140.21     0.33
11    70.02   117.38   140.21     0.33
11   105.55   196.17   140.21     0.33
11    88.60   202.38   140.21     0.33
11   117.93   200.75   140.21     0.33
11   119.89   209.57   140.21     0.33
11   150.85    86.64   143.39     0.33
11   139.44    86.64   143.39     0.33
11   141.40    95.47   143.39     0.33
11   127.06    94.49   143.39     0.33
11   120.54   107.24   143.39     0.33
11   113.04    91.55   143.39     0.33
11   105.22    84.68   143.39     0.33
11   102.29    76.18   143.39     0.33
11    68.72   103.97   143.39     0.33
11    58.94   119.01   143.39     0.33
11    65.78   125.55   143.39     0.33
11    17.55   192.25   143.39     0.33
11    44.60   189.96   143.39     0.33
11    57.96   189.63   143.39     0.33
11    12.98   147.13   143.39     0.33
11   139.77   126.53   143.39     0.33
11   134.56   117.05   143.39     0.33
11   114.67   180.48   143.39     0.33
11    94.79   157.59   143.39     0.33
11    81.10   147.45   143.39     0.33
11    84.04   159.22   143.39     0.33
11    49.81   119.99   143.39     0.33
11    32.86   192.90   143.39     0.33
11   101.64   212.84   143.39     0.33
11   173.34   144.19   143.39     0.33
11   116.30   100.38   143.39     0.33
11   102.94   117.70   144.91     0.33
11    91.53   119.66   144.91     0.33
11    67.09   135.68   144.91     0.33
11    63.50   149.42   144.91     0.33
11    70.35   157.59   144.91     0.33
11   105.55   156.61   144.91     0.33
11   140.75   146.15   144.91     0.33
11   105.55   145.17   144.91     0.33
11   172.69   167.40   144.91     0.33
11   170.08   160.53   144.91     0.33
11    59.92   201.73   144.91     0.33
11    40.04   175.90   144.91     0.33
11    56.66   157.26   144.91     0.33
11    27.32   129.80   144.91     0.33
11   161.28   113.78   144.91     0.33
11   119.56    78.47   144.91     0.33
11    79.15   101.03   144.91     0.33
11    88.27   111.16   144.91     0.33
11    59.59    95.14   144.91     0.33
11    27.00   161.84   144.91     0.33
11    25.04   198.46   144.91     0.33
11    99.35   164.46   144.91     0.33
11   114.35   153.01   144.91     0.33
11   118.58   163.15   144.91     0.33
11    78.17   130.13   144.91     0.33
11    71.65   143.53   144.91     0.33
11    88.60    85.66   144.91     0.33
11     0.60   171.65   146.58     0.33
11    -9.83   165.44   146.58     0.33
11    -7.88   183.09   146.58     0.33
11    24.39   172.96   146.58     0.33
11    27.98   182.76   146.58     0.33
11    26.02   142.55   146.58     0.33
11    20.15   142.55   146.58     0.33
11   194.20   110.51   146.58     0.33
11   183.12   163.48   146.58     0.33
11   167.47   153.01   146.58     0.33
11   153.13   120.32   146.58     0.33
11   146.61   123.92   146.58     0.33
11   117.61   123.92   146.58     0.33
11   132.60   159.55   146.58     0.33
11   103.92   183.75   146.58     0.33
11    69.70   177.21   146.58     0.33
11    74.26   164.46   146.58     0.33
11    65.46   193.55   146.58     0.33
11    44.92   156.94   146.58     0.33
11    37.10   143.53   146.58     0.33
11    48.84   133.40   146.58     0.33
11    36.45   135.03   146.58     0.33
11    51.44   109.20   146.58     0.33
11    42.32   102.01   146.58     0.33
11   102.94    95.14   146.58     0.33
11   130.97    85.01   146.58     0.33
11   106.85   133.40   146.58     0.33
11   113.70   136.34   146.58     0.33
11   120.21   132.09   146.58     0.33
11   130.32   149.74   146.58     0.33
11   100.66   124.90   146.58     0.33
11   115.98   115.41   146.58     0.33
11   128.36   112.47   146.58     0.33
11   148.90    98.41   146.58     0.33
11   166.17   107.24   146.58     0.33
11   169.76   115.74   146.58     0.33
11   169.10   129.47   146.58     0.33
11   186.70   135.36   146.58     0.33
11   190.94   124.24   146.58     0.33
11   193.22   144.19   146.58     0.33
11   198.11   128.82   146.58     0.33
11     1.25   162.17   146.58     0.33
11     0.60   144.51   146.58     0.33
11   -15.37   177.21   146.58     0.33
11   -15.05   147.78   146.58     0.33
11     1.90   192.90   146.58     0.33
11    14.29   201.07   146.58     0.33
11    35.47   185.71   146.58     0.33
11   183.12   116.40   152.03     0.33
11   176.60   105.28   152.03     0.33
11   152.16   131.11   152.03     0.33
11   108.48   168.71   152.03     0.33
11   147.92   144.19   152.03     0.33
11    77.19   215.79   154.45     0.33
11    66.44   210.88   154.45     0.33
11    41.34   200.42   154.45     0.33
11    47.21   206.30   154.45     0.33
11    51.44   194.86   154.45     0.33
11    14.61   179.82   154.45     0.33
11    14.94   167.40   154.45     0.33
11     6.79   155.30   154.45     0.33
11    14.94   134.70   154.45     0.33
11    14.94   123.92   154.45     0.33
11    61.22   131.11   154.45     0.33
11    56.01   125.22   154.45     0.33
11   106.53   108.88   154.45     0.33
11    86.64   104.63   154.45     0.33
11    96.42   106.26   154.45     0.33
11    80.12   118.68   154.45     0.33
11    96.42   139.94   154.45     0.33
11    84.69   141.24   154.45     0.33
11   140.75   133.40   154.45     0.33
11   130.32   136.67   154.45     0.33
11   161.93   123.26   154.45     0.33
11   148.24   114.43   154.45     0.33
11   163.24    97.76   154.45     0.33
11   130.32   102.99   154.45     0.33
11   157.37   168.38   154.45     0.33
11    80.12   180.48   154.45     0.33
11    87.95   179.17   154.45     0.33
11   102.29   175.25   154.45     0.33
11    90.88   169.03   154.45     0.33
11    81.10   170.99   154.45     0.33
11    62.52   164.78   154.45     0.33
11    57.96   172.63   154.45     0.33
11    51.77   183.09   154.45     0.33
11    75.56   192.25   154.45     0.33
11    96.75   188.00   154.45     0.33
11    53.72   144.84   154.45     0.33
11    47.21   148.11   154.45     0.33
11    28.63   155.63   154.45     0.33
11    36.78   165.11   154.45     0.33
11    49.81   170.34   154.45     0.33
11    64.81   184.40   154.45     0.33
11    88.60   131.43   156.20     0.33
11    93.49   148.11   156.20     0.33
11    70.02   116.07   156.20     0.33
11    92.84    97.11   156.20     0.33
11    97.40    86.97   156.20     0.33
11    42.32   113.78   156.20     0.33
11   120.54   185.05   157.86     0.33
11   107.83   190.94   157.86     0.33
11   146.94   169.03   157.86     0.33
11   144.33   154.97   157.86     0.33
11   136.84   164.78   157.86     0.33
11   178.88   128.49   159.15     0.33
11   120.21   106.59   159.15     0.33
11   117.28    90.89   159.15     0.33
11   127.06    96.12   159.15     0.33
11   111.09   103.97   159.15     0.33
11   109.46   116.40   159.15     0.33
11   138.47   106.59   159.15     0.33
11   130.97   127.84   159.15     0.33
11   127.71   120.65   159.15     0.33
11   137.81   124.57   159.15     0.33
11    84.69   157.92   159.15     0.33
11    79.15   149.09   159.15     0.33
11    45.25   188.98   159.15     0.33
11    32.86   192.90   159.15     0.33
11    25.37   193.55   159.15     0.33
11    17.22   191.27   159.15     0.33
11    54.70   209.90   159.15     0.33
11    84.04   209.90   159.15     0.33
11    91.53   205.00   159.15     0.33
11    98.70   210.23   159.15     0.33
11    90.88   213.17   159.15     0.33
11   115.00   175.90   159.15     0.33
11   104.57    80.76   159.15     0.33
11    63.83   104.30   159.15     0.33
11    32.21   116.72   159.15     0.33
11    16.24   156.94   159.15     0.33
11    20.81   150.72   159.15     0.33
11    -8.53   155.63   159.15     0.33
11     3.86   184.07   159.15     0.33
11    -5.92   198.13   159.15     0.33
11    29.61   205.98   159.15     0.33
11    11.03   147.13   159.15     0.33
11     6.14   134.70   159.15     0.33
11   127.38   173.94   159.15     0.33
11   163.24   138.63   159.15     0.33
11   174.97   145.17   159.15     0.33
11   137.49   145.17   161.50     0.33
11   118.91   154.65   161.50     0.33
11   126.41   162.49   161.50     0.33
11   101.64   158.57   161.50     0.33
11   100.33   147.45   161.50     0.33
11   123.80   142.55   161.50     0.33
11   172.69   166.74   161.50     0.33
11   165.19    91.22   161.50     0.33
11   120.21    81.41   161.50     0.33
11   113.70    80.76   161.50     0.33
11    84.04    85.34   161.50     0.33
11    77.19    89.91   161.50     0.33
11    80.12   105.93   161.50     0.33
11    90.88   119.99   161.50     0.33
11    72.95   125.55   161.50     0.33
11    65.13   122.93   161.50     0.33
11    80.78   136.99   161.50     0.33
11    64.81   159.88   161.50     0.33
11    52.09   161.84   161.50     0.33
11    66.76   142.22   161.50     0.33
11    61.55   149.42   161.50     0.33
11    73.61   155.96   161.50     0.33
11    80.45   201.73   161.50     0.33
11    40.69   179.50   161.50     0.33
11   168.78   106.91   162.41     0.33
11   140.42    85.66   162.41     0.33
11   130.64    87.95   162.41     0.33
11   140.42    96.45   162.41     0.33
11   129.99    78.14   162.41     0.33
11    77.52    96.12   162.41     0.33
11    59.27    96.78   162.41     0.33
11    24.72   140.59   162.41     0.33
11    34.82   147.78   162.41     0.33
11    42.64   152.36   162.41     0.33
11    21.13   175.25   162.41     0.33
11    33.52   177.53   162.41     0.33
11    71.32   168.71   162.41     0.33
11    71.32   180.15   162.41     0.33
11    58.61   196.82   162.41     0.33
11   118.58   134.70   162.41     0.33
11   119.89   124.90   162.41     0.33
11   131.30   153.99   162.41     0.33
11   167.80   152.36   162.41     0.33
11   172.36   136.34   162.41     0.33
11   170.73   116.40   162.41     0.33
11    96.10   127.18   162.41     0.33
11   104.90   136.67   162.41     0.33
11   111.41   149.09   162.41     0.33
11   104.24   125.55   162.41     0.33
11   117.28   116.40   162.41     0.33
11   135.21   114.76   162.41     0.33
11   149.55   123.59   162.41     0.33
11    67.41    94.16   162.41     0.33
11    48.84   104.95   162.41     0.33
11    44.92   122.93   162.41     0.33
11    38.08   136.34   162.41     0.33
11    25.37   129.47   162.41     0.33
11     5.49   168.71   162.41     0.33
11     7.77   176.88   162.41     0.33
11    27.00   168.71   162.41     0.33
11    25.04   183.75   162.41     0.33
11   192.90   125.55   162.26     0.33
11   188.33   142.88   162.26     0.33
11   202.35   127.84   162.26     0.33
11   196.81   146.15   162.26     0.33
11   194.85   115.74   162.26     0.33
11   192.24   108.22   162.26     0.33
11   128.04   189.30   162.26     0.33
11    43.29   211.86   168.85     0.33
11    37.43   203.69   168.85     0.33
11    44.27   199.11   172.33     0.33
11    54.70   186.36   172.33     0.33
11    81.75   178.19   172.33     0.33
11   103.92   175.25   172.33     0.33
11    89.58   169.03   172.33     0.33
11   127.38   133.07   172.33     0.33
11   128.36   142.55   172.33     0.33
11   139.77   133.72   172.33     0.33
11   144.33   142.88   172.33     0.33
11   146.94   133.72   172.33     0.33
11   158.67   132.09   172.33     0.33
11   178.23   121.63   172.33     0.33
11   184.75   114.76   172.33     0.33
11   177.90   101.03   172.33     0.33
11   159.00    95.80   172.33     0.33
11   102.61   102.66   172.33     0.33
11    87.30   103.64   172.33     0.33
11   100.66    92.53   172.33     0.33
11    96.10    86.64   173.32     0.33
11    41.01   113.13   174.15     0.33
11    54.05   125.55   174.15     0.33
11    82.73   126.86   174.15     0.33
11    88.92   137.65   174.15     0.33
11    78.50   142.55   174.15     0.33
11   110.11   155.30   174.15     0.33
11   132.60   160.53   174.15     0.33
11   147.27   153.99   174.15     0.33
11    58.61   161.84   174.98     0.33
11    37.43   157.92   174.98     0.33
11    40.36   164.46   174.98     0.33
11     4.18   158.24   174.98     0.33
11    29.61   190.28   174.98     0.33
11    47.86   192.90   174.98     0.33
11    44.60   184.40   174.98     0.33
11    34.17   122.93   174.98     0.33
11    67.41   104.30   174.98     0.33
11    76.54   114.76   174.98     0.33
11   114.02    99.39   174.98     0.33
11   117.28    89.59   174.98     0.33
11   127.71    95.14   174.98     0.33
11   127.71   106.91   174.98     0.33
11   143.03   100.70   174.98     0.33
11   138.79   126.53   174.98     0.33
11   128.04   126.86   174.98     0.33
11   117.93   104.30   174.98     0.33
11   107.50   106.91   174.98     0.33
11    95.12   144.51   174.98     0.33
11    84.36   161.19   174.98     0.33
11    84.04   149.74   174.98     0.33
11   117.28   173.94   174.98     0.33
11   122.50   183.75   174.98     0.33
11    89.58   186.36   174.98     0.33
11    94.79   175.90   174.98     0.33
11    64.15   134.05   174.98     0.33
11    53.72   180.15   174.98     0.33
11    61.55   168.38   174.98     0.33
11    54.70   170.34   174.98     0.33
11    17.55   154.97   174.98     0.33
11    16.57   168.71   174.98     0.33
11    15.26   139.28   174.98     0.33
11     2.55   147.45   174.98     0.33
11    59.27   205.65   174.98     0.33
11    96.75   205.65   174.98     0.33
11   106.85   189.96   174.98     0.33
11    92.18   111.49   174.98     0.33
11    83.71   116.40   174.98     0.33
11   140.10   110.84   174.98     0.33
11   181.49   127.51   174.98     0.33
11   186.70   134.05   174.98     0.33
11   177.25   110.51   174.98     0.33
11   171.06    96.45   174.98     0.33
11   162.26   142.22   174.98     0.33
11   152.16   146.47   174.98     0.33
11   157.37   167.07   174.98     0.33
11   153.13   173.28   174.98     0.33
11   134.56   171.98   174.98     0.33
11   128.69   178.51   174.98     0.33
11   139.77   162.82   174.98     0.33
11   112.72   185.71   174.98     0.33
11   111.09   198.13   174.98     0.33
11    99.35   197.15   174.98     0.33
11    83.71   211.86   174.98     0.33
11    72.95   216.44   174.98     0.33
11    61.87   177.53   174.98     0.33
11    42.97   143.53   174.98     0.33
11    52.09   146.15   174.98     0.33
11    26.67   160.21   174.98     0.33
11    26.02   152.03   174.98     0.33
11    10.70   146.47   174.98     0.33
11    66.44   114.76   174.98     0.33
11    58.29   107.89   174.98     0.33
11    89.58    95.80   174.98     0.33
11   107.50    91.55   174.98     0.33
11   103.27    84.03   174.98     0.33
11   151.83    85.66   174.98     0.33
11    91.21   156.28   174.98     0.33
11    98.70   167.40   174.98     0.33
11    50.14   207.29   174.98     0.33
11    63.18   216.44   174.98     0.33
11   125.76   116.72   174.98     0.33
11    71.32   152.36   178.47     0.33
11    72.30   177.21   178.47     0.33
11   100.01   149.09   178.47     0.33
11   109.46   141.24   178.47     0.33
11   119.56   137.32   178.47     0.33
11   128.36   153.99   178.47     0.33
11   146.29   107.57   178.47     0.33
11    74.58    90.24   178.47     0.33
11    75.24    97.43   178.47     0.33
11   167.80   105.93   178.47     0.33
11   103.92   122.61   178.47     0.33
11    92.51   119.34   178.47     0.33
11    95.44   133.40   178.47     0.33
11    64.15   124.90   178.47     0.33
11    68.72   138.95   178.47     0.33
11    66.44   161.84   178.47     0.33
11    41.34   179.17   178.47     0.33
11    33.52   177.86   178.47     0.33
11    40.04   192.25   178.47     0.33
11    55.35   198.13   178.47     0.33
11    69.37   194.53   178.47     0.33
11     6.14   174.59   178.47     0.33
11    25.69   139.94   178.47     0.33
11    33.19   144.84   178.47     0.33
11    43.29   154.32   178.47     0.33
11   117.28   145.82   178.47     0.33
11   102.94   133.72   178.47     0.33
11   114.67   121.95   179.53     0.33
11   135.21   118.68   180.36     0.33
11   137.16    92.86   180.36     0.33
11   152.48   126.20   180.36     0.33
11   168.13   116.40   180.36     0.33
11   172.69   131.76   180.36     0.33
11   169.43   146.15   180.36     0.33
11   165.52   159.22   180.36     0.33
11   141.07   180.15   180.36     0.33
11   144.66   172.63   180.36     0.33
11    72.95   125.22   179.45     0.33
11    39.06   134.70   180.59     0.33
11    61.22    97.43   180.59     0.33
11   119.89    83.70   180.59     0.33
11   132.27    85.99   180.59     0.33
11    76.87   170.99   180.59     0.33
11    83.71   202.05   180.59     0.33
11    61.55   148.76   180.59     0.33
11    41.99   124.90   180.59     0.33
11    49.49   113.13   180.59     0.33
11    48.84   102.01   180.59     0.33
11    32.86   169.03   180.59     0.33
11    23.74   176.23   180.59     0.33
11    17.22   182.11   180.59     0.33
11     9.72   166.42   180.59     0.33
11    18.85   130.78   180.59     0.33
11    22.11   123.26   180.59     0.33
11    29.28   117.38   180.59     0.33
11    34.49   201.07   185.51     0.33
11    42.32   207.94   188.69     0.33
11   144.33   136.34   188.69     0.33
11   131.62   143.86   188.69     0.33
11   158.02   135.03   188.69     0.33
11   157.37   155.63   188.69     0.33
11   103.59   175.90   188.69     0.33
11   128.69   134.70   189.83     0.33
11   137.16   136.67   189.83     0.33
11   143.03   150.40   189.83     0.33
11    80.45   126.20   189.83     0.33
11    79.80   139.94   189.83     0.33
11    92.18   138.63   189.83     0.33
11    99.03   114.11   190.66     0.33
11    87.95   101.68   190.66     0.33
11   116.63   102.01   190.66     0.33
11   126.73   110.18   190.66     0.33
11   140.10    98.41   190.66     0.33
11    80.78   115.41   190.66     0.33
11    85.67   124.24   190.66     0.33
11    56.33   111.16   190.66     0.33
11    51.44   127.84   190.66     0.33
11    40.36   111.16   190.66     0.33
11    34.82   123.59   190.66     0.33
11    76.87   147.45   190.66     0.33
11    84.69   161.84   190.66     0.33
11    94.79   170.34   190.66     0.33
11   109.13   154.32   190.66     0.33
11   118.58   170.34   190.66     0.33
11   130.64   161.84   190.66     0.33
11   145.96   156.61   190.66     0.33
11    68.72   167.73   190.66     0.33
11    56.33   159.88   190.66     0.33
11    45.90   184.73   190.66     0.33
11    45.25   194.86   190.66     0.33
11    26.35   187.34   190.66     0.33
11    37.75   167.73   190.66     0.33
11    35.47   157.26   190.66     0.33
11    38.41   143.53   190.66     0.33
11    67.74   133.07   190.66     0.33
11    53.72   171.98   190.66     0.33
11    62.85   177.86   190.66     0.33
11    52.42   179.50   190.66     0.33
11    54.38   186.03   190.66     0.33
11    58.61   137.97   190.66     0.33
11    48.84   136.01   190.66     0.33
11    50.14   145.82   190.66     0.33
11    68.72   115.09   190.66     0.33
11    64.15   105.61   190.66     0.33
11    55.35   119.34   190.66     0.33
11   106.85   114.11   190.66     0.33
11   140.10   126.86   190.66     0.33
11   125.43   128.49   190.66     0.33
11    88.60   146.47   194.45     0.33
11    81.43   153.99   194.45     0.33
11    95.44   149.09   194.45     0.33
11   119.24   138.95   194.45     0.33
11   126.41   152.03   195.36     0.33
11   112.07   125.55   195.36     0.33
11   101.64   122.28   197.10     0.33
11    93.16   132.09   197.10     0.33
11   107.83   143.86   197.10     0.33
11    93.16   157.26   197.10     0.33
11   107.18   133.40   197.10     0.33
11   146.61   122.61   197.10     0.33
11    87.62   115.09   197.10     0.33
11    65.46   125.55   197.10     0.33
11    78.17   173.28   197.10     0.33
11    84.04   178.19   197.10     0.33
11    55.35   197.48   197.10     0.33
11    61.87   204.67   197.93     0.33
11    34.82   178.19   197.93     0.33
11    61.87   154.32   201.42     0.33
11    43.95   158.57   201.42     0.33
11    35.80   188.00   201.42     0.33
11    33.84   198.13   201.42     0.33
11   142.70   137.32   205.36     0.33
11   131.62   135.03   205.36     0.33
11   130.64   143.53   205.36     0.33
11   142.05   105.28   205.36     0.33
11    92.51   139.94   205.36     0.33
11    81.10   137.65   205.36     0.33
11    77.84   126.53   205.36     0.33
11    71.32   152.03   205.36     0.33
11    62.52   194.53   206.95     0.33
11    46.23   186.03   207.78     0.33
11    69.37   167.07   207.78     0.33
11    85.01   164.13   207.78     0.33
11    94.14   167.07   207.78     0.33
11    55.03   155.30   207.78     0.33
11    42.32   171.32   207.78     0.33
11    59.59   170.67   207.78     0.33
11    42.97   197.15   207.78     0.33
11    52.09   205.65   207.78     0.33
11    73.93   147.45   207.78     0.33
11    66.76   135.03   207.78     0.33
11    56.33   145.82   207.78     0.33
11    54.05   128.82   207.78     0.33
11    85.34   125.88   207.78     0.33
11   103.92   154.32   207.78     0.33
11   110.44   150.07   207.78     0.33
11   119.24   147.13   207.78     0.33
11   129.01   129.80   207.78     0.33
11   118.91   128.17   207.78     0.33
11   122.82   109.53   207.78     0.33
11   100.98   109.86   207.78     0.33
11    70.67   118.36   207.78     0.33
11    92.51   147.78   212.10     0.33
11   110.11   123.26   212.10     0.33
11   118.26   137.32   212.10     0.33
11   137.16   126.86   212.10     0.33
11    82.08   152.69   212.93     0.33
11   104.24   142.88   212.93     0.33
11   109.78   131.43   212.93     0.33
11    94.14   128.49   212.93     0.33
11   100.33   120.65   212.93     0.33
11   116.95   119.34   212.93     0.33
11    88.60   114.11   212.93     0.33
11    56.98   138.63   212.93     0.33
11    53.72   188.32   212.93     0.33
11    54.05   195.84   212.93     0.33
11    34.49   177.21   213.77     0.33
11    36.12   159.88   213.77     0.33
11    45.90   138.63   213.77     0.33
11    77.19   179.17   216.42     0.33
11    43.29   160.86   217.48     0.33
11    42.32   150.07   218.31     0.33
11    80.78   138.95   221.64     0.33
11    90.23   141.24   221.64     0.33
11    74.26   128.82   221.64     0.33
11    98.38   136.34   221.64     0.33
11   127.71   120.97   221.64     0.33
11    70.35   146.47   226.19     0.33
11    58.29   153.01   226.19     0.33
11    71.00   168.71   226.19     0.33
11    48.84   177.86   221.34     0.33
11    34.82   183.42   221.34     0.33
11    33.52   190.28   221.34     0.33
11    70.67   155.96   221.34     0.33
11    20.81   169.36   191.42     0.33
11    22.11   157.26   191.42     0.33
11    13.31   145.17   191.42     0.33
11     7.44   159.22   191.42     0.33
11   122.82   179.17   190.51     0.33
11   111.09   183.75   190.51     0.33
11    99.68   186.69   190.51     0.33
11   155.09    97.11   190.51     0.33
11   107.50    91.87   190.51     0.33
11    95.44    94.49   190.51     0.33
11   155.09   113.78   190.51     0.33
11   152.16   143.86   190.51     0.33
11   153.13   165.44   190.51     0.33
11   135.21   170.99   202.48     0.33
11    22.11   145.82   203.39     0.33
11    43.29   122.93   203.39     0.33
11   100.01   102.01   203.39     0.33
11    -4.94   185.71   164.30     0.33
11    -7.55   176.55   163.32     0.33
11    -6.57   172.96   163.32     0.33
11     3.21   196.82   163.32     0.33
11    12.33   205.32   163.32     0.33
11   218.97   141.57    32.80     0.33
11   217.02   149.74    32.80     0.33
11   202.67   170.99    32.80     0.33
11   188.99   183.09    32.80     0.33
12   125.81    70.62     2.50     0.33
12   124.83   198.78    10.38     0.33
12   127.76   203.36    10.38     0.33
12   115.71   207.61    10.38     0.33
12   118.31   212.51    10.38     0.33
12   216.42   157.59    24.32     0.33
12   212.18   165.43    25.15     0.33
12   181.87   172.95    30.07     0.33
12    58.67    84.68    28.71     0.33
12   113.42   219.71    58.71     0.33
12   220.98   127.51    62.11     0.33
12   220.33   122.28    62.11     0.33
12   219.35   115.74    62.11     0.33
12   198.49    87.29    58.10     0.33
12   169.48    67.35    55.83     0.33
12   150.91    67.02    42.65     0.33
12    98.43    74.54    68.02     0.33
12    45.96    82.39    81.43     0.33
12   157.42    71.60    92.26     0.33
12   157.10    79.45    95.37     0.33
12   198.17    77.81    94.54     0.33
12   205.01    80.76    87.42     0.33
12   213.81   100.04    73.55     0.33
12   220.00   101.68    73.55     0.33
12   220.00   146.80    84.01     0.33
12   200.77   148.11    84.84     0.33
12   200.77   138.30    85.67     0.33
12   142.76   204.67    81.96     0.33
12   100.71   209.24    92.42     0.33
12    26.40   214.48    91.20     0.33
12    32.27   208.59    98.25     0.33
12   -14.34   179.49   110.97     0.33
12   103.32   207.61   126.12     0.33
12   115.71   208.92   124.00     0.33
12    96.80   204.34   118.93     0.33
12   108.21   208.59   114.31     0.33
12   152.86   192.57   122.26     0.33
12   156.77   188.97   122.26     0.33
12   173.39   183.09   122.26     0.33
12   172.09   172.95   122.26     0.33
12   186.43   118.35   131.58     0.33
12   194.58   117.37   122.03     0.33
12   185.78    91.87   132.03     0.33
12   183.82    99.06   124.00     0.33
12   203.71   120.64   121.43     0.33
12    76.27    79.45    97.94     0.33
12   149.93   188.97   104.46     0.33
12   147.97   171.32   105.52     0.33
12   209.25   120.97   105.52     0.33
12   215.77   150.72   109.84     0.33
12   180.57   130.45   119.91     0.33
12   177.63   138.62   107.79     0.33
12   179.91   151.38   140.90     0.33
12   186.43   152.03   140.90     0.33
12   149.93   174.92   140.90     0.33
12   149.60   181.78   140.90     0.33
12   173.72    84.35   140.90     0.33
12   143.74    76.18   151.05     0.33
12   167.53    82.72   151.05     0.33
12   171.77    88.60   150.14     0.33
12   155.14   150.07   157.64     0.33
12   137.22   185.70   150.97     0.33
12   138.85   177.53   158.09     0.33
12    52.47   216.11   104.76     0.33
12    47.26   216.76   113.17     0.33
12    62.25   223.63   132.26     0.33
12    52.47   219.05   134.08     0.33
12    83.76   221.01   153.70     0.33
12    74.96   224.61   153.70     0.33
12    60.95   222.65   152.86     0.33
12    54.10   221.01   152.86     0.33
12    49.87   217.09   152.03     0.33
12    72.36   202.71   158.09     0.33
12   101.04   199.11   155.51     0.33
12    87.68   193.22   151.58     0.33
12   120.27   169.03   161.42     0.33
12   116.03   161.84   161.42     0.33
12   151.88   161.84   162.33     0.33
12   174.70   157.26   163.24     0.33
12   179.91   153.34   165.13     0.33
12   196.54   133.39   164.60     0.33
12   204.68   137.32   159.23     0.33
12    94.52   220.36    73.33     0.33
12   191.97   118.35    80.60     0.33
12   197.84   120.32    80.60     0.33
12   186.76   107.89    81.43     0.33
12   150.58   199.11    90.22     0.33
12   149.28   152.36   119.15     0.33
12   152.21   147.12   133.17     0.33
12   155.47   138.30   137.18     0.33
12    77.25   191.26   177.63     0.33
12    88.00   193.55   177.63     0.33
12    92.24   196.82   179.07     0.33
12    71.38   202.05   180.59     0.33
12    70.07   207.28   180.59     0.33
12    16.95   188.65   181.50     0.33
12    46.28   170.66   183.69     0.33
12    45.30   160.53   183.69     0.33
12    30.31   129.14   179.00     0.33
12    70.73   223.96   129.00     0.33
12    75.29   225.59   129.00     0.33
12    77.25   208.26   131.35     0.33
12    79.85   199.44   131.35     0.33
12    82.46    78.47   135.29     0.33
12    74.31    85.01   144.68     0.33
12    71.38    95.47   146.88     0.33
12    63.88    86.64   138.85     0.33
12    57.36    86.31   128.02     0.33
12   156.77    82.72   159.15     0.33
12   149.60    82.39   159.15     0.33
12   154.82    89.58   159.15     0.33
12   145.69   106.58   160.21     0.33
12   156.45   106.58   174.22     0.33
12   151.23   100.70   175.13     0.33
12   159.38   112.14   175.13     0.33
12   157.10   119.01   175.13     0.33
12   146.99   117.05   175.13     0.33
12   180.89   141.89   166.80     0.33
12   146.99   166.09   174.68     0.33
12   159.38   156.61   168.24     0.33
12   166.88   130.12   167.63     0.33
12   163.29   121.95   183.62     0.33
12    88.33    87.62   178.16     0.33
12    81.48    89.26   181.65     0.33
12   123.53    97.43   194.15     0.33
12   152.54   106.91   194.15     0.33
12   115.05   158.24   194.15     0.33
12   130.37   103.31   204.83     0.33
12   134.28   110.83   204.83     0.33
12   137.87   118.03   199.15     0.33
12   112.45   108.55   199.15     0.33
12   106.91   102.01   199.15     0.33
12   128.09   120.64   200.21     0.33
12    76.92   104.30   200.21     0.33
12    37.16   138.30   200.21     0.33
12    31.29   137.64   200.21     0.33
12    44.00   149.41   200.21     0.33
12    74.64   191.92   196.65     0.33
12    78.88   184.07   196.65     0.33
12    79.53   189.63   196.65     0.33
12    68.77   144.18   196.65     0.33
12   100.71   164.78   196.65     0.33
12    56.39   150.39   187.33     0.33
12   123.20   162.16   187.33     0.33
12   107.88   161.84   187.33     0.33
12   117.99   116.39   192.86     0.33
12    62.25   190.61   187.56     0.33
12    74.96   208.26   187.56     0.33
12    55.08   219.05   177.56     0.33
12    48.89   220.69   177.56     0.33
12   104.30   183.42   168.92     0.33
12   109.19   167.40   167.94     0.33
12    36.50   124.89   155.89     0.33
12    33.90   107.56   157.48     0.33
12    57.36   115.41   160.44     0.33
12    53.13   133.39   169.23     0.33
12   102.34   114.43   164.98     0.33
12   112.12   130.12   176.27     0.33
12    66.49   184.40   176.95     0.33
12    73.99   185.05   182.41     0.33
12    19.56   203.36   162.48     0.33
12   -13.69   195.19   151.35     0.33
12   -14.01   188.32   145.36     0.33
12    68.77   224.94   168.24     0.33
12    59.65   160.20   215.58     0.33
12    67.79   158.57   205.21     0.33
12    67.47   181.45   210.96     0.33
12    57.36   181.13   207.48     0.33
12    51.50   172.63   213.46     0.33
12    24.77   195.51   211.80     0.33
12    51.17   147.78   215.36     0.33
12    54.76   118.03   210.51     0.33
