11   161.10   144.59     0.00     0.33
11   157.19   126.61     0.00     0.33
11   180.66   124.97     0.00     0.33
11   207.71   121.70     0.00     0.33
11   204.45   132.82     0.00     0.33
11   205.43   142.30     0.00     0.33
11   184.24   146.88     0.00     0.33
11   200.54   111.57     3.18     0.33
11   167.30   163.55     3.18     0.33
11   193.04   163.22     3.18     0.33
11   207.71   162.90     3.18     0.33
11   195.65   151.45     7.95     0.33
11   193.04   136.09     7.95     0.33
11   190.44   122.68    11.06     0.33
11   172.18   137.07    11.06     0.33
11   179.36   158.32    11.06     0.33
11   206.41   147.20    15.53     0.33
11   159.15   174.99    15.45     0.33
11   156.21   144.26    15.45     0.33
11   166.64   150.47    15.45     0.33
11   159.80   130.86    15.45     0.33
11   181.64   126.28    15.45     0.33
11   204.13   135.11    15.45     0.33
11   206.41   121.05    15.45     0.33
11   212.93   128.57    15.45     0.33
11   219.12   192.32    15.45     0.33
11   167.30   187.74    15.45     0.33
11   191.09   189.71    15.45     0.33
11   203.80   178.59    11.51     0.33
11   217.82   173.03    11.51     0.33
11   177.73   174.99    11.51     0.33
11   169.90   107.97    11.51     0.33
11   124.60   164.53    10.30     0.33
11   120.04   186.44    10.30     0.33
11   119.38   206.71    10.30     0.33
11   167.62   215.86    10.30     0.33
11   176.42   239.07    10.30     0.33
11   167.62   252.48    10.30     0.33
11   154.26   243.98    10.30     0.33
11   150.35   210.96    10.30     0.33
11   142.20   222.73    10.30     0.33
11   139.27   235.15    10.30     0.33
11   200.87   217.82    10.30     0.33
11   211.62   236.13    10.30     0.33
11   197.93   236.13    10.30     0.33
11   147.41   257.38    16.13     0.33
11   160.78   269.48    16.13     0.33
11   167.95   278.31    16.13     0.33
11   213.25   269.48    16.13     0.33
11   222.05   277.33    16.13     0.33
11   212.60   282.89    17.04     0.33
11   149.70   275.04    17.04     0.33
11   143.18   278.96    17.04     0.33
11   134.05   266.21    17.04     0.33
11   122.64   273.08    17.04     0.33
11   121.34   278.96    17.04     0.33
11   115.47   168.45    17.88     0.33
11   136.66   149.17    17.88     0.33
11   129.49   141.32    17.88     0.33
11   157.52   110.91    17.88     0.33
11   124.27   110.59    17.88     0.33
11   126.55    99.80    17.88     0.33
11   120.36   121.70    17.88     0.33
11    94.61   138.05    17.88     0.33
11    73.43   131.51    17.88     0.33
11    71.15   154.40    17.88     0.33
11    71.15   167.47    17.88     0.33
11    88.75   162.90    17.88     0.33
11    71.80   177.28    17.88     0.33
11    73.75   193.96    17.88     0.33
11    78.64   215.21    18.79     0.33
11    82.23   248.56    18.79     0.33
11   107.00   250.52    18.79     0.33
11   124.60   242.34    18.79     0.33
11   176.42   223.05    18.79     0.33
11   218.79   206.71    18.79     0.33
11   196.30   163.88    18.79     0.33
11   204.45   160.94    18.79     0.33
11   216.51   151.13    18.79     0.33
11   158.17   297.92    18.79     0.33
11   167.62   290.41    18.79     0.33
11   187.83   289.75    18.79     0.33
11   200.54   287.46    18.79     0.33
11   106.67   229.59    22.27     0.33
11   116.78   217.50    22.27     0.33
11   106.02   202.13    22.27     0.33
11   106.02   186.76    22.27     0.33
11   109.28   132.16    22.27     0.33
11    88.42   121.70    22.27     0.33
11   144.81   197.55    22.27     0.33
11   187.18   197.23    22.27     0.33
11   178.38   252.48    22.27     0.33
11   216.19   252.15    22.27     0.33
11   188.16   149.49    24.16     0.33
11   154.26   167.47    24.16     0.33
11   204.13   110.59    24.16     0.33
11   180.66   113.20    24.16     0.33
11   109.28   151.45    24.16     0.33
11   100.81   163.88    24.16     0.33
11    83.86   150.47    24.16     0.33
11    85.81   181.53    24.92     0.33
11    90.38   233.19    24.92     0.33
11    91.68   211.61    24.92     0.33
11    87.44   198.21    24.92     0.33
11   122.32   258.69    24.92     0.33
11   133.40   248.56    24.92     0.33
11   170.88   262.29    24.92     0.33
11   128.51   175.65    27.65     0.33
11   168.27   170.74    27.65     0.33
11   169.90   157.34    27.65     0.33
11   197.93   184.80    28.48     0.33
11   210.97   192.98    28.48     0.33
11   205.43   221.42    29.47     0.33
11   210.64   232.86    29.47     0.33
11   178.70   235.48    29.47     0.33
11   159.80   243.98    30.30     0.33
11   145.13   235.48    30.30     0.33
11   167.95   212.59    30.30     0.33
11   135.35   229.27    31.13     0.33
11   167.62   184.80    31.13     0.33
11   178.70   139.03    31.13     0.33
11   164.04   141.65    31.13     0.33
11   147.09   141.65    31.97     0.33
11   165.01   126.61    31.97     0.33
11   179.36   126.61    32.80     0.33
11   203.80   136.41    33.63     0.33
11   222.70   187.74    33.63     0.33
11   144.48   259.67    33.63     0.33
11   145.13   277.00    34.54     0.33
11   133.40   262.61    34.54     0.33
11   122.97   272.75    34.54     0.33
11   109.61   255.10    34.54     0.33
11   107.00   245.29    34.54     0.33
11   112.21   286.48    34.54     0.33
11   127.53   296.62    34.54     0.33
11    93.64   278.31    34.54     0.33
11   165.99   288.44    34.54     0.33
11   159.80   301.19    34.54     0.33
11   159.47   274.71    34.54     0.33
11   190.44   288.12    34.54     0.33
11   185.22   303.81    34.54     0.33
11   220.10   276.02    34.54     0.33
11   210.32   278.64    34.54     0.33
11   234.11   288.44    34.54     0.33
11   224.66   292.04    34.54     0.33
11   216.51   299.89    34.54     0.33
11   207.39   269.15    34.54     0.33
11   205.10   290.08    34.54     0.33
11   223.03   206.71    34.54     0.33
11   196.30   165.84    34.54     0.33
11   205.76   154.07    34.54     0.33
11   133.40   141.97    35.38     0.33
11   132.75   159.95    35.38     0.33
11   112.21   169.44    35.38     0.33
11   118.41   115.82    35.38     0.33
11   126.88    95.87    35.38     0.33
11   162.08    91.62    35.38     0.33
11   160.13   110.26    35.38     0.33
11   149.04    79.53    35.38     0.33
11    82.55   105.68    35.38     0.33
11    73.75   128.57    35.38     0.33
11    67.56   152.43    35.38     0.33
11    70.49   168.78    35.38     0.33
11    74.73   188.07    35.38     0.33
11    76.69   216.19    36.28     0.33
11    64.95   241.36    36.28     0.33
11    78.32   222.40    36.28     0.33
11    36.60   178.26    38.10     0.33
11    40.18   156.36    38.10     0.33
11    51.26   130.86    38.10     0.33
11    51.92   143.61    38.10     0.33
11    63.65    97.51    38.10     0.33
11   109.61   128.57    38.10     0.33
11    90.70   123.01    38.10     0.33
11    90.38   141.97    38.10     0.33
11    95.59    91.95    38.10     0.33
11   207.71   123.66    38.10     0.33
11   195.00   124.97    38.94     0.33
11   186.53   198.21    39.77     0.33
11   182.29   115.49    39.77     0.33
11   190.44   149.82    39.77     0.33
11   158.17   149.49    39.77     0.33
11   111.89   158.32    39.77     0.33
11    92.66   159.63    39.77     0.33
11    83.86   148.51    39.77     0.33
11   103.74   179.90    39.77     0.33
11   111.24   190.69    39.77     0.33
11   123.30   186.44    39.77     0.33
11    67.56   179.90    39.77     0.33
11    52.57   184.80    39.77     0.33
11   104.72   228.29    39.77     0.33
11   108.63   219.79    39.77     0.33
11   105.37   199.51    39.77     0.33
11   169.25   224.04    39.77     0.33
11   222.05   260.33    39.77     0.33
11   214.88   250.52    39.77     0.33
11   219.77   195.59    39.77     0.33
11   214.88   173.03    39.77     0.33
11   212.60   139.03    39.77     0.33
11   204.45   111.89    39.77     0.33
11   145.78   174.67    39.77     0.33
11   166.64   235.15    39.77     0.33
11   170.23   251.17    39.77     0.33
11   158.82   262.61    39.77     0.33
11   114.17   276.35    39.77     0.33
11    82.88   254.11    39.77     0.33
11    73.10   235.48    39.77     0.33
11    97.87   267.52    39.77     0.33
11   184.24   277.98    39.77     0.33
11   171.53   272.75    39.77     0.33
11   183.92   225.34    39.77     0.33
11   144.81    68.41    39.77     0.33
11   133.73    68.08    39.77     0.33
11   176.42    87.05    39.77     0.33
11   167.95    99.80    39.77     0.33
11    83.21   193.30    41.44     0.33
11    99.83   209.98    41.44     0.33
11   135.03   239.07    41.44     0.33
11   149.37   210.30    41.44     0.33
11   143.18   195.92    41.44     0.33
11   192.39   261.31    41.44     0.33
11   146.44   302.50    41.44     0.33
11   132.75   286.15    41.44     0.33
11   151.98   288.77    41.44     0.33
11   198.91   249.54    41.44     0.33
11   195.00   233.84    41.44     0.33
11   179.36   254.11    41.44     0.33
11   183.59   242.02    41.44     0.33
11   232.48   237.44    41.44     0.33
11   202.17   207.69    41.44     0.33
11   190.11   211.28    41.44     0.33
11   175.12   199.84    41.44     0.33
11   157.19   195.92    41.44     0.33
11   151.65   224.69    41.44     0.33
11   129.49   214.55    41.44     0.33
11   120.36   200.17    41.44     0.33
11   123.95   241.04    41.44     0.33
11   116.12   226.32    41.44     0.33
11   145.78   247.58    41.44     0.33
11   135.03   250.84    41.44     0.33
11   120.04   258.69    41.44     0.33
11   150.02   128.89    41.44     0.33
11   137.64    95.55    41.44     0.33
11   141.55   118.76    42.27     0.33
11   130.14   125.95    42.27     0.33
11   105.04   106.34    42.27     0.33
11    93.64   112.55    42.27     0.33
11   108.95   145.57    43.10     0.33
11   125.90   172.05    43.10     0.33
11   169.90   157.01    43.10     0.33
11   175.12   178.59    43.10     0.33
11   183.59   184.80    43.10     0.33
11   180.33   166.49    43.10     0.33
11   163.06   171.07    43.10     0.33
11   146.44   160.61    43.10     0.33
11   121.01   151.78    43.10     0.33
11    94.61   191.99    43.10     0.33
11    84.84   175.65    43.10     0.33
11    80.92   160.94    43.10     0.33
11    73.75   140.66    43.10     0.33
11    75.06   115.82    43.10     0.33
11    57.78   115.49    43.10     0.33
11   111.89    87.05    43.10     0.33
11   146.76   105.03    43.10     0.33
11   177.07   101.43    43.10     0.33
11   193.04   101.10    43.10     0.33
11   186.85    94.57    43.10     0.33
11   194.35    86.39    43.10     0.33
11   189.79    83.45    43.10     0.33
11   214.23   155.05    43.10     0.33
11    86.47   218.48    43.10     0.33
11    76.36   203.44    43.10     0.33
11    69.52   193.63    43.10     0.33
11    90.38   234.50    44.09     0.33
11    93.31   250.84    44.09     0.33
11   195.00   184.15    44.09     0.33
11   213.90   183.17    44.09     0.33
11   232.16   181.21    44.09     0.33
11   227.92   171.40    44.09     0.33
11   239.33   170.74    44.09     0.33
11   222.70   129.55    44.09     0.33
11   117.10   138.38    44.09     0.33
11    98.52   168.45    44.09     0.33
11    97.55   149.17    44.09     0.33
11    97.87   133.47    44.09     0.33
11   122.64   107.64    44.09     0.33
11   137.64   183.49    44.09     0.33
11   131.44   202.13    44.09     0.33
11   219.44   220.77    44.09     0.33
11   202.50   224.36    45.98     0.33
11   177.73   232.86    45.98     0.33
11   159.80   252.15    45.98     0.33
11   156.87   239.73    45.98     0.33
11   168.60   212.92    45.98     0.33
11   199.56   193.63    45.98     0.33
11   131.44   225.67    46.81     0.33
11   169.58   141.97    46.81     0.33
11   179.36   141.32    46.81     0.33
11   186.85   131.18    46.81     0.33
11   145.46   141.65    47.65     0.33
11   162.08   122.03    47.65     0.33
11   175.77   130.20    48.56     0.33
11   144.81   259.67    50.75     0.33
11   148.39   275.04    50.75     0.33
11   130.14   275.69    50.75     0.33
11   133.07   263.27    50.75     0.33
11   189.79   164.86    50.75     0.33
11   203.80   162.57    50.75     0.33
11   136.33   149.82    50.75     0.33
11   134.05   161.92    50.75     0.33
11   115.47   116.47    50.75     0.33
11   113.19   168.13    50.75     0.33
11   224.33   204.09    50.75     0.33
11   214.56   281.25    50.75     0.33
11   222.38   275.04    50.75     0.33
11   228.90   283.87    50.75     0.33
11   223.68   291.71    50.75     0.33
11   209.99   271.77    50.75     0.33
11   190.76   287.46    50.75     0.33
11   209.67   286.81    50.75     0.33
11   205.10   293.02    50.75     0.33
11   211.62   295.64    50.75     0.33
11   169.25   288.77    50.75     0.33
11   164.04   292.69    50.75     0.33
11   162.41   302.18    50.75     0.33
11   184.24   300.21    50.75     0.33
11   192.72   303.81    50.75     0.33
11   185.55   309.04    50.75     0.33
11   108.63   247.90    50.75     0.33
11    72.78   170.09    50.75     0.33
11    66.26   156.68    50.75     0.33
11   130.79    90.64    50.75     0.33
11   157.84    93.58    50.75     0.33
11   159.47   108.62    50.75     0.33
11   150.67    80.18    50.75     0.33
11   150.02    70.70    50.75     0.33
11    75.38   214.55    52.72     0.33
11    85.81   201.80    52.72     0.33
11    77.99   226.00    52.72     0.33
11   170.23   187.74    52.72     0.33
11    75.38   127.91    52.72     0.33
11    33.01   147.53    52.72     0.33
11    77.34   104.37    52.72     0.33
11    71.80    91.30    52.72     0.33
11   103.74    74.30    52.72     0.33
11   121.67    96.53    52.72     0.33
11    90.38   123.01    53.56     0.33
11   114.17   127.91    53.56     0.33
11   204.45   131.18    53.56     0.33
11    62.02   246.92    53.56     0.33
11    61.04   233.52    53.56     0.33
11    93.31   281.25    53.56     0.33
11   117.43   294.98    53.56     0.33
11   133.40   301.85    53.56     0.33
11   122.64   284.85    53.56     0.33
11   103.74   286.48    53.56     0.33
11    53.87   147.20    53.56     0.33
11    56.81   128.57    53.56     0.33
11    41.81   154.07    53.56     0.33
11    32.69   178.59    53.56     0.33
11    46.05   195.59    53.56     0.33
11    40.84   209.00    53.56     0.33
11   212.93   123.01    54.54     0.33
11   145.78   172.71    55.60     0.33
11   126.23   182.84    55.60     0.33
11   103.74   181.53    55.60     0.33
11   110.91   194.61    55.60     0.33
11    66.91   182.19    55.60     0.33
11   165.01   266.87    55.60     0.33
11   169.58   273.08    55.60     0.33
11   181.64   274.71    55.60     0.33
11   186.85   278.31    55.60     0.33
11   204.13   215.86    55.60     0.33
11   185.55   231.56    55.60     0.33
11   166.64   219.79    55.60     0.33
11   166.32   233.52    55.60     0.33
11   165.67   246.27    55.60     0.33
11   217.82   251.83    55.60     0.33
11   222.70   261.63    55.60     0.33
11   213.25   264.90    55.60     0.33
11   194.02   176.63    55.60     0.33
11   194.02   147.53    55.60     0.33
11   206.41   141.97    55.60     0.33
11   217.82   135.11    55.60     0.33
11   226.29   135.43    55.60     0.33
11   206.08   113.20    55.60     0.33
11   185.55   113.53    55.60     0.33
11   219.12   193.63    55.60     0.33
11   228.24   188.40    55.60     0.33
11   218.47   175.32    55.60     0.33
11    88.09   148.84    55.60     0.33
11    93.31   160.94    55.60     0.33
11   121.34   160.61    55.60     0.33
11   141.87   133.80    55.60     0.33
11   174.79    87.05    55.60     0.33
11    98.52   267.19    56.43     0.33
11    86.14   260.33    56.43     0.33
11    73.10   264.25    56.43     0.33
11    77.34   247.58    57.42     0.33
11   168.27   162.24    58.25     0.33
11   176.75   182.19    58.25     0.33
11   186.20   195.26    58.25     0.33
11   176.42   211.28    59.08     0.33
11   135.68   237.77    59.08     0.33
11   113.52   272.75    59.08     0.33
11   116.12   256.08    59.08     0.33
11   107.00   222.73    59.08     0.33
11    92.01   223.05    59.08     0.33
11    91.35   109.28    59.92     0.33
11    63.32   108.95    59.92     0.33
11    91.35    90.64    59.92     0.33
11   109.28    87.37    59.92     0.33
11   110.58   141.65    59.92     0.33
11   231.50   167.80    59.92     0.33
11   217.16   181.86    59.92     0.33
11   227.27   178.92    59.92     0.33
11   190.11   244.96    59.92     0.33
11   173.81   251.50    59.92     0.33
11   157.52   260.00    59.92     0.33
11   192.39   263.27    59.92     0.33
11   235.74   290.73    59.92     0.33
11   241.28   281.58    59.92     0.33
11   224.99   298.91    59.92     0.33
11   220.75   303.81    59.92     0.33
11   170.88   315.91    59.92     0.33
11    94.61   250.52    59.92     0.33
11    69.84   195.59    59.92     0.33
11   144.15   198.86    59.92     0.33
11   118.41   107.32    59.92     0.33
11    94.94   129.88    59.92     0.33
11   165.01   153.42    59.92     0.33
11   153.61   162.24    59.92     0.33
11   149.04   126.61    59.92     0.33
11    85.16   139.03    59.92     0.33
11    78.64   181.86    59.92     0.33
11    43.77   125.30    59.92     0.33
11    39.86   112.55    59.92     0.33
11    53.22   100.45    59.92     0.33
11   137.64    70.04    59.92     0.33
11   133.40   209.98    59.92     0.33
11   147.41   218.15    59.92     0.33
11   118.41   243.98    59.92     0.33
11   213.90   242.67    59.92     0.33
11   225.64   238.42    59.92     0.33
11   232.16   247.90    59.92     0.33
11   189.79   157.67    59.92     0.33
11   132.42   112.55    59.92     0.33
11    50.61   187.42    59.92     0.33
11   198.26   194.28    61.81     0.33
11   193.70   184.15    61.81     0.33
11   151.65   248.56    61.81     0.33
11   152.63   234.17    61.81     0.33
11   136.66   284.52    61.81     0.33
11   165.01   201.15    61.81     0.33
11   165.99   172.38    61.81     0.33
11   102.11   234.50    61.81     0.33
11   175.44   140.34    62.72     0.33
11   151.98   143.28    62.72     0.33
11   159.80   127.59    62.72     0.33
11   177.73   126.61    64.39     0.33
11   191.09   126.61    64.39     0.33
11   189.79   140.66    64.39     0.33
11   192.07    94.57    65.30     0.33
11   195.98   114.18    65.30     0.33
11   195.65   103.39    66.13     0.33
11   158.17   110.59    66.13     0.33
11   132.42    91.30    66.13     0.33
11   154.91    94.57    66.13     0.33
11   170.23    95.55    66.13     0.33
11   150.67    67.43    66.13     0.33
11   149.37    75.60    66.13     0.33
11   130.79   145.90    66.13     0.33
11   138.94   149.82    66.13     0.33
11   180.66   164.53    66.13     0.33
11   218.79   281.25    66.13     0.33
11   211.62   286.15    66.13     0.33
11   220.10   292.04    66.13     0.33
11   236.72   271.77    66.13     0.33
11   203.80   296.94    66.13     0.33
11   196.96   289.42    66.13     0.33
11   180.99   298.58    66.13     0.33
11   182.94   304.46    66.13     0.33
11   192.72   307.08    66.13     0.33
11   170.56   285.83    66.13     0.33
11   149.37   278.96    66.13     0.33
11   140.57   266.21    66.13     0.33
11   129.81   277.65    66.13     0.33
11   164.36   291.39    66.13     0.33
11   158.17   301.52    66.13     0.33
11   173.49   301.19    66.13     0.33
11    72.45   170.09    66.96     0.33
11    66.26   154.07    66.96     0.33
11   115.47   114.18    66.96     0.33
11   172.18   241.04    66.96     0.33
11    89.07   200.17    67.80     0.33
11    77.34   212.92    67.80     0.33
11    72.78   225.67    67.80     0.33
11    78.97   128.89    67.80     0.33
11    69.19   124.64    67.80     0.33
11    80.27   105.03    67.80     0.33
11    68.54    94.24    67.80     0.33
11    71.47    84.10    67.80     0.33
11   103.41    72.66    67.80     0.33
11   102.44    54.35    67.80     0.33
11   105.04    42.91    67.80     0.33
11   114.17    46.83    67.80     0.33
11    77.67    50.76    67.80     0.33
11    58.11    67.10    67.80     0.33
11   170.56   189.71    67.80     0.33
11    56.15   146.88    68.78     0.33
11    55.83   132.49    68.78     0.33
11    35.62   150.15    68.78     0.33
11    38.23   157.34    68.78     0.33
11    29.75   181.53    68.78     0.33
11    43.44   194.28    68.78     0.33
11    42.46   208.02    68.78     0.33
11    59.41   243.33    68.78     0.33
11    59.41   232.21    68.78     0.33
11   109.93   278.96    68.78     0.33
11   121.34   286.48    68.78     0.33
11   131.44   303.81    68.78     0.33
11   144.48   304.46    68.78     0.33
11   142.85   294.33    68.78     0.33
11   117.43   298.91    68.78     0.33
11   111.24   297.60    68.78     0.33
11    94.29   283.87    68.78     0.33
11    79.95   283.54    68.78     0.33
11   106.35   286.48    68.78     0.33
11   106.35   168.13    68.78     0.33
11   132.42   169.44    68.78     0.33
11   207.39   159.95    69.69     0.33
11   205.76   125.95    69.69     0.33
11   216.51   166.17    69.69     0.33
11   228.24   208.34    69.69     0.33
11   215.21   210.96    69.69     0.33
11   212.93   202.46    69.69     0.33
11   226.62   266.21    69.69     0.33
11    33.01   132.16    69.69     0.33
11   110.91   158.97    69.69     0.33
11   140.24   253.79    69.69     0.33
11   195.98   229.27    69.69     0.33
11   123.30   202.13    70.60     0.33
11   131.12   183.17    71.43     0.33
11   146.76   174.01    71.43     0.33
11   112.87   192.98    71.43     0.33
11   105.37   182.19    71.43     0.33
11   123.30   162.57    71.43     0.33
11   145.78   152.43    71.43     0.33
11   145.46   133.47    71.43     0.33
11   133.73   132.49    71.43     0.33
11   183.27   113.20    71.43     0.33
11   207.06   110.26    71.43     0.33
11   224.99   135.11    71.43     0.33
11   214.88   135.11    71.43     0.33
11   207.39   139.68    71.43     0.33
11   196.30   143.93    71.43     0.33
11   195.33   174.34    71.43     0.33
11   204.45   211.94    71.43     0.33
11   199.56   219.79    71.43     0.33
11   171.86   217.17    71.43     0.33
11   124.93   226.00    71.43     0.33
11   163.38   267.52    71.43     0.33
11   154.91   275.04    71.43     0.33
11   171.86   275.04    71.43     0.33
11   184.57   274.38    71.43     0.33
11   187.18   284.19    71.43     0.33
11   210.64   265.23    71.43     0.33
11   214.88   249.54    71.43     0.33
11   218.47   259.02    71.43     0.33
11   229.55   191.99    71.43     0.33
11   215.86   192.98    71.43     0.33
11   239.65   175.97    71.43     0.33
11   234.44   198.53    71.43     0.33
11    90.70   159.63    71.43     0.33
11    84.51   150.15    71.43     0.33
11    65.28   181.53    71.43     0.33
11    61.69   204.42    71.43     0.33
11   109.28   199.84    71.43     0.33
11   163.06   249.21    71.43     0.33
11   160.78   234.50    71.43     0.33
11   118.08   134.13    71.43     0.33
11   116.78   149.82    71.43     0.33
11   115.15   124.97    71.43     0.33
11   177.73    83.45    71.43     0.33
11   128.51    85.08    71.43     0.33
11   105.37   109.93    71.43     0.33
11   175.12   152.43    71.43     0.33
11   182.94   141.65    71.43     0.33
11    99.83   267.52    72.34     0.33
11    73.75   266.21    72.34     0.33
11    83.86   264.25    72.34     0.33
11    86.47   275.69    72.34     0.33
11    85.49   252.48    72.34     0.33
11   182.29   230.90    72.34     0.33
11   168.60   229.92    72.34     0.33
11    92.98   212.92    72.34     0.33
11   126.55   256.40    72.34     0.33
11   103.41   244.31    72.34     0.33
11   121.99   266.87    72.34     0.33
11   124.60   103.39    72.34     0.33
11   118.41    98.82    72.34     0.33
11   161.10   116.80    72.34     0.33
11   181.96   120.39    72.34     0.33
11   151.33   112.55    72.34     0.33
11   186.20   172.05    72.34     0.33
11   195.65   204.42    72.34     0.33
11   173.81   184.15    74.01     0.33
11   166.32   164.86    74.01     0.33
11   183.27   193.63    74.01     0.33
11   182.94   204.09    74.01     0.33
11   133.73   235.81    74.92     0.33
11   115.15   258.69    74.92     0.33
11   158.82   223.05    74.92     0.33
11   153.93   202.46    74.92     0.33
11    90.05   226.00    74.92     0.33
11    73.10   244.63    74.92     0.33
11   146.76   125.95    75.90     0.33
11    98.85   126.28    75.90     0.33
11   113.52   141.65    75.90     0.33
11    82.23   142.95    75.90     0.33
11    83.53   122.68    75.90     0.33
11   135.03   211.94    75.90     0.33
11   143.18   200.82    75.90     0.33
11   177.40   210.96    75.90     0.33
11   228.90   241.36    75.90     0.33
11   155.89   257.38    75.90     0.33
11   117.10   243.33    75.90     0.33
11    99.83   223.05    76.73     0.33
11    78.32   182.51    76.73     0.33
11    69.19   196.57    76.73     0.33
11    52.57   191.01    76.73     0.33
11    43.12   110.59    76.73     0.33
11    42.14   118.11    76.73     0.33
11    60.06   108.30    76.73     0.33
11    67.56   104.70    76.73     0.33
11    48.98    98.82    76.73     0.33
11   114.82    88.68    76.73     0.33
11   101.13    91.30    76.73     0.33
11   136.98    69.72    76.73     0.33
11   179.03    99.47    76.73     0.33
11   210.32   118.76    76.73     0.33
11   215.53   178.92    76.73     0.33
11   225.64   179.57    76.73     0.33
11   230.53   167.47    76.73     0.33
11   156.21   160.28    76.73     0.33
11   163.38   152.43    76.73     0.33
11   190.11   248.88    76.73     0.33
11   192.39   259.67    76.73     0.33
11   195.98   237.11    76.73     0.33
11   205.43   223.38    76.73     0.33
11   139.92    96.53    76.73     0.33
11   224.33   288.77    76.73     0.33
11   233.13   291.06    76.73     0.33
11   239.98   282.89    76.73     0.33
11   223.03   301.19    76.73     0.33
11   213.25   304.46    76.73     0.33
11   162.73   309.04    76.73     0.33
11   142.85   312.96    76.73     0.33
11   171.21   315.91    76.73     0.33
11   180.99   312.31    76.73     0.33
11   187.50   312.64    76.73     0.33
11    62.35   251.17    76.73     0.33
11    51.92   220.11    76.73     0.33
11    26.17   206.71    76.73     0.33
11    18.67   177.61    76.73     0.33
11   191.74   161.26    76.73     0.33
11   148.07   233.84    77.57     0.33
11   146.76   250.84    77.57     0.33
11   176.10   253.79    77.57     0.33
11   192.07   188.73    77.57     0.33
11   199.56   195.59    77.57     0.33
11   151.00   144.91    78.40     0.33
11   154.26   128.57    78.40     0.33
11   174.79   135.11    78.40     0.33
11   187.50   130.20    80.14     0.33
11   199.56   113.20    80.98     0.33
11   202.50   118.43    80.98     0.33
11   219.77   183.17    80.98     0.33
11   209.99   287.79    81.89     0.33
11   202.50   298.25    81.89     0.33
11   236.72   276.67    81.89     0.33
11   166.32   287.14    81.89     0.33
11   178.70   295.64    81.89     0.33
11   183.27   299.89    81.89     0.33
11   162.08   299.23    81.89     0.33
11   155.24   294.98    81.89     0.33
11   168.93   293.67    81.89     0.33
11   140.90   268.17    81.89     0.33
11   130.47   278.96    81.89     0.33
11   138.61   285.50    81.89     0.33
11    95.59   247.58    81.89     0.33
11   182.94   164.86    81.89     0.33
11   175.12   161.92    81.89     0.33
11   117.75   107.97    81.89     0.33
11    81.25   191.34    81.89     0.33
11    82.88   236.46    81.89     0.33
11   144.15   118.11    81.89     0.33
11   165.34    89.66    81.89     0.33
11   152.30    65.14    81.89     0.33
11   148.72    86.07    81.89     0.33
11    22.26   153.74    81.89     0.33
11    17.69   164.20    81.89     0.33
11    16.06   144.91    81.89     0.33
11    29.10   144.59    81.89     0.33
11    25.52   134.78    81.89     0.33
11   237.70   204.09    81.89     0.33
11   233.13   156.36    81.89     0.33
11   241.28   169.11    81.89     0.33
11    69.84   172.71    82.72     0.33
11    65.61   156.36    82.72     0.33
11    81.58   164.86    82.72     0.33
11   151.00   217.17    82.72     0.33
11   170.56   239.40    82.72     0.33
11   132.42   146.55    82.72     0.33
11    87.12   133.15    82.72     0.33
11   159.15   105.35    82.72     0.33
11    84.51    89.01    82.72     0.33
11   113.52    72.66    83.55     0.33
11    73.75    82.80    83.55     0.33
11    68.87    90.97    83.55     0.33
11    61.04    87.70    83.55     0.33
11    54.52    67.10    83.55     0.33
11    79.62    58.93    83.55     0.33
11    72.12    54.68    83.55     0.33
11    76.36    47.81    83.55     0.33
11   108.30    48.47    83.55     0.33
11   106.35    39.64    83.55     0.33
11   117.43    42.25    83.55     0.33
11   122.97    57.62    83.55     0.33
11   150.67    52.72    83.55     0.33
11    73.10   214.23    83.55     0.33
11    85.16   218.15    83.55     0.33
11    70.17   226.98    83.55     0.33
11    83.21   204.09    83.55     0.33
11   170.56   195.26    83.55     0.33
11   145.78   275.69    83.55     0.33
11    80.92   134.78    83.55     0.33
11    72.12   120.39    83.55     0.33
11    83.53   113.20    83.55     0.33
11   115.15   115.16    83.55     0.33
11    97.55    64.16    83.55     0.33
11   157.84    78.22    83.55     0.33
11   207.39   104.05    83.55     0.33
11   191.74    97.18    83.55     0.33
11    57.78   135.43    84.39     0.33
11    54.85   150.47    84.39     0.33
11    39.21   152.76    84.39     0.33
11    41.49   192.32    84.39     0.33
11    29.75   186.11    84.39     0.33
11    40.51   206.71    84.39     0.33
11    44.42   214.23    84.39     0.33
11    62.02   234.50    84.39     0.33
11    61.04   243.00    84.39     0.33
11    75.71   251.50    84.39     0.33
11   101.13   254.77    84.39     0.33
11   108.95   277.98    84.39     0.33
11   116.45   289.75    84.39     0.33
11   126.88   294.66    84.39     0.33
11   141.55   297.27    84.39     0.33
11   150.67   290.08    84.39     0.33
11   105.70   294.98    84.39     0.33
11   116.45   302.83    84.39     0.33
11   129.49   305.44    84.39     0.33
11   134.70   310.68    84.39     0.33
11   146.44   304.46    84.39     0.33
11   173.81   303.16    84.39     0.33
11    95.59   291.06    84.39     0.33
11    56.81   257.06    84.39     0.33
11    83.21   285.83    84.39     0.33
11   101.13   283.54    84.39     0.33
11    47.03   233.84    84.39     0.33
11    50.94   244.96    84.39     0.33
11    98.85   170.09    84.39     0.33
11   139.92   160.94    84.39     0.33
11   118.08   184.15    84.39     0.33
11   102.11   152.11    84.39     0.33
11    64.63   144.26    84.39     0.33
11    33.99   173.36    84.39     0.33
11   138.29   106.01    84.39     0.33
11   214.56   277.65    84.39     0.33
11   209.01   156.03    85.22     0.33
11   218.79   168.78    85.22     0.33
11   206.41   186.44    85.22     0.33
11   204.78   169.44    85.22     0.33
11   196.30   127.59    85.22     0.33
11   169.58   125.30    85.22     0.33
11   163.71   138.70    85.22     0.33
11    54.20   166.17    85.22     0.33
11    44.09   179.24    85.22     0.33
11    36.92   132.49    85.22     0.33
11    89.07   100.78    85.22     0.33
11   225.96   265.23    85.22     0.33
11   125.25   201.80    86.05     0.33
11   121.01   160.94    88.02     0.33
11   114.17   152.11    88.02     0.33
11   118.41   128.89    88.02     0.33
11   143.18   134.45    88.02     0.33
11   139.27   140.99    88.02     0.33
11   127.53   103.72    88.02     0.33
11   120.69    97.84    88.02     0.33
11   130.79    85.08    88.02     0.33
11   180.01   123.01    88.02     0.33
11   154.26   116.47    88.02     0.33
11   149.70   111.57    88.02     0.33
11   176.10   117.78    88.02     0.33
11   183.92   115.16    88.02     0.33
11   210.64   135.43    88.85     0.33
11   222.70   131.51    88.85     0.33
11   185.55   139.03    88.85     0.33
11   194.35   142.95    88.85     0.33
11   183.92   150.15    88.85     0.33
11   110.58   195.59    88.85     0.33
11   127.21   227.30    88.85     0.33
11   136.33   259.67    88.85     0.33
11   156.54   271.77    88.85     0.33
11   158.50   252.48    88.85     0.33
11   169.25   229.27    88.85     0.33
11   201.52   213.90    88.85     0.33
11   197.28   204.75    88.85     0.33
11   189.46   205.07    88.85     0.33
11   211.30   193.63    88.85     0.33
11   227.27   193.63    88.85     0.33
11   189.13   180.88    88.85     0.33
11   197.61   177.28    88.85     0.33
11   183.59   173.69    88.85     0.33
11   189.13   172.71    88.85     0.33
11   152.30   242.67    88.85     0.33
11   174.47   264.58    88.85     0.33
11   176.10   274.38    88.85     0.33
11   184.57   274.71    88.85     0.33
11   183.27   284.19    88.85     0.33
11   183.59   236.13    88.85     0.33
11    98.85   262.29    88.85     0.33
11   100.15   270.13    88.85     0.33
11    83.53   275.37    88.85     0.33
11    73.75   267.85    88.85     0.33
11    60.39   204.09    88.85     0.33
11    62.35   183.17    88.85     0.33
11    85.49   155.38    88.85     0.33
11   107.00   179.90    88.85     0.33
11   177.07   218.80    88.85     0.33
11   216.19   216.84    88.85     0.33
11   213.90   206.38    88.85     0.33
11   153.61   169.11    88.85     0.33
11   145.46   173.69    88.85     0.33
11   128.84   174.67    88.85     0.33
11   164.36   257.71    88.85     0.33
11   164.04   272.75    88.85     0.33
11   201.19   261.96    88.85     0.33
11   210.64   258.69    88.85     0.33
11   215.21   248.23    88.85     0.33
11   219.77   256.73    88.85     0.33
11   132.75   219.46    88.85     0.33
11   176.10    84.10    88.85     0.33
11   175.77   187.74    89.76     0.33
11   210.64   146.55    89.76     0.33
11   164.04   164.86    89.76     0.33
11   128.51   251.83    90.67     0.33
11   121.01   269.81    90.67     0.33
11   166.64   213.57    90.67     0.33
11   157.84   213.90    90.67     0.33
11   164.36   201.48    90.67     0.33
11   214.56   127.59    90.67     0.33
11   202.82   130.20    90.67     0.33
11   235.42   185.78    90.67     0.33
11   237.37   175.97    90.67     0.33
11   227.59   234.82    90.67     0.33
11   229.22   282.23    90.67     0.33
11   109.28   244.31    90.67     0.33
11   188.81   197.23    90.67     0.33
11    57.13   125.95    90.67     0.33
11    47.03    93.26    90.67     0.33
11   107.65   159.95    90.67     0.33
11   117.75   257.71    90.67     0.33
11   173.81   153.42    90.67     0.33
11    37.25   126.28    90.67     0.33
11    24.54   123.34    90.67     0.33
11    19.32   197.23    90.67     0.33
11    92.33   239.40    90.67     0.33
11   156.87   228.94    90.67     0.33
11   151.65   187.42    90.67     0.33
11   218.79   155.05    90.67     0.33
11   164.69   178.26    90.67     0.33
11   161.10   189.05    91.73     0.33
11   149.70   263.92    91.73     0.33
11   189.13   224.69    91.73     0.33
11   177.07   208.67    91.73     0.33
11   140.90   201.80    91.73     0.33
11   136.33   185.13    91.73     0.33
11   118.73   244.63    91.73     0.33
11   139.59   240.06    91.73     0.33
11   130.47   240.06    91.73     0.33
11   119.06   229.59    91.73     0.33
11   104.39   234.17    91.73     0.33
11    91.03   229.92    91.73     0.33
11   121.01   213.57    91.73     0.33
11   112.21   217.82    91.73     0.33
11   105.70   210.63    91.73     0.33
11    96.24   203.76    91.73     0.33
11    92.33   189.71    91.73     0.33
11    86.47   174.01    91.73     0.33
11   115.15   171.40    91.73     0.33
11   112.54   139.68    91.73     0.33
11    97.22   141.65    91.73     0.33
11    83.86   142.95    91.73     0.33
11    98.52   126.28    91.73     0.33
11    95.27   119.74    91.73     0.33
11    83.86   124.32    92.57     0.33
11   133.73    91.95    92.57     0.33
11   178.70    98.82    92.57     0.33
11   172.84   107.32    92.57     0.33
11   183.27    89.66    92.57     0.33
11   141.55    72.33    92.57     0.33
11   138.29    47.81    92.57     0.33
11   141.55    55.33    92.57     0.33
11   133.73    63.51    92.57     0.33
11   121.01    64.81    92.57     0.33
11    90.70    47.81    92.57     0.33
11    86.14    67.43    92.57     0.33
11    69.19    69.06    92.57     0.33
11   104.72    89.66    92.57     0.33
11   114.50    87.37    92.57     0.33
11    74.08   101.76    92.57     0.33
11    65.28   105.03    92.57     0.33
11    46.38   103.72    92.57     0.33
11    45.07   115.49    92.57     0.33
11    47.03   134.13    92.57     0.33
11    70.17   196.57    92.57     0.33
11    49.31   194.61    92.57     0.33
11    52.89   181.86    92.57     0.33
11   149.37   154.72    92.57     0.33
11   159.15   157.67    92.57     0.33
11   191.41   157.99    92.57     0.33
11   196.30   162.57    92.57     0.33
11   211.62   178.26    92.57     0.33
11   165.01   150.47    92.57     0.33
11   205.10   222.73    92.57     0.33
11   197.28   232.54    92.57     0.33
11   193.37   243.33    92.57     0.33
11   183.59   246.92    92.57     0.33
11   187.50   260.98    92.57     0.33
11   228.24   246.27    92.57     0.33
11   140.90   212.27    92.57     0.33
11    99.50   224.69    92.57     0.33
11   128.84   131.51    92.57     0.33
11   128.18   118.11    92.57     0.33
11    87.44   253.79    92.57     0.33
11    64.30   218.48    92.57     0.33
11    55.18   224.69    93.40     0.33
11    53.87   210.96    93.40     0.33
11   144.48   251.83    93.40     0.33
11   172.84   253.13    93.40     0.33
11   202.17   276.35    93.40     0.33
11   188.48   294.66    93.40     0.33
11   193.37   280.27    93.40     0.33
11   212.60   270.13    93.40     0.33
11   100.15   109.93    93.40     0.33
11    48.33   157.67    93.40     0.33
11    42.14   167.47    93.40     0.33
11    28.45   202.46    93.40     0.33
11    77.34   183.82    93.40     0.33
11   127.21   156.03    93.40     0.33
11   197.28   194.61    93.40     0.33
11   225.96   175.32    93.40     0.33
11   140.57   228.29    93.40     0.33
11   150.67   144.59    94.46     0.33
11   149.37   127.91    94.46     0.33
11   174.47   134.45    94.46     0.33
11   219.44   181.21    96.20     0.33
11   183.59   130.86    96.20     0.33
11   199.89   112.87    96.20     0.33
11   204.45   121.70    96.20     0.33
11   167.62    90.97    97.04     0.33
11   149.04    83.12    97.04     0.33
11   152.96    66.12    97.04     0.33
11   144.81   118.43    97.04     0.33
11   182.61   161.26    97.04     0.33
11   175.44   160.28    97.04     0.33
11    78.97   118.76    97.04     0.33
11   113.84   106.34    97.04     0.33
11   139.59   267.85    97.04     0.33
11   157.19   279.94    97.04     0.33
11   162.08   284.85    97.04     0.33
11   169.90   292.04    97.04     0.33
11   178.70   299.23    97.04     0.33
11   136.33   279.29    97.04     0.33
11   134.38   285.83    97.04     0.33
11    83.53   237.77    97.04     0.33
11    81.58   209.65    97.04     0.33
11   102.44   195.92    97.04     0.33
11    70.82   174.01    97.87     0.33
11    68.87   185.46    97.87     0.33
11   133.40   149.17    97.87     0.33
11    65.93   159.95    97.87     0.33
11    77.99   151.13    97.87     0.33
11   120.36   116.14    98.85     0.33
11   114.17    74.30    98.85     0.33
11    78.97    81.81    98.85     0.33
11    71.15    80.83    98.85     0.33
11   207.71   101.10    98.85     0.33
11   157.84    73.64    98.85     0.33
11    82.88   134.13    98.85     0.33
11    73.10   123.01    98.85     0.33
11   233.46   156.03    99.69     0.33
11    56.15   135.43    99.69     0.33
11    31.38   186.76    99.69     0.33
11   114.82   151.78   104.53     0.33
11   114.50   160.94   104.53     0.33
11    85.81   218.48   104.53     0.33
11    64.95   236.46   104.53     0.33
11    65.28   244.96   104.53     0.33
11    71.47   253.13   104.53     0.33
11    59.41   249.21   104.53     0.33
11    52.24   243.65   103.25     0.33
11    49.64   253.79   104.08     0.33
11    55.50   256.73   104.08     0.33
11   104.72   188.40   104.99     0.33
11   118.08   184.48   104.99     0.33
11   156.54   167.15   104.99     0.33
11   176.42   119.74   104.99     0.33
11   149.37   107.97   104.99     0.33
11   127.21   106.99   104.99     0.33
11   135.35   102.41   104.99     0.33
11   128.51    82.80   104.99     0.33
11   118.41    93.26   104.99     0.33
11   111.56    54.68   104.99     0.33
11   110.26    46.83   104.99     0.33
11    58.11    63.83   104.99     0.33
11    63.98    58.60   104.99     0.33
11    53.22    69.06   104.99     0.33
11    59.09    76.58   104.99     0.33
11    59.74    85.08   104.99     0.33
11    48.01    85.08   104.99     0.33
11    72.45    92.28   104.99     0.33
11    36.60   138.70   104.99     0.33
11    36.60   149.49   104.99     0.33
11    27.15   145.24   104.99     0.33
11    27.15   132.82   104.99     0.33
11    30.08   158.97   104.99     0.33
11    30.73   166.17   104.99     0.33
11    42.46   191.34   104.99     0.33
11    60.06   202.13   104.99     0.33
11    78.97   191.34   104.99     0.33
11   130.79   217.50   104.99     0.33
11   128.18   224.36   104.99     0.33
11   149.04   226.32   104.99     0.33
11   165.67   236.46   104.99     0.33
11   156.87   244.63   104.99     0.33
11   166.32   255.10   104.99     0.33
11   161.76   260.65   104.99     0.33
11   154.58   273.73   104.99     0.33
11   138.94   273.40   104.99     0.33
11   124.60   273.73   104.99     0.33
11   145.78   291.71   104.99     0.33
11   147.74   299.89   104.99     0.33
11   151.65   311.66   104.99     0.33
11   164.36   313.62   104.99     0.33
11   166.97   307.41   104.99     0.33
11   168.27   300.54   104.99     0.33
11   140.90   311.98   104.99     0.33
11   139.59   306.10   104.99     0.33
11   129.49   311.98   104.99     0.33
11   121.99   304.14   104.99     0.33
11   121.99   297.92   104.99     0.33
11   122.32   292.69   104.99     0.33
11   117.10   303.81   104.99     0.33
11   105.37   296.29   104.99     0.33
11   100.48   294.33   104.99     0.33
11    92.33   286.48   104.99     0.33
11    87.77   289.75   105.82     0.33
11    79.95   278.31   105.82     0.33
11    75.71   270.79   105.82     0.33
11    98.85   263.27   105.82     0.33
11    96.90   272.42   105.82     0.33
11   109.28   275.37   105.82     0.33
11   115.47   282.56   105.82     0.33
11   116.12   263.92   105.82     0.33
11   113.84   249.21   105.82     0.33
11   123.62   252.48   105.82     0.33
11   134.05   259.35   105.82     0.33
11   160.13   271.77   105.82     0.33
11   172.18   222.07   105.82     0.33
11   155.24   215.86   105.82     0.33
11   147.41   215.86   105.82     0.33
11   159.15   227.63   105.82     0.33
11   169.90   229.92   105.82     0.33
11   200.87   202.46   105.82     0.33
11   191.41   196.25   105.82     0.33
11   185.87   193.30   105.82     0.33
11   190.76   182.19   105.82     0.33
11   188.81   173.03   105.82     0.33
11   180.66   173.69   105.82     0.33
11   175.12   169.11   105.82     0.33
11   203.15   149.82   105.82     0.33
11   201.52   142.95   105.82     0.33
11   210.97   145.24   105.82     0.33
11   209.34   138.05   105.82     0.33
11   191.09   133.80   105.82     0.33
11   188.48   139.68   105.82     0.33
11   186.85   148.84   105.82     0.33
11   179.68   153.09   105.82     0.33
11   220.10   140.01   105.82     0.33
11   198.91   129.55   105.82     0.33
11   185.87   125.95   105.82     0.33
11   216.51   128.24   105.82     0.33
11   213.58   168.13   105.82     0.33
11   220.75   186.11   105.82     0.33
11   231.83   187.09   105.82     0.33
11   210.32   183.82   105.82     0.33
11   207.71   186.76   105.82     0.33
11   210.32   191.99   105.82     0.33
11   207.06   195.26   105.82     0.33
11   212.27   200.17   105.82     0.33
11   215.21   211.61   105.82     0.33
11   212.60   218.80   105.82     0.33
11   144.48   142.30   109.76     0.33
11   156.87   147.86   109.76     0.33
11   151.00   153.42   109.76     0.33
11   141.22   155.70   109.76     0.33
11   137.31   163.55   110.60     0.33
11   156.54   174.67   111.43     0.33
11   148.72   186.11   111.43     0.33
11   141.22   200.82   111.43     0.33
11   164.04   201.15   112.34     0.33
11   184.57   202.46   112.34     0.33
11   176.42   210.96   112.34     0.33
11   192.39   210.30   113.32     0.33
11   195.98   199.51   113.32     0.33
11   201.84   208.34   113.32     0.33
11   201.84   222.40   113.32     0.33
11   206.73   212.92   113.32     0.33
11   189.79   226.32   113.32     0.33
11   189.79   237.44   113.32     0.33
11   180.99   250.52   113.32     0.33
11   186.85   245.94   113.32     0.33
11   186.85   260.00   114.16     0.33
11   207.71   260.98   114.16     0.33
11   210.64   251.83   114.16     0.33
11   198.59   268.83   114.16     0.33
11   191.41   276.35   114.99     0.33
11   179.03   277.65   115.82     0.33
11   180.66   286.48   115.82     0.33
11   167.30   288.44   115.82     0.33
11   228.24   240.71   116.65     0.33
11   209.99   174.67   116.65     0.33
11   198.91   159.30   116.65     0.33
11   181.64   159.95   116.65     0.33
11   191.09   162.90   116.65     0.33
11   202.17   117.12   117.49     0.33
11   179.36   104.37   116.20     0.33
11   163.38   102.74   114.08     0.33
11   152.30   113.20   114.08     0.33
11   140.90   116.47   113.17     0.33
11   149.37   121.70   113.17     0.33
11   128.84   136.41   113.17     0.33
11   118.41   135.76   113.17     0.33
11   109.28   131.18   113.17     0.33
11   102.44   126.28   113.17     0.33
11   122.32   124.64   113.17     0.33
11   126.23   128.89   113.17     0.33
11    88.75   120.72   113.17     0.33
11    92.66   112.55   113.17     0.33
11    81.25   116.47   113.17     0.33
11    78.97   151.78   113.17     0.33
11    70.82   172.05   113.17     0.33
11    83.53   183.82   113.17     0.33
11   108.30   196.90   113.17     0.33
11    82.55   204.42   117.94     0.33
11    80.27   210.96   117.94     0.33
11    98.52   216.19   117.94     0.33
11    94.29   221.75   117.94     0.33
11   103.74   227.96   117.94     0.33
11   115.15   232.86   117.94     0.33
11   127.86   231.56   117.94     0.33
11   120.36   243.65   118.78     0.33
11   129.81   250.19   118.78     0.33
11   145.46   263.27   118.78     0.33
11   153.28   256.73   120.44     0.33
11   160.78   248.56   120.44     0.33
11   163.38   236.46   120.44     0.33
11   151.65   228.29   120.44     0.33
11   152.63   242.67   120.44     0.33
11   153.61   274.38   120.44     0.33
11   160.45   262.61   120.44     0.33
11   137.31   276.02   121.35     0.33
11   143.50   290.73   121.35     0.33
11   134.38   286.81   121.35     0.33
11   124.27   297.27   121.35     0.33
11   121.67   302.50   121.35     0.33
11   136.01   302.50   121.35     0.33
11   137.64   310.68   121.35     0.33
11   151.65   308.71   121.35     0.33
11   101.78   152.11   106.88     0.33
11   106.35   172.05   106.88     0.33
11    84.51   165.84   106.88     0.33
11    88.42   143.28   106.88     0.33
11   137.31   186.44   107.79     0.33
11   122.97   173.36   108.63     0.33
11   123.95   159.95   108.63     0.33
11   181.31    92.28   108.63     0.33
11   180.99    82.80   108.63     0.33
11   172.84    78.22   108.63     0.33
11   150.35    54.02   108.63     0.33
11   140.90    50.10   108.63     0.33
11   121.34    62.53   108.63     0.33
11   140.57    77.24   108.63     0.33
11   104.39    69.39   108.63     0.33
11    84.84    69.72   108.63     0.33
11   101.78    91.95   108.63     0.33
11   127.53    98.82   108.63     0.33
11   130.79    90.32   108.63     0.33
11    68.54   103.07   109.46     0.33
11    44.42   106.34   109.46     0.33
11    56.48   124.97   109.46     0.33
11    39.21   126.28   109.46     0.33
11    32.36   124.64   109.46     0.33
11    38.88   118.43   109.46     0.33
11    32.69   113.86   109.46     0.33
11    57.78   117.45   109.46     0.33
11    45.40   155.05   109.46     0.33
11    58.44   156.03   110.29     0.33
11    55.18   186.11   110.29     0.33
11    50.61   179.90   110.29     0.33
11    41.81   171.40   111.20     0.33
11    25.84   196.25   111.20     0.33
11    63.00   216.52   111.20     0.33
11    53.55   220.77   112.03     0.33
11    60.06   227.63   112.03     0.33
11    52.24   228.94   112.03     0.33
11    45.07   217.50   112.03     0.33
11    37.58   216.52   112.03     0.33
11    29.10   206.38   112.03     0.33
11    42.79   199.19   112.03     0.33
11    64.95   207.36   112.03     0.33
11   161.43   158.97   112.87     0.33
11   152.63   160.94   112.87     0.33
11   179.68   129.88   113.70     0.33
11   167.30    95.22   113.70     0.33
11   166.64    85.74   113.70     0.33
11   221.40   175.65   113.70     0.33
11   218.79   204.09   113.70     0.33
11   226.62   208.67   113.70     0.33
11    98.20   101.10   114.53     0.33
11   116.12   102.41   114.53     0.33
11   117.43   111.89   114.53     0.33
11    77.99    84.43   114.53     0.33
11    68.87    79.20   114.53     0.33
11   121.34    77.24   114.53     0.33
11   110.91    75.93   114.53     0.33
11   160.78    70.04   115.37     0.33
11   153.28    85.74   115.37     0.33
11    93.96    50.43   117.56     0.33
11    86.79    48.79   118.40     0.33
11   132.10   208.34   118.40     0.33
11   167.95   266.21   118.40     0.33
11    98.20   169.44   118.40     0.33
11   102.11   181.53   119.23     0.33
11    99.50   200.17   119.23     0.33
11    83.53   246.59   119.23     0.33
11    83.21   240.71   119.23     0.33
11    88.09   233.19   119.23     0.33
11    95.92   234.82   119.23     0.33
11    93.64   225.67   119.23     0.33
11   107.65   254.11   119.23     0.33
11   101.78   247.25   119.23     0.33
11   119.38   256.40   119.23     0.33
11   143.83   277.00   120.06     0.33
11   126.55   268.83   120.06     0.33
11   117.75   272.10   120.06     0.33
11    84.84   263.27   120.06     0.33
11    79.62   264.58   120.06     0.33
11    90.70   274.38   120.06     0.33
11   103.74   293.02   120.06     0.33
11    92.98   285.83   120.06     0.33
11   102.76   284.52   120.06     0.33
11    62.35   238.75   120.06     0.33
11    64.30   247.25   120.06     0.33
11    50.94   241.36   120.06     0.33
11    53.22   251.17   120.06     0.33
11    42.79   191.01   120.06     0.33
11    30.41   185.13   120.06     0.33
11    18.02   184.80   120.06     0.33
11    16.39   190.36   120.06     0.33
11    58.11   135.11   120.06     0.33
11    29.43   135.11   120.06     0.33
11    34.97   140.01   120.06     0.33
11    28.45   145.57   120.06     0.33
11    40.51   161.26   120.97     0.33
11    27.47   161.92   120.97     0.33
11    49.31    96.53   120.97     0.33
11    63.98    89.33   120.97     0.33
11    71.47    90.97   120.97     0.33
11   117.10    92.60   120.97     0.33
11   126.55   104.37   120.97     0.33
11   135.68   104.37   120.97     0.33
11   147.09   108.30   120.97     0.33
11   177.40   118.11   120.97     0.33
11   188.48   131.18   120.97     0.33
11   187.50   147.86   120.97     0.33
11   175.44   144.26   120.97     0.33
11   177.73   152.76   120.97     0.33
11   166.32   144.91   120.97     0.33
11   182.94   172.05   120.97     0.33
11   182.61   181.53   120.97     0.33
11   186.85   192.98   120.97     0.33
11   196.63   179.24   120.97     0.33
11   208.04   194.28   120.97     0.33
11   208.69   183.17   122.64     0.33
11   118.41   149.17   123.62     0.33
11   109.28   146.55   124.53     0.33
11   110.58   159.63   124.53     0.33
11   110.26   172.38   124.53     0.33
11   127.21   174.01   124.53     0.33
11   103.09   188.73   124.53     0.33
11   119.06   186.11   124.53     0.33
11   157.84   207.03   125.37     0.33
11   147.41   213.57   125.37     0.33
11   148.72   219.79   125.37     0.33
11   155.89   216.19   125.37     0.33
11   157.84   223.71   125.37     0.33
11   167.95   219.46   125.37     0.33
11   164.04   229.92   125.37     0.33
11   177.07   223.05   125.37     0.33
11   170.88   230.57   125.37     0.33
11   169.90   255.75   126.20     0.33
11   197.61   252.48   126.20     0.33
11   200.54   240.06   126.20     0.33
11   215.21   215.86   126.20     0.33
11   141.22   142.63   126.20     0.33
11   154.58   150.47   126.20     0.33
11   159.80   151.45   127.03     0.33
11   143.18   152.43   127.03     0.33
11   156.54   174.34   127.03     0.33
11   151.33   190.36   127.03     0.33
11   142.85   200.82   127.03     0.33
11   169.90   194.61   127.03     0.33
11   135.03   167.47   127.03     0.33
11   129.81   183.82   127.03     0.33
11   130.47    91.95   127.03     0.33
11   141.55    80.18   127.03     0.33
11   147.41    79.85   127.87     0.33
11   158.50    85.74   127.87     0.33
11   180.99    90.32   127.87     0.33
11   142.53    51.41   128.70     0.33
11   150.67    53.37   128.70     0.33
11   112.87   130.20   128.70     0.33
11   103.74   126.28   128.70     0.33
11    95.92   126.61   128.70     0.33
11    91.03   131.18   128.70     0.33
11    84.18   143.61   128.70     0.33
11   116.78   136.41   128.70     0.33
11   124.27   136.41   128.70     0.33
11   140.90   123.01   128.70     0.33
11   127.53   136.74   128.70     0.33
11   150.35   120.07   128.70     0.33
11   195.98   199.51   128.70     0.33
11   202.50   208.02   128.70     0.33
11   201.19   214.23   128.70     0.33
11   199.24   225.34   128.70     0.33
11   162.08   244.31   128.70     0.33
11   180.01   251.50   128.70     0.33
11   183.92   244.96   128.70     0.33
11   195.00   235.81   128.70     0.33
11   190.44   239.73   128.70     0.33
11   158.50   274.06   128.70     0.33
11    73.75   210.96   128.70     0.33
11    63.32   205.73   128.70     0.33
11    64.63   193.96   128.70     0.33
11    59.74   187.42   129.68     0.33
11    51.26   185.46   129.68     0.33
11    45.72   179.90   129.68     0.33
11    44.09   170.42   130.52     0.33
11    66.58   167.80   130.52     0.33
11    72.78   186.11   130.52     0.33
11    83.21   185.13   131.35     0.33
11    81.90   158.65   131.35     0.33
11    74.73   110.59   131.35     0.33
11    68.87   108.30   131.35     0.33
11    68.87    99.80   131.35     0.33
11    55.18   115.49   131.35     0.33
11    62.35   123.34   131.35     0.33
11    80.60   120.39   131.35     0.33
11    91.35   120.07   131.35     0.33
11    95.59   102.09   131.35     0.33
11   100.15    99.14   131.35     0.33
11   107.00    97.51   131.35     0.33
11   112.87   106.34   131.35     0.33
11   116.45   110.91   131.35     0.33
11   182.61   108.95   131.35     0.33
11   176.42   100.45   131.35     0.33
11   164.36    97.51   131.35     0.33
11   171.53    89.01   131.35     0.33
11   160.78   102.74   132.18     0.33
11   149.37    91.95   132.18     0.33
11   159.47    67.76   132.18     0.33
11   168.93    74.62   132.18     0.33
11    84.18    67.76   132.18     0.33
11   119.71    77.24   132.18     0.33
11   125.58    71.68   132.18     0.33
11   127.86    64.81   132.18     0.33
11   107.65    46.18   132.18     0.33
11   102.76    50.43   132.18     0.33
11   110.26    38.33   132.18     0.33
11   108.63    35.06   132.18     0.33
11   130.79   151.45   132.18     0.33
11   127.21   157.67   132.18     0.33
11   150.35   162.24   132.18     0.33
11   163.71   162.24   132.18     0.33
11   170.23   167.15   132.18     0.33
11   185.55   163.88   132.18     0.33
11   195.00   217.17   132.18     0.33
11   178.05   208.02   132.18     0.33
11   178.05   214.88   132.18     0.33
11   192.72   261.96   132.18     0.33
11   203.80   270.46   132.18     0.33
11   191.41   276.67   132.18     0.33
11   177.40   282.56   133.02     0.33
11   154.58   290.41   133.02     0.33
11   165.99   287.79   133.85     0.33
11   148.39   266.87   133.85     0.33
11   129.49   269.81   133.85     0.33
11   130.47   260.65   133.85     0.33
11   129.81   249.21   133.85     0.33
11   130.14   242.34   133.85     0.33
11   126.88   231.23   133.85     0.33
11   117.43   240.38   133.85     0.33
11   112.87   229.59   133.85     0.33
11    96.90   214.55   133.85     0.33
11    65.28   219.46   133.85     0.33
11    55.18   211.94   133.85     0.33
11    53.55   222.07   133.85     0.33
11    80.60   230.57   133.85     0.33
11    76.69   235.81   133.85     0.33
11    84.84   255.42   133.85     0.33
11    95.59   251.17   133.85     0.33
11   101.46   264.90   133.85     0.33
11   107.00   273.73   133.85     0.33
11   115.47   288.12   133.85     0.33
11    44.09   226.00   134.68     0.33
11    37.25   218.80   134.68     0.33
11    91.35   224.69   134.68     0.33
11    94.61   236.13   134.68     0.33
11    80.27   248.23   134.68     0.33
11   117.75   245.94   134.68     0.33
11   120.04   253.79   134.68     0.33
11   108.95   254.11   134.68     0.33
11   100.15   170.09   134.68     0.33
11   100.81   183.49   134.68     0.33
11   100.15   197.55   134.68     0.33
11    87.44   203.11   134.68     0.33
11   133.73   210.96   134.68     0.33
11   120.36   210.30   134.68     0.33
11   108.63   204.42   134.68     0.33
11   154.91   235.81   134.68     0.33
11   130.14   114.84   134.68     0.33
11   139.27   115.49   134.68     0.33
11   124.60   120.72   134.68     0.33
11   108.95    84.76   134.68     0.33
11    82.88    91.30   134.68     0.33
11    92.01    53.04   134.68     0.33
11    52.89    86.07   134.68     0.33
11    64.30    74.30   134.68     0.33
11    58.76   100.78   134.68     0.33
11    48.66   105.35   134.68     0.33
11    44.42   130.20   134.68     0.33
11    34.64   131.51   134.68     0.33
11    71.15   132.49   134.68     0.33
11    76.69   140.99   134.68     0.33
11   140.90   194.61   134.68     0.33
11   126.55   194.61   134.68     0.33
11   170.56   264.58   134.68     0.33
11   138.29   224.04   134.68     0.33
11   162.41   201.80   134.68     0.33
11   156.54   196.57   134.68     0.33
11   165.01   123.01   134.68     0.33
11   152.96   133.47   134.68     0.33
11   162.73   134.78   134.68     0.33
11   132.42    84.10   134.68     0.33
11   114.17    61.54   134.68     0.33
11   107.65    69.72   134.68     0.33
11   102.11    65.14   134.68     0.33
11    93.31    40.95   134.68     0.33
11    73.10    77.89   134.68     0.33
11    63.00   175.32   134.68     0.33
11    84.18   174.99   134.68     0.33
11   102.76   237.44   134.68     0.33
11   101.46   244.31   134.68     0.33
11    33.34   173.03   134.68     0.33
11    24.86   172.71   134.68     0.33
11    25.84   195.59   134.68     0.33
11    40.18   197.88   134.68     0.33
11   108.95   224.04   134.68     0.33
11    63.00   251.17   135.97     0.33
11    64.95   240.71   135.97     0.33
11    60.72   232.54   135.97     0.33
11    64.95   261.63   135.97     0.33
11    74.41   266.54   135.97     0.33
11    76.69   256.73   135.97     0.33
11    86.47   262.94   135.97     0.33
11    89.40   272.10   135.97     0.33
11    99.83   279.62   135.97     0.33
11   119.06   276.02   135.97     0.33
11   115.47   263.60   135.97     0.33
11   157.19   257.06   135.97     0.33
11   150.02   255.42   135.97     0.33
11   152.30   246.27   135.97     0.33
11    56.81   134.45   135.97     0.33
11    33.01   143.28   135.97     0.33
11    48.01   151.13   135.97     0.33
11    43.12   163.22   136.80     0.33
11   188.48   129.88   136.80     0.33
11   146.76   106.99   136.80     0.33
11   137.31   102.74   136.80     0.33
11   122.64   105.03   136.80     0.33
11   166.64   144.59   136.80     0.33
11   181.96   179.57   136.80     0.33
11   185.55   188.07   136.80     0.33
11   189.79   177.94   136.80     0.33
11   201.52   189.38   136.80     0.33
11    65.93    91.62   138.77     0.33
11    79.29   104.37   138.77     0.33
11   119.71   152.11   138.77     0.33
11   159.15   106.99   139.61     0.33
11   117.43   175.32   139.61     0.33
11   117.10   185.13   139.61     0.33
11   115.47   161.59   139.61     0.33
11   108.30   146.55   139.61     0.33
11    97.55   147.20   139.61     0.33
11   161.76   211.28   140.44     0.33
11   165.67   217.50   140.44     0.33
11   169.25   223.05   140.44     0.33
11   174.47   220.44   140.44     0.33
11   161.76   227.30   140.44     0.33
11   156.21   223.05   140.44     0.33
11   148.39   217.82   140.44     0.33
11   146.11   214.55   140.44     0.33
11   168.60   232.86   140.44     0.33
11   200.54   240.38   141.35     0.33
11   189.79   250.52   141.35     0.33
11   181.96   260.33   141.35     0.33
11   158.50   173.69   142.49     0.33
11   168.93   194.61   142.49     0.33
11   149.37   186.76   142.49     0.33
11   136.33   184.48   142.49     0.33
11   143.50   154.07   142.49     0.33
11   160.78   142.63   142.49     0.33
11   164.69   149.17   142.49     0.33
11   157.19   151.13   142.49     0.33
11   141.87   140.34   142.49     0.33
11    93.64   186.11   142.49     0.33
11   122.32    91.95   142.49     0.33
11   130.14    91.95   143.32     0.33
11   128.18    99.80   143.32     0.33
11   116.78    99.47   143.32     0.33
11   148.07    81.16   143.32     0.33
11   162.08    82.80   143.32     0.33
11   158.50    90.97   143.32     0.33
11   166.64   251.83   143.32     0.33
11    74.08   209.98   144.15     0.33
11    63.32   204.75   144.15     0.33
11    62.67   194.28   144.15     0.33
11   157.84   204.09   144.15     0.33
11   196.96   203.44   144.15     0.33
11   198.59   217.82   144.15     0.33
11   180.33   240.71   144.15     0.33
11   175.12   253.46   144.15     0.33
11   158.82   269.81   144.15     0.33
11   150.67   118.76   144.15     0.33
11   144.15   120.07   144.15     0.33
11   137.96   120.72   144.15     0.33
11   131.77   136.74   144.99     0.33
11   116.45   134.78   144.99     0.33
11   119.06   142.95   144.99     0.33
11    82.88   144.59   144.99     0.33
11    83.53   150.15   144.99     0.33
11   106.02   189.05   144.99     0.33
11   164.04   241.04   144.99     0.33
11   129.49    75.93   144.99     0.33
11    91.03   128.24   144.99     0.33
11   107.65   129.22   144.99     0.33
11    67.89   168.13   145.82     0.33
11    58.76   188.07   145.82     0.33
11    47.03   180.88   145.82     0.33
11    37.58   150.80   145.82     0.33
11    37.90   184.80   145.82     0.33
11    33.01   191.67   145.82     0.33
11    25.19   185.13   145.82     0.33
11    18.02   178.59   145.82     0.33
11    34.97   200.82   145.82     0.33
11    49.31   207.36   145.82     0.33
11    37.90   207.69   145.82     0.33
11    44.09   216.84   145.82     0.33
11   125.25   133.47   145.82     0.33
11   178.38   155.38   145.82     0.33
11   131.44   193.30   145.82     0.33
11   138.61   202.46   145.82     0.33
11    96.90    99.47   146.65     0.33
11   105.04    96.20   146.65     0.33
11   110.58   106.01   146.65     0.33
11    94.29    86.07   147.49     0.33
11    86.47   106.01   147.49     0.33
11    67.89   104.37   147.49     0.33
11    73.75    98.82   147.49     0.33
11    71.47   109.61   147.49     0.33
11    76.04    90.97   147.49     0.33
11    62.35    84.43   147.49     0.33
11    62.02    69.72   147.49     0.33
11    54.52    92.28   147.49     0.33
11    52.89    99.47   147.49     0.33
11    46.70    98.82   147.49     0.33
11    81.25    65.47   147.49     0.33
11   108.63    46.50   147.49     0.33
11   100.81    51.41   147.49     0.33
11   119.38    83.12   147.49     0.33
11   146.11    90.97   147.49     0.33
11   148.39   163.22   147.49     0.33
11   169.58   164.20   147.49     0.33
11   185.87   167.80   147.49     0.33
11   190.76   158.97   147.49     0.33
11   130.79   159.63   147.49     0.33
11   124.27   187.74   147.49     0.33
11   160.13   276.35   148.39     0.33
11   128.84   242.34   149.30     0.33
11   119.06   233.52   149.30     0.33
11   129.49   258.36   149.30     0.33
11   108.30   269.15   149.30     0.33
11   101.78   264.25   149.30     0.33
11    91.03   265.88   150.14     0.33
11    82.88   254.77   150.14     0.33
11   127.86   269.15   150.14     0.33
11   149.70   265.88   150.14     0.33
11   172.18   263.60   150.14     0.33
11   118.73   251.17   150.14     0.33
11   111.89   255.10   150.14     0.33
11   111.56   229.92   150.14     0.33
11   106.35   237.44   150.14     0.33
11    89.40   222.40   150.14     0.33
11    81.58   227.96   150.14     0.33
11    68.54   216.52   150.14     0.33
11    61.04   217.17   150.14     0.33
11    54.20   222.07   150.14     0.33
11    86.14   204.09   150.14     0.33
11    97.22   195.92   150.14     0.33
11    82.55   186.76   150.14     0.33
11   102.44   173.69   150.14     0.33
11   118.41   208.67   150.14     0.33
11   133.73   211.28   150.14     0.33
11   129.16   216.84   150.14     0.33
11   139.27   224.69   150.97     0.33
11   153.93   194.28   150.97     0.33
11   124.60   120.72   150.97     0.33
11   153.61   132.49   150.97     0.33
11   138.94   113.20   150.97     0.33
11    78.32   140.34   150.97     0.33
11    72.12   137.40   150.97     0.33
11    74.41   130.86   150.97     0.33
11    67.56   127.91   150.97     0.33
11    64.30   135.76   150.97     0.33
11    54.20   125.63   150.97     0.33
11    46.05   132.49   150.97     0.33
11    80.92   116.47   150.97     0.33
11    78.32   123.01   150.97     0.33
11    92.33   121.05   150.97     0.33
11    97.22   107.64   150.97     0.33
11    82.55   164.20   150.97     0.33
11    75.71   241.36   151.80     0.33
11    88.75   240.06   151.80     0.33
11   100.48   248.56   151.80     0.33
11    95.27   210.30   151.80     0.33
11    35.29   141.32   151.80     0.33
11    25.84   142.63   151.80     0.33
11    59.74   103.39   151.80     0.33
11   107.65    88.03   151.80     0.33
11   145.78   107.64   152.64     0.33
11    41.49   163.22   152.64     0.33
11    44.75   174.01   152.64     0.33
11   153.61   252.15   153.47     0.33
11    86.14    95.55   155.14     0.33
11    97.55   144.91   155.14     0.33
11   102.76   150.15   155.14     0.33
11   118.73   152.76   155.14     0.33
11   119.06   160.94   155.14     0.33
11   109.93   161.92   155.14     0.33
11   118.08   174.34   155.14     0.33
11   156.21   238.42   155.14     0.33
11   116.45   261.96   155.14     0.33
11   148.72   213.90   156.04     0.33
11   164.36   213.57   156.04     0.33
11   155.89   222.73   156.04     0.33
11   172.18   216.84   156.04     0.33
11   177.07   224.69   156.04     0.33
11   168.93   231.56   156.04     0.33
11   162.41   228.61   156.04     0.33
11   153.93   105.03   156.04     0.33
11   104.39   140.99   156.04     0.33
11   156.87   182.51   156.95     0.33
11   179.03   246.59   156.95     0.33
11   134.05   234.17   156.95     0.33
11   121.34   243.00   156.95     0.33
11    95.59   227.30   156.95     0.33
11    86.79   194.61   156.95     0.33
11   142.53   154.07   157.86     0.33
11   141.55   138.70   157.86     0.33
11   160.78   143.93   157.86     0.33
11   167.95   149.49   157.86     0.33
11   159.15   171.40   157.86     0.33
11   169.90   201.15   157.86     0.33
11   148.72   201.48   157.86     0.33
11   132.75   106.66   157.86     0.33
11   128.51   114.84   157.86     0.33
11   121.34    91.95   157.86     0.33
11    98.52   184.48   157.86     0.33
11    93.64   189.71   158.70     0.33
11   168.27   250.84   158.70     0.33
11   152.30   270.13   158.70     0.33
11    62.35   202.46   159.53     0.33
11    63.00   191.34   159.53     0.33
11    72.45   204.75   159.53     0.33
11    81.90   209.98   159.53     0.33
11   145.78   246.92   159.53     0.33
11   149.04   113.86   159.53     0.33
11   141.87   121.38   159.53     0.33
11   151.98   121.38   159.53     0.33
11   126.88    95.22   160.36     0.33
11   125.25   101.10   160.36     0.33
11   115.47   100.78   160.36     0.33
11   132.10    77.89   160.36     0.33
11    92.66   127.26   160.36     0.33
11   108.30   126.28   160.36     0.33
11   133.40   136.09   160.36     0.33
11   123.62   146.88   160.36     0.33
11    86.14   150.15   160.36     0.33
11    93.64   157.01   160.36     0.33
11    75.06   197.23   160.36     0.33
11   139.27   214.23   160.36     0.33
11   161.10   244.63   160.36     0.33
11   160.45   214.55   160.36     0.33
11   158.17   205.07   160.36     0.33
11   157.19   191.99   160.36     0.33
11    37.25   155.05   161.20     0.33
11    43.12   186.11   161.20     0.33
11    33.01   190.69   161.20     0.33
11    48.33   205.73   161.20     0.33
11    55.18   186.76   161.20     0.33
11   128.84   194.61   161.20     0.33
11   131.44   200.50   161.20     0.33
11   139.59   204.42   161.20     0.33
11   143.18   230.90   161.20     0.33
11   127.53   133.47   161.20     0.33
11   116.12   143.28   161.20     0.33
11    63.98   113.53   161.20     0.33
11    80.60   172.38   161.20     0.33
11    74.41   153.09   161.20     0.33
11   135.03   181.53   161.20     0.33
11   135.68   191.01   161.20     0.33
11   119.71   128.57   162.03     0.33
11   111.89   133.80   162.03     0.33
11   129.49   157.99   162.94     0.33
11   145.78   166.17   162.94     0.33
11   147.41   157.34   162.94     0.33
11   165.99   161.92   162.94     0.33
11    97.55    98.49   162.94     0.33
11    86.14   108.30   162.94     0.33
11    76.04    99.14   162.94     0.33
11    69.52   109.61   162.94     0.33
11    93.64    86.39   162.94     0.33
11    59.09    88.03   162.94     0.33
11    64.63    72.01   162.94     0.33
11    59.74   144.26   162.94     0.33
11   106.35   190.36   163.77     0.33
11   129.49   258.36   164.60     0.33
11   124.27   277.33   164.60     0.33
11   105.70   261.96   164.60     0.33
11   143.83    89.01   164.60     0.33
11    69.52   162.24   164.60     0.33
11   100.81   205.73   165.51     0.33
11    89.72   204.42   165.51     0.33
11    65.61   214.88   165.51     0.33
11    92.01   218.48   165.51     0.33
11   112.21   226.00   165.51     0.33
11   127.21   244.63   165.51     0.33
11   117.75   251.17   165.51     0.33
11   149.37   261.31   165.51     0.33
11    80.60   140.99   166.35     0.33
11    72.78   130.86   166.35     0.33
11    65.93   134.78   166.35     0.33
11    74.73   138.70   166.35     0.33
11    67.56   124.64   166.35     0.33
11    88.75   120.07   166.35     0.33
11    81.90   119.74   166.35     0.33
11    55.18   130.86   166.35     0.33
11    43.12   130.53   166.35     0.33
11    47.68   173.36   168.01     0.33
11    42.14   164.53   168.01     0.33
11    37.58   169.44   168.01     0.33
11   141.22   108.30   168.01     0.33
11   149.37   171.07   168.01     0.33
11   135.03   173.36   168.01     0.33
11   102.11   116.47   168.01     0.33
11   114.82   107.97   168.01     0.33
11    96.57   104.37   168.01     0.33
11   103.74   179.24   168.01     0.33
11   100.48   171.72   168.01     0.33
11   149.37   225.02   168.01     0.33
11   147.41   220.11   168.01     0.33
11   152.30   209.32   168.01     0.33
11   113.52   230.90   168.01     0.33
11   100.15   238.75   168.01     0.33
11    87.77   241.04   168.01     0.33
11   116.78   206.38   168.01     0.33
11   123.30   185.78   168.01     0.33
11    98.20   193.63   168.01     0.33
11    86.79   157.67   168.01     0.33
11   126.88   122.03   168.01     0.33
11   170.23   259.02   169.00     0.33
11   154.26   255.10   169.00     0.33
11   131.12   267.85   169.00     0.33
11    84.51   184.80   169.00     0.33
11   113.19   162.24   170.74     0.33
11   117.75   173.36   170.74     0.33
11   115.80   150.47   178.77     0.33
11   101.46   142.63   178.77     0.33
11    97.87   132.16   178.77     0.33
11   119.38   131.84   180.82     0.33
11   129.16   134.45   180.82     0.33
11   123.62   144.91   180.82     0.33
11   128.84   159.95   180.82     0.33
11   104.07   193.63   180.82     0.33
11    95.92   184.15   180.82     0.33
11    85.16   193.30   180.82     0.33
11    90.38   208.02   180.82     0.33
11    80.27   214.23   180.82     0.33
11    66.91   214.88   180.82     0.33
11    75.71   194.94   180.82     0.33
11    97.22   217.82   180.82     0.33
11    96.90   222.40   180.82     0.33
11    95.92   234.50   180.82     0.33
11   109.28   225.02   180.82     0.33
11   128.18   192.98   180.82     0.33
11   128.84   213.57   180.82     0.33
11   120.04   241.04   180.82     0.33
11   130.14   240.06   180.82     0.33
11   145.46   244.96   180.82     0.33
11   155.56   238.42   180.82     0.33
11   157.52   243.33   180.82     0.33
11   139.27   255.42   176.35     0.33
11   133.07   247.58   176.35     0.33
11   135.68   235.81   176.35     0.33
11   141.22   230.57   176.35     0.33
11   126.23   228.94   176.35     0.33
11   135.03   216.84   176.35     0.33
11   140.24   203.44   176.35     0.33
11   152.63   185.13   176.35     0.33
11   141.55   191.67   175.36     0.33
11   118.41   215.53   175.36     0.33
11   107.98   239.73   175.36     0.33
11   104.72   251.17   175.36     0.33
11   118.08   266.54   175.36     0.33
11   118.41   195.26   175.36     0.33
11   113.84   185.46   175.36     0.33
11   108.95   205.07   175.36     0.33
11    71.80   179.90   175.36     0.33
11    63.65   173.69   175.36     0.33
11    56.48   162.24   175.36     0.33
11    49.31   151.45   175.36     0.33
11    61.37   201.80   175.36     0.33
11    48.01   195.59   175.36     0.33
11    46.70   138.05   175.36     0.33
11    50.94   119.41   175.36     0.33
11    50.94   107.64   175.36     0.33
11    61.69    98.49   175.36     0.33
11    74.08    88.03   175.36     0.33
11    76.04    77.56   175.36     0.33
11    85.81    92.93   175.36     0.33
11    87.44    76.91   175.36     0.33
11   103.09    89.01   175.36     0.33
11   110.58    88.68   175.36     0.33
11   121.01    82.14   175.36     0.33
11   106.67    76.26   174.53     0.33
11    97.55    77.24   174.53     0.33
11   136.98    97.51   174.53     0.33
11   149.37   100.45   174.53     0.33
11   128.51   113.53   174.53     0.33
11   146.11   134.45   174.53     0.33
11   138.94   146.88   174.53     0.33
11   151.98   143.93   174.53     0.33
11   155.24   172.05   174.53     0.33
11   160.78   183.49   174.53     0.33
11   148.07   199.19   174.53     0.33
11   158.82   226.32   174.53     0.33
11   167.30   238.09   174.53     0.33
11   169.90   251.83   174.53     0.33
11    82.88   227.63   172.71     0.33
11    73.10   224.69   171.65     0.33
11   160.78   133.80   168.47     0.33
11   158.50   124.64   168.47     0.33
11    32.69   130.53   165.29     0.33
11    38.55   118.11   165.29     0.33
11    42.46   103.39   165.29     0.33
11    48.98    93.26   165.29     0.33
11   113.19    61.87   160.59     0.33
11    95.27    63.18   160.59     0.33
11    52.89    78.22   160.59     0.33
11    85.81    53.37   160.59     0.33
11    72.78    61.22   160.59     0.33
11   128.51    62.85   160.59     0.33
11   148.39    77.89   160.59     0.33
11   165.67   111.57   160.59     0.33
11   173.81   124.32   160.59     0.33
11   177.07   138.38   160.59     0.33
11   185.87   140.99   160.59     0.33
11   181.64   128.57   160.59     0.33
11   166.32   131.18   160.59     0.33
11   178.70   177.61   160.59     0.33
11   168.60   184.48   160.59     0.33
11   181.64   189.71   160.59     0.33
11   182.29   206.38   160.59     0.33
11   184.57   214.55   160.59     0.33
11   123.30   227.30   160.59     0.33
11   138.94   258.69   160.59     0.33
11   145.78   270.79   160.59     0.33
11   136.33   275.37   160.59     0.33
11    63.32   234.17   160.59     0.33
11    58.44   228.94   160.59     0.33
11    27.15   174.34   160.59     0.33
11    25.52   166.49   160.59     0.33
11    24.86   155.05   160.59     0.33
11    17.37   162.57   160.59     0.33
11    60.06   174.34   158.92     0.33
11    58.76   160.94   158.92     0.33
11    48.33   146.88   158.92     0.33
11    53.22   160.61   158.92     0.33
11    93.31    77.56   158.92     0.33
11    79.95    77.89   158.92     0.33
11    70.82    78.87   158.92     0.33
11   192.72   189.38   157.03     0.33
11   191.74   180.22   157.03     0.33
11   186.85   232.86   157.03     0.33
11   106.67   216.52   155.21     0.33
11   112.87   195.26   155.21     0.33
11    70.82   226.65   154.38     0.33
11    49.96   116.80   151.58     0.33
11    49.31   108.62   151.58     0.33
11   185.55   148.84   151.58     0.33
11   177.07   112.87   151.58     0.33
11   167.95   100.45   151.58     0.33
11   185.55   196.25   150.67     0.33
11   193.04   226.32   150.67     0.33
11    93.96   256.73   150.67     0.33
11   146.11   283.54   148.09     0.33
11   130.47   284.52   148.09     0.33
11   153.93   288.12   148.09     0.33
11   131.44   289.75   147.26     0.33
11   173.81   273.73   147.26     0.33
11   187.50   265.23   147.26     0.33
11   183.59   273.08   147.26     0.33
11   197.61   257.38   147.26     0.33
11   141.87   174.01   147.26     0.33
11   130.47   168.45   147.26     0.33
11    59.41   149.17   146.20     0.33
11   141.55    68.41   145.36     0.33
11   142.53    56.31   145.36     0.33
11   124.60    54.35   145.36     0.33
11   123.30    42.58   145.36     0.33
11    27.80   153.42   145.36     0.33
11    22.26   162.24   145.36     0.33
11   175.12   129.88   144.53     0.33
11   177.73   142.95   144.53     0.33
11   165.99   182.51   144.53     0.33
11   175.44   189.05   144.53     0.33
11   187.18   210.30   144.53     0.33
11   191.09   241.36   144.53     0.33
11   204.78   252.48   144.53     0.33
11   104.72   119.74   144.53     0.33
11    92.98   158.32   144.53     0.33
11    70.17   153.09   144.53     0.33
11    36.60   119.74   144.53     0.33
11    53.87   161.59   141.58     0.33
11   140.90   244.31   141.58     0.33
11   139.27   271.12   141.58     0.33
11   210.97   200.82   140.74     0.33
11   207.71   234.50   140.74     0.33
11    78.32   215.21   133.62     0.33
11    78.32   197.88   133.62     0.33
11    61.37   149.49   126.65     0.33
11    67.89   155.38   126.65     0.33
11    94.94   161.59   126.65     0.33
11   140.24   176.30   126.65     0.33
11   170.23   180.22   126.65     0.33
11   121.67   221.09   126.65     0.33
11   219.77   153.09   120.82     0.33
11   224.99   166.82   120.82     0.33
11   223.03   226.32   120.82     0.33
11   213.58   235.15   120.82     0.33
11    89.40    90.32   119.15     0.33
11    96.24    79.53   119.15     0.33
11    77.01    59.91   119.15     0.33
11    93.31    60.56   119.15     0.33
11    69.52    47.16   119.15     0.33
11    71.80   133.80   118.32     0.33
11    47.35   142.30   118.32     0.33
11   110.26   212.27   117.49     0.33
11   117.10   204.09   117.49     0.33
11   129.81   197.55   117.49     0.33
11   134.38   237.77   117.49     0.33
11   140.57   247.90   117.49     0.33
11   175.44   271.77   117.49     0.33
11   157.19   294.98   117.49     0.33
11    72.12   236.46   117.49     0.33
11    72.78   224.04   117.49     0.33
11   153.28   135.76   112.26     0.33
11   163.71   125.63   112.26     0.33
11   165.34   114.18   112.26     0.33
11   167.95   191.01   109.38     0.33
11   165.99   177.94   109.38     0.33
11   136.66   172.71   108.32     0.33
11   125.25    51.74   105.22     0.33
11    17.37   161.92   101.66     0.33
11    21.93   179.24   101.66     0.33
11    32.69   177.28   101.66     0.33
11   204.45   243.33    97.87     0.33
11   213.25   234.82    97.87     0.33
11   225.31   222.73    97.87     0.33
11   224.99   207.69    96.58     0.33
11    94.29    80.18    93.02     0.33
11    97.87    98.16    93.02     0.33
11   201.19   246.59    79.99     0.33
11   209.67   235.15    80.83     0.33
11   222.05   226.32    80.83     0.33
11    87.44   174.01    75.52     0.33
11    92.66   186.76    75.52     0.33
11   100.48   202.13    75.52     0.33
11   117.43   210.30    75.52     0.33
11   189.13   213.57    75.52     0.33
11   175.44   201.15    75.52     0.33
11   159.80   180.55    75.52     0.33
11   142.53   188.07    75.52     0.33
11   155.24   191.34    75.52     0.33
11   125.90   191.67    75.52     0.33
11   101.46    99.80    74.69     0.33
11   176.75   264.25    72.80     0.33
11   198.59   277.98    71.89     0.33
11   202.82   257.38    71.89     0.33
11   221.07   156.68    71.89     0.33
11   219.77   147.53    71.89     0.33
11    52.57   165.84    67.95     0.33
11    70.49   141.32    67.95     0.33
11   121.34    64.16    66.81     0.33
11   112.87    76.91    66.81     0.33
11   161.10    80.83    66.81     0.33
11   167.62    74.30    66.81     0.33
11    90.05    59.26    66.81     0.33
11    89.40    46.50    66.81     0.33
11    69.19    74.62    66.81     0.33
11    54.20    82.80    66.81     0.33
11   110.58   211.94    55.68     0.33
11   105.70    59.26    52.49     0.33
11   108.63    42.58    52.49     0.33
11    92.33    74.62    52.49     0.33
11   140.57    56.97    52.49     0.33
11    70.82    60.24    52.49     0.33
11    61.37   209.98    51.28     0.33
11    55.18   221.09    51.28     0.33
11    31.38   134.78    48.40     0.33
11    60.72    80.83    47.42     0.33
11    43.77   121.70    41.97     0.33
11    79.95    92.93    36.13     0.33
11    75.38    73.31    36.13     0.33
11   101.13    75.60    36.13     0.33
11    86.47    80.18    36.13     0.33
11   115.80    70.70    36.13     0.33
11    92.33    69.06    36.13     0.33
11    53.55   165.19    35.15     0.33
11    61.69   212.92    35.15     0.33
11    63.32   225.02    35.15     0.33
11   184.24   253.46    22.95     0.33
11   188.48   269.81    22.95     0.33
11   197.93   260.33    22.95     0.33
11   101.78   111.24    22.95     0.33
11    96.57    93.91    22.95     0.33
11   111.24    94.24    22.95     0.33
11   144.48    99.80    22.95     0.33
11   135.03   117.45    22.95     0.33
11   147.09   127.26    22.95     0.33
11   140.24   173.03    22.95     0.33
11   133.07   191.34    22.95     0.33
11   163.06   198.86    22.95     0.33
11   188.16   212.59    22.95     0.33
11    97.22   260.98    22.12     0.33
11   105.70   268.83    22.12     0.33
11    59.41   191.67    21.21     0.33
11    59.74   180.88    20.30     0.33
11    56.81   144.26    20.30     0.33
11    75.71   111.89    20.30     0.33
11   139.27   172.05     6.67     0.33
11   139.27   190.69     6.67     0.33
11   154.58   198.86     6.67     0.33
11   134.38   208.34     6.67     0.33
11   121.99   220.44     6.67     0.33
11   100.48   200.82     6.67     0.33
11    94.61   191.34     6.67     0.33
11    89.40   178.59     6.67     0.33
11   109.28   153.74     6.67     0.33
11    86.47   150.15     6.67     0.33
11   109.93   128.89     6.67     0.33
11    99.83   116.14     6.67     0.33
11    97.55   227.30     6.67     0.33
11   112.54   260.33     5.76     0.33
11   129.16   254.77     4.24     0.33
11   179.36   271.77     4.24     0.33
11   184.57   264.58     4.24     0.33
11   193.70   276.35     4.24     0.33
11   207.06   255.42     4.24     0.33
11   191.09   250.52     3.41     0.33
11   213.90   214.23     3.41     0.33
11   189.79   202.46     3.41     0.33
11   175.44   199.19     2.58     0.33
11   182.29   226.65     2.58     0.33
11   159.47   230.25     2.58     0.33
11   148.07   159.95     1.44     0.33
11   137.96   152.43     0.61     0.33
11   133.73   139.68     0.61     0.33
11   141.87   107.64     0.61     0.33
11   122.97   112.55     0.61     0.33
12   104.30   166.09     5.98     0.33
12   101.04   177.53    11.44     0.33
12   138.85   126.53     5.00     0.33
12   130.05   130.12     6.82     0.33
12   108.53   215.13    12.73     0.33
12   241.51   252.73    23.18     0.33
12   168.18    93.51    10.30     0.33
12   125.81    77.16    36.59     0.33
12    57.36   198.78    42.27     0.33
12    89.96    72.58    71.74     0.33
12    26.73   109.85    87.87     0.33
12    59.32    69.64   113.32     0.33
12    66.82    71.60   116.73     0.33
12    51.50    58.20   120.75     0.33
12    51.50    70.62   122.79     0.33
12    76.27    55.25   139.00     0.33
12   106.02    70.37   157.03     0.33
12   114.50    72.01   157.03     0.33
12   157.19   152.11   162.33     0.33
