11   178.36   138.35     0.45     0.33
11   158.80   136.06     0.45     0.33
11   165.97   145.87     0.45     0.33
11   175.75   104.02     0.45     0.33
11   164.67    93.56     0.45     0.33
11   185.53    93.56     0.45     0.33
11   213.56   110.24     0.45     0.33
11   224.96   126.91     0.45     0.33
11   212.90   130.18     0.45     0.33
11   194.33   173.66     0.45     0.33
11   175.42   169.41     0.45     0.33
11   164.34   187.72     0.45     0.33
11   165.32   194.59     0.45     0.33
11   175.10   198.18     0.45     0.33
11   178.36   186.09     0.45     0.33
11   178.03    86.04     0.45     0.33
11   213.56   145.55     0.45     0.33
11   202.47   157.97     0.45     0.33
11   202.47   118.41     1.29     0.33
11   209.32   172.68     1.29     0.33
11   195.63   187.72     1.29     0.33
11   185.20   161.24     1.29     0.33
11   163.36   106.97     1.29     0.33
11   159.45   118.41     1.29     0.33
11   147.39   109.26     1.29     0.33
11   176.07   126.91     3.03     0.33
11   186.50   139.01     3.03     0.33
11   169.56   135.08     3.03     0.33
11   157.17   147.83     3.86     0.33
11   158.47   158.95     3.86     0.33
11   172.49   159.60     3.86     0.33
11   175.42   147.83     3.86     0.33
11   222.68   147.51     3.86     0.33
11   201.50   108.93     5.08     0.33
11   194.65   165.82     5.08     0.33
11   183.90   171.70     5.08     0.33
11   171.51   179.22     6.29     0.33
11   165.32   164.84     6.29     0.33
11   181.94   151.43     7.20     0.33
11   194.33   149.47     7.20     0.33
11   199.87   138.35     8.11     0.33
11   196.61   128.22     8.11     0.33
11   188.46   113.83     8.11     0.33
11   179.99   116.12     8.94     0.33
11   193.35   103.04     8.94     0.33
11   151.30   121.68     8.94     0.33
11   148.04   138.03     9.77     0.33
11   142.50    91.60     9.77     0.33
11   151.96    83.10    10.68     0.33
11   174.77    77.87    10.68     0.33
11   191.72    78.20    10.68     0.33
11   199.87    86.37    10.68     0.33
11   212.90    91.93    11.51     0.33
11   222.68   104.35    11.51     0.33
11   226.92   114.49    11.51     0.33
11   230.18   136.06    12.35     0.33
11   226.59   153.07    12.35     0.33
11   219.42   159.60    12.35     0.33
11   207.04   182.16    14.09     0.33
11   188.46   180.20    14.92     0.33
11   183.24   192.63    14.92     0.33
11   182.27   202.76    14.92     0.33
11   155.54   181.51    14.92     0.33
11   154.24   167.12    14.92     0.33
11   139.24   128.22    15.76     0.33
11   137.94   119.39    15.76     0.33
11   137.29   108.93    16.74     0.33
11   151.96   106.97    16.74     0.33
11   159.45    91.27    16.74     0.33
11   171.51    88.00    16.74     0.33
11   170.21   107.29    17.57     0.33
11   159.45   108.93    17.57     0.33
11   159.45   129.85    17.57     0.33
11   160.10   139.33    17.57     0.33
11   169.56   142.28    17.57     0.33
11   166.95   151.43    17.57     0.33
11   176.40   139.01    17.57     0.33
11   180.96   130.51    17.57     0.33
11   189.76    94.22    17.57     0.33
11   175.42    96.83    17.57     0.33
11   165.97    97.16    17.57     0.33
11   181.94    87.02    17.57     0.33
11   162.71   118.08    17.57     0.33
11   205.41    99.12    17.57     0.33
11   214.53   108.27    18.48     0.33
11   205.41   114.81    18.48     0.33
11   210.30   123.31    18.48     0.33
11   222.68   121.35    18.48     0.33
11   224.96   128.87    18.48     0.33
11   215.19   131.49    18.48     0.33
11   220.73   139.66    19.39     0.33
11   214.21   149.14    19.39     0.33
11   198.56   157.64    19.39     0.33
11   209.97   163.85    19.39     0.33
11   200.19   170.39    19.39     0.33
11   183.24   170.07    20.23     0.33
11   175.42   173.34    20.23     0.33
11   175.75   161.24    20.23     0.33
11   191.07   171.70    20.23     0.33
11   190.74   160.26    20.23     0.33
11   207.69   153.39    20.23     0.33
11   153.91   142.28    21.13     0.33
11   186.50   142.60    21.13     0.33
11   187.48   133.45    21.13     0.33
11   169.56   130.51    21.13     0.33
11   182.59   103.37    21.13     0.33
11   150.00   149.14    21.13     0.33
11   155.21   156.01    21.13     0.33
11   171.18   186.09    21.97     0.33
11   175.42   194.91    21.97     0.33
11   164.01   196.55    21.97     0.33
11   163.04   205.05    21.97     0.33
11   157.82   194.26    21.97     0.33
11   164.67   182.49    21.97     0.33
11   144.13   196.88    21.97     0.33
11   166.30   172.68    21.97     0.33
11   165.97   162.87    21.97     0.33
11   142.83   174.97    21.97     0.33
11   147.39   181.51    21.97     0.33
11   146.74   166.80    21.97     0.33
11   145.76   157.32    21.97     0.33
11   146.09   113.51    21.97     0.33
11   179.66   184.78    21.97     0.33
11   194.33   182.82    21.97     0.33
11   179.33   152.41    22.80     0.33
11   193.02   148.49    22.80     0.33
11   208.01   172.68    22.80     0.33
11   179.33   209.30    23.63     0.33
11   169.56   201.78    23.63     0.33
11   200.84   141.30    23.63     0.33
11   200.84   130.51    23.63     0.33
11   195.96   121.03    24.47     0.33
11   189.76   111.87    24.47     0.33
11   197.91   107.62    24.47     0.33
11   149.67   121.03    24.47     0.33
11   183.57   120.37    24.47     0.33
11   150.33   130.18    24.47     0.33
11   143.15   100.43    25.30     0.33
11   150.33    90.29    25.30     0.33
11   149.02    81.47    26.44     0.33
11   167.27    76.56    26.44     0.33
11   186.50    75.91    26.44     0.33
11   202.80    79.83    26.44     0.33
11   196.61    95.85    26.44     0.33
11   201.82    88.66    26.44     0.33
11   216.16    81.47    26.44     0.33
11   225.62    89.97    26.44     0.33
11   229.53    97.49    26.44     0.33
11   233.76   110.89    26.44     0.33
11   233.11   127.89    26.44     0.33
11   232.46   120.70    26.44     0.33
11   224.64   143.91    26.44     0.33
11   214.53   169.74    26.44     0.33
11   228.22   163.20    26.44     0.33
11   221.38   167.78    26.44     0.33
11   199.54   188.05    26.44     0.33
11   207.36   191.65    27.27     0.33
11   210.30   198.18    27.27     0.33
11   202.15   200.47    27.27     0.33
11   196.93   194.59    27.27     0.33
11   194.98   204.72    27.27     0.33
11   191.39   197.20    27.27     0.33
11   189.44   205.05    27.27     0.33
11   215.19   190.01    27.27     0.33
11   215.51   179.22    27.27     0.33
11   221.38   173.01    27.27     0.33
11   223.33   181.84    27.27     0.33
11   229.53   171.37    27.27     0.33
11   237.67   174.64    27.27     0.33
11   231.81   183.47    27.27     0.33
11   219.42   196.55    27.27     0.33
11   223.01   190.99    27.27     0.33
11   236.37   163.53    27.27     0.33
11   232.79   154.05    27.27     0.33
11   240.93   154.05    27.27     0.33
11   233.11   146.53    27.27     0.33
11   239.96   144.89    27.27     0.33
11   237.67   138.68    27.27     0.33
11   245.50   137.70    27.27     0.33
11   246.80   129.85    27.27     0.33
11   239.63   129.20    27.27     0.33
11   246.47   118.74    27.27     0.33
11   238.98   106.31    27.27     0.33
11   238.98    94.22    28.10     0.33
11   233.11    87.35    28.10     0.33
11   209.64    89.64    28.10     0.33
11   215.51    93.24    28.10     0.33
11   213.23   101.08    28.10     0.33
11   221.38   100.43    28.10     0.33
11   226.27   108.60    28.10     0.33
11   220.73   113.83    28.10     0.33
11   212.25   118.08    28.10     0.33
11   228.55   136.06    28.10     0.33
11   221.38   154.05    28.10     0.33
11   215.51   159.28    28.10     0.33
11   197.26   176.93    28.10     0.33
11   195.96   163.20    28.10     0.33
11   165.97   211.92    28.10     0.33
11   197.91   210.28    28.10     0.33
11   206.71   206.03    28.10     0.33
11   156.19   173.66    28.10     0.33
11   141.20   185.11    28.10     0.33
11   147.39   140.97    28.10     0.33
11   161.41   148.49    28.10     0.33
11   175.10   123.31    28.10     0.33
11   172.16   114.81    28.10     0.33
11   190.09   102.72    28.10     0.33
11   193.35    87.02    28.10     0.33
11   195.63    79.50    28.10     0.33
11   175.42    81.14    28.10     0.33
11   160.43    84.41    28.10     0.33
11   153.58    97.81    28.10     0.33
11   182.59   177.26    30.68     0.33
11   187.16   183.14    30.68     0.33
11   179.33   199.49    30.68     0.33
11   155.87   165.49    31.59     0.33
11   138.92   117.10    31.59     0.33
11   187.48    64.14    31.59     0.33
11   175.10    67.41    31.59     0.33
11   159.45    68.39    32.72     0.33
11   135.98    89.64    32.72     0.33
11   206.71    68.39    32.72     0.33
11   173.14    89.31    33.63     0.33
11   186.50    93.56    33.63     0.33
11   170.53   101.41    33.63     0.33
11   161.41    96.50    33.63     0.33
11   205.73   112.52    33.63     0.33
11   214.21   107.95    33.63     0.33
11   217.79   124.95    33.63     0.33
11   212.25   134.76    33.63     0.33
11   223.33   129.20    32.80     0.33
11   165.32   106.64    32.80     0.33
11   172.81   107.95    32.80     0.33
11   155.21   108.93    32.80     0.33
11   161.08   122.99    32.80     0.33
11   163.69   138.03    32.80     0.33
11   170.21   141.95    32.80     0.33
11   179.01   132.80    32.80     0.33
11   167.60   150.78    32.80     0.33
11   217.47   146.85    34.47     0.33
11   222.03   137.05    34.47     0.33
11   202.15   157.32    34.47     0.33
11   208.34   164.84    34.47     0.33
11   156.52   182.82    34.47     0.33
11   154.24   201.13    34.47     0.33
11   156.52   135.41    34.47     0.33
11   199.87   170.72    34.47     0.33
11   178.03   159.28    35.38     0.33
11   178.36   164.51    35.38     0.33
11   181.29   169.74    35.38     0.33
11   191.72   173.66    35.38     0.33
11   188.13   166.80    35.38     0.33
11   203.13   180.20    35.38     0.33
11   208.67   147.83    35.38     0.33
11   189.44   157.64    36.21     0.33
11   184.55   142.93    36.21     0.33
11   185.85   135.41    36.21     0.33
11   183.90   126.91    36.21     0.33
11   168.90   133.78    36.21     0.33
11   164.34   128.22    36.21     0.33
11   152.93   142.60    36.21     0.33
11   149.35   148.82    36.21     0.33
11   159.45   155.35    36.21     0.33
11   180.64    86.37    38.25     0.33
11   179.66    98.14    38.25     0.33
11   180.31   108.27    38.25     0.33
11   223.66   122.01    38.25     0.33
11   189.76   140.64    38.25     0.33
11   176.07   141.95    38.25     0.33
11   167.93   185.76    38.25     0.33
11   170.86   191.65    38.25     0.33
11   162.71   193.61    38.25     0.33
11   143.81   195.57    38.25     0.33
11   137.94   176.28    38.25     0.33
11   178.36   186.09    38.25     0.33
11   173.14   178.89    38.25     0.33
11   205.41    98.47    38.25     0.33
11   207.36   126.58    38.25     0.33
11   193.02   133.45    38.25     0.33
11   185.20   148.16    38.25     0.33
11   179.66   151.43    38.25     0.33
11   194.65   150.45    38.25     0.33
11   172.16   167.12    38.25     0.33
11   166.30   158.30    38.25     0.33
11   166.62   170.39    38.25     0.33
11   163.69   177.91    38.25     0.33
11   150.00   154.37    39.09     0.33
11   147.39   163.53    39.09     0.33
11   147.39   173.99    39.09     0.33
11   147.39   180.53    39.09     0.33
11   160.76   199.82    39.09     0.33
11   165.97   199.82    39.09     0.33
11   172.49   196.22    39.09     0.33
11   171.84   203.74    39.09     0.33
11   162.71   206.36    39.09     0.33
11   149.67   129.85    39.54     0.33
11   150.98   121.03    39.54     0.33
11   151.30   112.85    39.54     0.33
11   201.17   107.95    39.54     0.33
11   186.18   114.16    39.54     0.33
11   199.54   127.24    39.54     0.33
11   201.82   136.72    39.77     0.33
11   139.57   127.89    39.77     0.33
11   139.57   140.64    39.77     0.33
11   153.26    89.31    41.44     0.33
11   141.53   110.89    41.44     0.33
11   203.45   188.38    42.42     0.33
11   209.64   194.91    42.42     0.33
11   213.88   184.45    42.42     0.33
11   212.90   168.76    42.42     0.33
11   222.36   163.53    42.42     0.33
11   222.68   171.70    42.42     0.33
11   245.17   137.05    42.42     0.33
11   236.37   140.97    42.42     0.33
11   227.90   148.16    42.42     0.33
11   230.83   161.89    42.42     0.33
11   234.09   128.87    42.42     0.33
11   241.59   120.37    43.78     0.33
11   236.04   113.18    44.84     0.33
11   225.94   116.12    44.84     0.33
11   195.30   192.30    42.95     0.33
11   200.19   199.49    42.95     0.33
11   190.74   205.05    42.95     0.33
11   222.36   186.74    42.95     0.33
11   227.90   181.51    42.95     0.33
11   232.46   171.37    42.95     0.33
11   239.30   158.62    42.95     0.33
11   235.72   149.14    42.95     0.33
11   241.59   146.85    42.95     0.33
11   239.96   129.85    42.95     0.33
11   233.76   121.03    42.95     0.33
11   244.19   110.56    42.95     0.33
11   249.41   125.60    42.95     0.33
11   234.42   105.33    42.95     0.33
11   226.92    97.81    42.95     0.33
11   220.07    86.04    42.95     0.33
11   231.16    81.14    42.95     0.33
11   195.30    96.50    42.95     0.33
11   158.80   115.47    42.95     0.33
11   165.97    89.97    42.95     0.33
11   171.18    74.27    42.95     0.33
11   181.94    79.50    42.95     0.33
11   192.70    73.62    42.95     0.33
11   200.52    89.31    42.95     0.33
11   202.47    82.45    42.95     0.33
11   218.44    80.48    42.95     0.33
11   217.14   176.93    42.95     0.33
11   216.82   191.97    42.95     0.33
11   168.90    82.45    42.95     0.33
11   169.88   120.04    44.09     0.33
11   167.27   113.51    44.09     0.33
11   189.11   101.74    44.09     0.33
11   214.21   114.81    44.09     0.33
11   227.57   108.93    44.09     0.33
11   222.68   103.04    44.09     0.33
11   212.90    94.87    44.09     0.33
11   209.32    87.35    44.09     0.33
11   192.04    87.35    44.09     0.33
11   191.39    80.81    44.09     0.33
11   183.90    73.62    44.09     0.33
11   155.87    82.77    44.09     0.33
11   152.28    99.12    44.09     0.33
11   233.44    89.31    44.09     0.33
11   237.67    99.12    44.09     0.33
11   220.73   150.78    44.09     0.33
11   228.55   139.99    44.09     0.33
11   216.16   156.01    44.09     0.33
11   213.88   161.89    44.09     0.33
11   209.97   156.66    44.09     0.33
11   195.63   177.91    44.09     0.33
11   198.56   162.87    44.09     0.33
11   208.99   204.72    44.09     0.33
11   203.78   207.99    44.09     0.33
11   196.93   207.01    44.09     0.33
11   166.62   211.59    44.09     0.33
11   175.42   211.26    44.09     0.33
11   162.06   144.57    44.09     0.33
11   157.50   148.49    44.09     0.33
11   186.50   120.37    44.09     0.33
11   191.07   124.62    44.09     0.33
11   177.70   117.43    44.92     0.33
11   194.98   109.26    44.92     0.33
11   208.34   117.76    44.92     0.33
11   154.89   173.34    44.92     0.33
11   148.04   137.37    44.92     0.33
11   183.57   181.51    48.18     0.33
11   179.66   174.97    48.18     0.33
11   226.92   127.56    48.18     0.33
11   168.25   141.62    48.18     0.33
11   169.23   152.41    48.18     0.33
11   159.45   167.12    48.18     0.33
11   155.87   191.97    48.18     0.33
11   164.01   106.31    48.18     0.33
11   174.44   136.06    48.18     0.33
11   158.47   126.26    48.18     0.33
11   220.07    96.18    48.18     0.33
11   224.31   155.68    48.18     0.33
11   193.02   186.09    48.18     0.33
11   184.87   198.84    48.18     0.33
11   177.70   193.93    48.18     0.33
11   213.56   132.80    49.09     0.33
11   217.79   122.33    49.09     0.33
11   218.77   110.56    49.09     0.33
11   213.56   103.70    49.09     0.33
11   186.50    97.49    49.09     0.33
11   174.44   105.66    49.09     0.33
11   165.64   101.41    49.09     0.33
11   175.42    83.43    49.09     0.33
11   175.75    78.20    49.09     0.33
11   160.43    91.93    49.09     0.33
11   157.82   109.26    49.09     0.33
11   227.90   134.43    49.09     0.33
11   178.68   201.13    49.09     0.33
11   189.76   180.20    49.09     0.33
11   154.89   160.59    49.09     0.33
11   173.79    89.97    49.09     0.33
11   172.16    97.49    49.09     0.33
11   200.84    75.25    49.09     0.33
11   159.78    98.79    49.09     0.33
11   144.46   117.43    49.09     0.33
11   135.66   114.16    49.09     0.33
11   150.65   105.66    49.09     0.33
11   213.88   138.68    49.09     0.33
11   207.36   173.66    49.09     0.33
11   215.84   146.20    52.95     0.33
11   222.03   135.74    52.95     0.33
11   219.42   129.20    52.95     0.33
11   221.38   142.93    52.95     0.33
11   168.25   134.10    52.95     0.33
11   163.36   137.05    52.95     0.33
11   181.29   158.62    52.95     0.33
11   179.01   167.78    52.95     0.33
11   194.00   170.72    52.95     0.33
11   187.81   165.82    52.95     0.33
11   190.41   159.28    52.95     0.33
11   205.41   164.18    52.95     0.33
11   201.82   177.59    52.95     0.33
11   155.87   138.68    52.95     0.33
11   147.39   145.87    52.95     0.33
11   160.10   154.05    52.95     0.33
11   165.97   127.24    52.95     0.33
11   148.70   186.09    52.95     0.33
11   160.76   183.80    52.95     0.33
11   153.91   182.16    52.95     0.33
11   150.00   201.78    52.95     0.33
11   156.19   206.36    52.95     0.33
11   144.78   169.41    52.95     0.33
11   143.15   155.35    52.95     0.33
11   142.50   148.16    52.95     0.33
11   145.11   132.80    52.95     0.33
11   201.82   157.32    52.95     0.33
11   208.01   149.47    52.95     0.33
11   196.61   141.30    52.95     0.33
11   181.61   123.64    52.95     0.33
11   187.16    90.62    54.39     0.33
11   180.64    98.14    54.39     0.33
11   181.29   104.68    54.39     0.33
11   181.94    87.02    54.39     0.33
11   186.83   140.97    55.22     0.33
11   179.33   152.41    55.22     0.33
11   170.53   195.90    55.22     0.33
11   162.71   194.59    55.22     0.33
11   162.38   203.42    55.22     0.33
11   175.42   185.43    55.22     0.33
11   168.90   186.74    55.22     0.33
11   152.61   117.10    55.22     0.33
11   151.63   130.51    55.22     0.33
11   208.67   109.91    55.22     0.33
11   202.80    96.18    55.22     0.33
11   178.68   141.30    55.22     0.33
11   188.46   152.74    55.22     0.33
11   197.91   152.08    55.22     0.33
11   205.41   138.03    55.22     0.33
11   196.93   134.10    55.22     0.33
11   208.99   127.24    55.22     0.33
11   202.47   104.02    55.22     0.33
11   181.61   109.91    55.22     0.33
11   191.39   146.53    55.22     0.33
11   164.67   160.26    55.22     0.33
11   170.53   177.26    55.22     0.33
11   164.67   175.30    55.22     0.33
11   169.88   168.43    55.22     0.33
11   171.84   161.89    55.22     0.33
11   147.07   176.61    55.22     0.33
11   149.02   156.01    55.22     0.33
11   139.90   179.55    55.22     0.33
11   140.55   198.84    55.22     0.33
11   185.20   188.70    55.22     0.33
11   193.02    67.08    55.22     0.33
11   175.75    71.00    55.22     0.33
11   166.95    70.35    55.22     0.33
11   161.41    85.39    55.22     0.33
11   139.90   109.91    58.18     0.33
11   150.00    88.00    58.18     0.33
11   155.21    90.62    58.18     0.33
11   170.21    75.58    58.18     0.33
11   168.90    84.73    58.18     0.33
11   167.27    92.91    58.18     0.33
11   183.57    80.16    58.18     0.33
11   192.37    93.56    58.18     0.33
11   195.63    98.14    58.18     0.33
11   199.54    81.14    58.18     0.33
11   197.59    89.97    58.18     0.33
11   190.41    74.60    58.18     0.33
11   225.94    80.48    58.18     0.33
11   217.47    84.41    58.18     0.33
11   225.94    96.83    58.18     0.33
11   224.64    89.97    58.18     0.33
11   232.79   103.37    58.18     0.33
11   236.70   124.95    58.18     0.33
11   231.16   118.74    58.18     0.33
11   244.19   137.70    58.18     0.33
11   243.87   129.20    58.18     0.33
11   234.74   132.80    58.18     0.33
11   235.72   142.60    58.18     0.33
11   228.55   148.49    58.18     0.33
11   228.55   164.84    58.18     0.33
11   238.00   117.76    59.16     0.33
11   226.92   110.89    59.16     0.33
11   223.01   103.04    59.16     0.33
11   238.65    99.12    59.16     0.33
11   231.16    89.31    59.16     0.33
11   214.53    92.25    59.16     0.33
11   207.04    88.98    59.16     0.33
11   193.02    84.41    59.16     0.33
11   182.92    71.66    59.16     0.33
11   154.24    83.75    59.16     0.33
11   164.99   119.06    59.16     0.33
11   162.38   112.52    60.07     0.33
11   173.14   111.87    60.07     0.33
11   158.80   146.53    60.07     0.33
11   151.96   150.78    60.07     0.33
11   215.84   114.81    60.07     0.33
11   222.68   119.39    60.07     0.33
11   233.11   111.54    60.07     0.33
11   241.91   121.03    60.07     0.33
11   227.90   141.62    60.07     0.33
11   221.05   150.45    60.07     0.33
11   211.93   160.26    60.07     0.33
11   216.16   169.41    60.07     0.33
11   221.05   162.87    60.07     0.33
11   222.68   168.76    60.07     0.33
11   212.58   182.16    60.07     0.33
11   219.75   190.34    60.07     0.33
11   211.93   196.22    60.07     0.33
11   203.45   190.66    60.07     0.33
11   195.63   176.93    60.07     0.33
11   199.21   166.47    60.07     0.33
11   221.70   182.82    60.07     0.33
11   216.49   176.93    60.07     0.33
11   212.58   204.72    60.07     0.33
11   195.96   193.61    60.07     0.33
11   189.11   193.61    60.07     0.33
11   194.65   207.01    60.07     0.33
11   205.08   206.03    60.07     0.33
11   201.82   200.15    60.07     0.33
11   184.87   209.63    60.07     0.33
11   187.48   202.76    60.07     0.33
11   172.81   201.45    60.07     0.33
11   168.90   206.68    60.07     0.33
11   166.95   211.59    60.07     0.33
11   148.70   193.61    60.07     0.33
11   147.72   160.91    60.07     0.33
11   154.24   169.74    60.07     0.33
11   158.15   176.61    60.07     0.33
11   142.83   139.01    60.07     0.33
11   148.37   138.03    60.07     0.33
11   157.82   133.78    60.07     0.33
11   148.37   122.01    60.07     0.33
11   189.44   107.62    61.13     0.33
11   205.73   119.72    61.13     0.33
11   215.84   156.01    63.86     0.33
11   223.33   155.03    63.86     0.33
11   228.87   155.03    63.86     0.33
11   229.85   128.22    63.86     0.33
11   224.64   124.95    63.86     0.33
11   233.11   150.12    63.86     0.33
11   210.30   167.78    63.86     0.33
11   174.12   120.37    60.45     0.33
11   199.87   184.45    59.69     0.33
11   213.88   187.39    59.69     0.33
11   184.22   178.57    63.93     0.33
11   179.99   190.01    63.93     0.33
11   184.55   197.20    63.93     0.33
11   177.05   194.91    63.93     0.33
11   186.83   172.68    63.93     0.33
11   177.70   173.66    63.93     0.33
11   180.31   183.47    63.93     0.33
11   192.04   187.07    63.93     0.33
11   169.88   143.58    63.93     0.33
11   174.44   154.70    63.93     0.33
11   167.93   150.45    63.93     0.33
11   183.57   147.51    63.93     0.33
11   197.26   161.24    63.93     0.33
11   201.50   146.53    63.93     0.33
11   208.99   156.01    63.93     0.33
11   243.87   144.24    63.93     0.33
11   228.55   173.01    63.93     0.33
11   222.68   176.61    63.93     0.33
11   205.41   183.47    63.93     0.33
11   193.67   200.80    63.93     0.33
11   157.17   122.99    63.93     0.33
11   152.93   111.22    63.93     0.33
11   165.64   107.95    63.93     0.33
11   146.41   101.41    63.93     0.33
11   136.31    96.50    63.93     0.33
11   138.59    88.66    63.93     0.33
11   166.62    66.10    63.93     0.33
11   154.56    69.70    63.93     0.33
11   146.41    71.00    63.93     0.33
11   144.13    76.56    63.93     0.33
11   181.29    65.44    63.93     0.33
11   243.87   114.16    63.93     0.33
11   174.44   101.08    67.57     0.33
11   166.62   100.10    67.57     0.33
11   161.08   100.75    67.57     0.33
11   155.87   105.33    67.57     0.33
11   145.76   115.47    67.57     0.33
11   176.73    90.95    67.57     0.33
11   174.44    85.39    67.57     0.33
11   176.73    79.50    67.57     0.33
11   220.40    94.87    67.57     0.33
11   207.36   174.64    67.57     0.33
11   203.78   172.03    67.57     0.33
11   154.89   158.95    67.57     0.33
11   179.33   200.80    67.57     0.33
11   210.62    71.00    67.57     0.33
11   214.21    77.54    67.57     0.33
11   211.60    64.79    67.57     0.33
11   196.61    75.91    67.57     0.33
11   197.59    67.41    68.40     0.33
11   182.92    58.25    68.40     0.33
11   152.61    64.79    68.40     0.33
11   142.50    66.75    68.40     0.33
11   165.97    61.19    68.40     0.33
11   205.73    59.89    68.40     0.33
11   213.88   101.74    68.40     0.33
11   222.36   112.85    68.40     0.33
11   223.33   134.43    68.40     0.33
11   203.78   161.24    68.40     0.33
11   169.88   137.70    68.40     0.33
11   160.43   156.01    68.40     0.33
11   182.92   159.60    68.40     0.33
11   190.09   160.91    68.40     0.33
11   178.03   166.80    68.40     0.33
11   187.81   166.80    68.40     0.33
11   194.00   171.70    68.40     0.33
11   189.11   180.86    68.40     0.33
11   162.06   186.09    68.40     0.33
11   148.04   186.09    68.40     0.33
11   154.24   182.49    68.40     0.33
11   155.87   190.01    68.40     0.33
11   145.11   170.39    68.40     0.33
11   142.50   160.26    68.40     0.33
11   141.85   153.72    68.40     0.33
11   150.65   144.24    68.40     0.33
11   162.38   139.66    68.40     0.33
11   161.73   127.56    68.40     0.33
11   219.10   123.97    68.40     0.33
11   219.75   142.93    68.40     0.33
11   213.88   148.49    68.40     0.33
11   207.69   145.22    68.40     0.33
11   202.80   153.39    68.40     0.33
11   212.90   139.66    68.40     0.33
11   212.58   132.14    68.40     0.33
11   188.79   122.66    68.40     0.33
11   194.65   113.51    68.40     0.33
11   144.13   131.81    68.40     0.33
11   136.96   117.43    68.40     0.33
11   142.50   146.85    68.40     0.33
11   136.31   147.83    68.40     0.33
11   134.68   138.68    68.40     0.33
11   135.33   133.78    68.40     0.33
11   162.06    79.50    68.40     0.33
11   217.14   107.95    68.40     0.33
11   238.00   155.03    68.40     0.33
11   235.07   160.59    68.40     0.33
11   186.18   215.84    68.40     0.33
11   192.70   215.51    68.40     0.33
11   200.52   212.24    68.40     0.33
11   144.13    82.77    68.40     0.33
11   240.28   106.64    68.40     0.33
11   137.29    79.18    68.40     0.33
11   185.20    87.35    70.07     0.33
11   183.24    95.85    70.07     0.33
11   177.05    75.25    70.90     0.33
11   174.44    69.04    70.90     0.33
11   160.76    85.72    70.90     0.33
11   161.41    91.27    70.90     0.33
11   208.01    95.85    70.90     0.33
11   207.69   107.95    70.90     0.33
11   209.64   126.26    70.90     0.33
11   196.28   132.80    70.90     0.33
11   193.02   144.89    70.90     0.33
11   195.63   153.39    70.90     0.33
11   188.79   153.39    70.90     0.33
11   190.74   136.39    70.90     0.33
11   183.24   134.43    70.90     0.33
11   170.53   167.78    70.90     0.33
11   164.99   160.91    70.90     0.33
11   165.97   195.24    70.90     0.33
11   157.82   196.22    70.90     0.33
11   171.51   186.09    71.96     0.33
11   169.23   177.91    71.96     0.33
11   162.71   170.72    71.96     0.33
11   145.76   176.61    71.96     0.33
11   142.18   180.53    71.96     0.33
11   137.94   169.74    72.87     0.33
11   135.98   161.24    72.87     0.33
11   130.44   147.18    72.87     0.33
11   133.38   122.99    72.87     0.33
11   152.28   129.20    72.87     0.33
11   131.10   111.54    72.87     0.33
11   145.11    92.91    72.87     0.33
11   238.00    88.33    72.87     0.33
11   199.54   182.49    74.99     0.33
11   229.20   165.16    74.99     0.33
11   219.75   195.90    74.99     0.33
11   162.71   119.06    74.99     0.33
11   139.90   111.87    74.99     0.33
11   137.61   106.64    74.99     0.33
11   150.65    88.33    74.99     0.33
11   154.89    83.75    74.99     0.33
11   168.25    91.60    74.99     0.33
11   168.58    81.79    74.99     0.33
11   169.23    72.96    74.99     0.33
11   186.50    73.95    74.99     0.33
11   182.59    79.83    74.99     0.33
11   190.74    80.16    74.99     0.33
11   192.04    88.66    74.99     0.33
11   193.02    95.85    74.99     0.33
11   200.84    81.14    74.99     0.33
11   204.10    87.35    74.99     0.33
11   216.16    87.35    74.99     0.33
11   227.57    77.21    74.99     0.33
11   228.87    87.02    74.99     0.33
11   224.96    98.47    74.99     0.33
11   240.28    95.85    74.99     0.33
11   248.43   105.99    74.99     0.33
11   236.04   117.10    74.99     0.33
11   232.46   122.66    74.99     0.33
11   242.56   128.22    74.99     0.33
11   244.85   136.72    74.99     0.33
11   231.16   135.41    74.99     0.33
11   235.07   140.97    74.99     0.33
11   150.00   161.57    76.73     0.33
11   160.10   148.16    76.73     0.33
11   149.02   155.03    76.73     0.33
11   150.00   138.03    76.73     0.33
11   155.21   135.08    76.73     0.33
11   173.47   106.97    76.73     0.33
11   226.59   140.31    76.73     0.33
11   224.96   147.18    76.73     0.33
11   171.51   115.47    76.73     0.33
11   217.14   171.70    77.80     0.33
11   222.68   182.82    77.80     0.33
11   211.60   182.16    77.80     0.33
11   214.86   188.05    78.63     0.33
11   200.52   191.97    78.63     0.33
11   196.61   193.61    78.63     0.33
11   201.82   204.40    78.63     0.33
11   205.41   199.49    78.63     0.33
11   211.93   201.13    78.63     0.33
11   210.30   194.59    79.46     0.33
11   179.33   191.32    79.46     0.33
11   186.18   197.86    79.46     0.33
11   170.21   208.32    79.46     0.33
11   167.60   202.11    79.46     0.33
11   145.44   195.90    79.46     0.33
11   178.36   176.93    79.46     0.33
11   198.24   164.84    79.46     0.33
11   209.97   166.14    79.46     0.33
11   199.54   175.95    79.46     0.33
11   227.90   171.70    79.46     0.33
11   223.33   156.99    79.46     0.33
11   229.85   150.78    79.46     0.33
11   243.87   118.08    79.46     0.33
11   227.90   109.58    79.46     0.33
11   231.48    93.89    79.46     0.33
11   220.40    81.79    79.46     0.33
11   185.85    67.41    79.46     0.33
11   146.74    72.64    79.46     0.33
11   136.31    96.18    79.46     0.33
11   151.30   111.22    79.46     0.33
11   154.24   119.06    79.46     0.33
11   205.73   118.74    79.46     0.33
11   185.20   146.53    79.46     0.33
11   176.40   147.18    79.46     0.33
11   167.60   150.45    79.46     0.33
11   172.81   157.64    79.46     0.33
11   152.61   171.05    79.46     0.33
11   244.85   145.22    79.46     0.33
11   214.21   160.26    79.46     0.33
11   189.76   206.03    79.46     0.33
11   146.41   102.06    79.46     0.33
11   163.36   108.60    79.46     0.33
11   199.54   146.53    79.46     0.33
11   187.81   188.38    79.46     0.33
11   184.22   173.01    79.46     0.33
11   137.94    88.00    79.46     0.33
11   147.39   123.97    79.46     0.33
11   155.54   105.99    84.39     0.33
11   165.32    97.81    84.39     0.33
11   176.73    94.22    84.39     0.33
11   175.75    87.68    84.39     0.33
11   177.70    82.77    84.39     0.33
11   157.17    90.95    84.39     0.33
11   158.15    98.79    84.39     0.33
11   147.72    82.77    84.39     0.33
11   157.50    72.96    84.39     0.33
11   163.36    69.04    84.39     0.33
11   164.99    58.58    84.39     0.33
11   145.76    67.41    85.22     0.33
11   186.18    57.60    85.22     0.33
11   178.03    63.16    85.22     0.33
11   197.26    63.81    85.22     0.33
11   203.45    56.29    85.22     0.33
11   210.30    65.77    85.22     0.33
11   206.39    72.31    85.22     0.33
11   215.19    76.89    85.22     0.33
11   220.07    71.00    85.22     0.33
11   239.96   108.93    85.22     0.33
11   224.31   122.66    85.22     0.33
11   222.03   133.78    85.22     0.33
11   222.68   128.22    85.22     0.33
11   236.04   152.74    85.22     0.33
11   178.68   168.43    86.20     0.33
11   187.48   162.22    86.20     0.33
11   195.63   151.10    86.20     0.33
11   183.57   153.72    86.20     0.33
11   162.38   182.49    86.20     0.33
11   163.69   192.63    86.20     0.33
11   178.36   203.74    86.20     0.33
11   187.16   180.86    86.20     0.33
11   161.41   157.64    86.20     0.33
11   153.91   196.88    86.20     0.33
11   150.98   187.39    87.04     0.33
11   149.02   178.89    87.04     0.33
11   144.46   159.28    87.04     0.33
11   179.99    73.95    87.04     0.33
11   176.73    72.31    87.04     0.33
11   161.08    85.39    87.04     0.33
11   150.98    77.21    87.04     0.33
11   137.61    76.89    87.04     0.33
11   209.64    87.35    87.04     0.33
11   219.10    92.91    87.04     0.33
11   212.58    94.54    87.04     0.33
11   222.36   112.85    87.04     0.33
11   201.17   156.66    87.04     0.33
11   185.53   130.18    87.04     0.33
11   186.50   141.30    87.04     0.33
11   233.44   160.26    87.04     0.33
11   249.08   130.18    87.04     0.33
11   215.19   147.51    87.04     0.33
11   206.39   146.85    87.04     0.33
11   210.62   139.66    87.04     0.33
11   216.16   129.85    87.04     0.33
11   209.32   129.85    87.04     0.33
11   215.51   103.70    87.04     0.33
11   211.60   110.24    87.04     0.33
11   201.50    96.50    87.04     0.33
11   191.72   110.56    87.04     0.33
11   185.20   112.20    87.04     0.33
11   197.59   120.70    87.04     0.33
11   190.41   121.68    87.04     0.33
11   192.70   132.14    87.04     0.33
11   164.67   140.31    87.04     0.33
11   160.43   127.24    87.87     0.33
11   151.96   145.55    87.87     0.33
11   138.27   130.83    87.87     0.33
11   138.92   138.35    87.87     0.33
11   139.57   150.78    87.87     0.33
11   141.85   181.18    87.87     0.33
11   175.42   181.84    87.87     0.33
11   168.58   173.99    87.87     0.33
11   167.93   165.49    87.87     0.33
11   158.80   166.80    87.87     0.33
11   159.78   174.32    87.87     0.33
11   172.49   196.55    87.87     0.33
11   191.72   170.07    87.87     0.33
11   207.36   173.01    87.87     0.33
11   206.71   180.53    87.87     0.33
11   181.29   209.30    87.87     0.33
11   184.22    91.60    87.87     0.33
11   130.77   109.58    88.78     0.33
11   133.70   115.79    88.78     0.33
11   145.44   110.24    88.78     0.33
11   234.74    87.68    88.78     0.33
11   147.39    95.52    88.78     0.33
11   140.55    70.68    88.78     0.33
11   168.58    63.81    88.78     0.33
11   194.65    73.62    88.78     0.33
11   208.99   153.39    88.78     0.33
11   180.31   125.93    90.82     0.33
11   172.49   136.06    90.82     0.33
11   167.27   124.29    90.82     0.33
11   159.45   113.51    90.82     0.33
11   179.33   132.80    90.82     0.33
11   200.84   136.72    90.82     0.33
11   193.67   142.93    90.82     0.33
11   194.33   159.60    90.82     0.33
11   216.16   164.84    90.82     0.33
11   225.94   164.18    90.82     0.33
11   231.48   136.06    90.82     0.33
11   236.70   133.78    90.82     0.33
11   246.15   136.72    90.82     0.33
11   238.00   122.01    90.82     0.33
11   231.48   120.70    90.82     0.33
11   251.36   106.31    90.82     0.33
11   242.24    93.89    90.82     0.33
11   239.30   100.43    90.82     0.33
11   233.44    76.56    90.82     0.33
11   225.62    76.56    90.82     0.33
11   226.59    87.02    90.82     0.33
11   193.35    88.33    90.82     0.33
11   194.33    79.50    90.82     0.33
11   189.44    83.43    90.82     0.33
11   187.16    75.58    90.82     0.33
11   182.27    84.41    90.82     0.33
11   207.04    80.16    90.82     0.33
11   200.52    75.91    90.82     0.33
11   199.87    84.41    90.82     0.33
11   203.78    89.97    90.82     0.33
11   191.07    93.89    90.82     0.33
11   191.07   101.74    90.82     0.33
11   181.61   101.41    90.82     0.33
11   167.60    90.62    90.82     0.33
11   168.58    81.79    90.82     0.33
11   168.25    73.29    90.82     0.33
11   161.73    77.54    90.82     0.33
11   153.58    84.08    90.82     0.33
11   164.34   210.93    90.82     0.33
11   150.65   158.62    92.72     0.33
11   161.08   148.16    92.72     0.33
11   159.13   141.95    92.72     0.33
11   152.28   135.08    92.72     0.33
11   169.88   114.16    93.55     0.33
11   174.44   107.95    93.55     0.33
11   179.01   115.47    93.55     0.33
11   206.71   108.60    93.55     0.33
11   215.51   120.04    93.55     0.33
11   218.77   140.64    94.38     0.33
11   222.03   148.16    94.38     0.33
11   216.49   172.03    94.38     0.33
11   226.27   179.22    94.38     0.33
11   214.21   184.78    94.38     0.33
11   216.49   196.55    94.38     0.33
11   206.71   202.11    94.38     0.33
11   197.91   196.55    94.38     0.33
11   198.24   187.39    95.29     0.33
11   178.68   191.65    95.29     0.33
11   187.16   199.16    95.29     0.33
11   197.59   206.36    95.29     0.33
11   191.39   207.99    95.29     0.33
11   197.91   176.61    95.29     0.33
11   171.18   156.66    95.29     0.33
11   175.42   141.30    96.28     0.33
11   209.32   167.12    96.28     0.33
11   226.27   150.78    97.11     0.33
11   224.31   155.35    97.11     0.33
11   242.24   156.66    97.11     0.33
11   238.65   139.01    97.11     0.33
11   240.93   125.28    97.11     0.33
11   241.59   117.76    97.11     0.33
11   250.39   121.35    97.11     0.33
11   231.16    94.22    97.11     0.33
11   224.31    94.87    97.11     0.33
11   229.85   113.18    97.11     0.33
11   249.41    92.25    97.11     0.33
11   153.26   114.16    97.11     0.33
11   138.59   112.85    97.11     0.33
11   137.61    98.47    97.11     0.33
11   142.50    86.04    97.11     0.33
11   171.84    53.67    97.11     0.33
11   183.90    52.04    97.11     0.33
11   184.22    69.04    97.11     0.33
11   212.25   158.95    97.11     0.33
11   207.04   162.55    98.02     0.33
11   184.55   185.76    98.02     0.33
11   181.29   173.66    98.02     0.33
11   179.01   160.59    98.02     0.33
11   199.87   169.74    98.02     0.33
11   167.93   203.42    98.02     0.33
11   151.30   168.76    98.02     0.33
11   137.94   173.99    98.85     0.33
11   147.72   194.91    98.85     0.33
11   148.04   125.93    98.85     0.33
11   160.10   121.35    98.85     0.33
11   207.04   118.41    98.85     0.33
11   198.89   127.89    98.85     0.33
11   227.90   169.41    98.85     0.33
11   203.78   193.28    98.85     0.33
11   206.06   187.39    98.85     0.33
11   200.19   112.52    99.69     0.33
11   201.17   105.01    99.69     0.33
11   163.69    97.81    99.69     0.33
11   156.19    98.47    99.69     0.33
11   162.71   104.68    99.69     0.33
11   157.82    90.29    99.69     0.33
11   176.07    93.24    99.69     0.33
11   176.73    85.72    99.69     0.33
11   158.47    70.35    99.69     0.33
11   165.32    57.60    99.69     0.33
11   160.10    62.18    99.69     0.33
11   144.78    59.56    99.69     0.33
11   218.12    87.02    99.69     0.33
11   244.19   144.89    99.69     0.33
11   233.76   144.57    99.69     0.33
11   231.48   128.87    99.69     0.33
11   175.10   148.16    99.69     0.33
11   187.48   156.99   101.58     0.33
11   198.24   149.47   101.58     0.33
11   223.66   128.22   101.58     0.33
11   240.28   108.27   101.58     0.33
11   220.40    71.33   101.58     0.33
11   207.04    72.96   101.58     0.33
11   212.25    61.52   101.58     0.33
11   207.04    62.50   101.58     0.33
11   187.16    57.27   101.58     0.33
11   177.70    63.48   101.58     0.33
11   164.99    69.70   101.58     0.33
11   147.39    70.02   101.58     0.33
11   218.77    76.89   102.41     0.33
11   223.66   110.56   102.41     0.33
11   214.86   101.41   102.41     0.33
11   249.73   130.18   102.41     0.33
11   246.47   125.60   102.41     0.33
11   189.11   140.64   102.41     0.33
11   184.87   126.58   102.41     0.33
11   191.39   114.49   102.41     0.33
11   185.53   111.54   102.41     0.33
11   172.16   128.87   102.41     0.33
11   165.64   137.05   102.41     0.33
11   167.93   144.89   102.41     0.33
11   163.69   155.68   102.41     0.33
11   149.02   179.88   102.41     0.33
11   165.97   189.03   103.25     0.33
11   162.38   194.59   103.25     0.33
11   142.83   178.24   103.25     0.33
11   153.58   107.62   103.25     0.33
11   148.70    77.54   103.25     0.33
11   178.68    74.27   103.25     0.33
11   210.62    93.89   103.25     0.33
11   234.42   161.57   103.25     0.33
11   235.07   152.08   103.25     0.33
11   210.62   177.26   103.25     0.33
11   178.68   198.51   103.25     0.33
11   178.68   203.42   103.25     0.33
11   177.05   208.65   103.25     0.33
11   173.14   192.30   103.25     0.33
11   185.20   194.26   103.25     0.33
11   189.44   176.61   103.25     0.33
11   189.44   166.47   103.25     0.33
11   170.53   168.11   103.25     0.33
11   160.76   171.37   103.25     0.33
11   156.84   183.47   104.08     0.33
11   175.75   180.86   104.08     0.33
11   168.25   183.80   104.08     0.33
11   167.93   177.26   104.08     0.33
11   161.08   177.91   104.08     0.33
11   174.12   174.97   104.08     0.33
11   180.31   169.41   104.08     0.33
11   189.11   190.66   104.08     0.33
11   223.01   173.01   104.08     0.33
11   218.44   156.99   104.08     0.33
11   205.08   155.68   104.08     0.33
11   210.95   151.76   104.08     0.33
11   205.73   147.18   104.08     0.33
11   205.73   138.35   104.08     0.33
11   210.95   125.93   104.08     0.33
11   212.90   132.47   104.08     0.33
11   206.06   129.85   104.08     0.33
11   212.25   113.51   104.08     0.33
11   200.52   122.01   104.08     0.33
11   194.65   121.68   104.08     0.33
11   192.04   133.45   104.08     0.33
11   182.59   139.99   104.08     0.33
11   182.59   147.83   104.08     0.33
11   159.78   161.57   104.08     0.33
11   168.25   162.22   104.08     0.33
11   149.02   140.64   104.08     0.33
11   154.24   148.16   104.08     0.33
11   164.67   130.83   104.08     0.33
11   157.82   128.87   104.08     0.33
11   137.61   119.39   104.08     0.33
11   149.67    94.87   104.08     0.33
11   146.09   103.70   104.08     0.33
11   138.27    69.04   104.08     0.33
11   182.59    94.54   104.08     0.33
11   197.59    97.49   104.08     0.33
11   211.60    85.72   104.08     0.33
11   213.88    70.02   104.08     0.33
11   192.70    71.33   104.08     0.33
11   200.84    66.43   105.97     0.33
11   204.10    55.96   105.97     0.33
11   192.70    48.44   105.97     0.33
11   189.11    53.02   105.97     0.33
11   179.66    58.25   105.97     0.33
11   167.93    61.85   105.97     0.33
11   159.13    74.93   105.97     0.33
11   162.71    81.47   105.97     0.33
11   154.89    81.47   105.97     0.33
11   177.38    80.16   105.97     0.33
11   187.48    77.54   105.97     0.33
11   191.72    79.50   105.97     0.33
11   190.09    84.41   105.97     0.33
11   201.50    88.33   105.97     0.33
11   208.01    77.87   105.97     0.33
11   200.19    75.91   105.97     0.33
11   228.87    85.39   105.97     0.33
11   223.33    88.66   105.97     0.33
11   235.07    85.06   105.97     0.33
11   233.11    78.85   105.97     0.33
11   233.44    74.60   105.97     0.33
11   225.94    72.96   105.97     0.33
11   223.33    78.52   105.97     0.33
11   243.22    96.18   105.97     0.33
11   238.00   100.75   105.97     0.33
11   246.15   102.39   105.97     0.33
11   238.98    89.64   105.97     0.33
11   230.83    89.31   105.97     0.33
11   242.56   112.85   105.97     0.33
11   235.39   115.79   105.97     0.33
11   231.81   119.72   105.97     0.33
11   239.63   132.14   105.97     0.33
11   232.46   136.72   105.97     0.33
11   223.66   133.12   105.97     0.33
11   226.27   161.57   105.97     0.33
11   218.44   163.85   105.97     0.33
11   214.86   168.11   105.97     0.33
11   207.69   180.86   105.97     0.33
11   201.50   180.20   105.97     0.33
11   193.35   161.57   105.97     0.33
11   191.72   143.91   105.97     0.33
11   181.29   132.14   105.97     0.33
11   168.25   150.78   105.97     0.33
11   147.72   152.41   105.97     0.33
11   147.07   164.51   105.97     0.33
11   169.88   196.55   105.97     0.33
11   184.87   204.40   105.97     0.33
11   193.35   201.45   105.97     0.33
11   189.44   100.75   105.97     0.33
11   177.38   101.74   105.97     0.33
11   190.41    93.24   105.97     0.33
11   183.57    87.02   105.97     0.33
11   167.60    86.04   105.97     0.33
11   168.25    75.91   105.97     0.33
11   170.86    68.71   105.97     0.33
11   145.76   112.52   105.97     0.33
11   132.07   133.45   105.97     0.33
11   138.27   141.62   105.97     0.33
11   140.55   154.37   105.97     0.33
11   139.57   165.16   105.97     0.33
11   129.14   114.16   106.88     0.33
11   226.59    99.12   107.72     0.33
11   229.85   105.01   107.72     0.33
11   205.08    96.83   108.55     0.33
11   177.70   124.62   108.55     0.33
11   167.60   121.68   109.38     0.33
11   212.58   120.04   109.38     0.33
11   222.03   120.37   109.38     0.33
11   149.02   156.66   109.38     0.33
11   153.91   176.93   109.38     0.33
11   158.15   189.36   109.38     0.33
11   197.26   139.66   109.38     0.33
11   213.23   146.53   109.38     0.33
11   179.99   118.08   109.38     0.33
11   157.50   139.99   110.22     0.33
11   159.45   148.82   110.22     0.33
11   153.91   134.43   110.22     0.33
11   164.99   114.81   110.22     0.33
11   209.97   107.29   110.22     0.33
11   216.82   126.26   110.22     0.33
11   219.10   139.99   110.22     0.33
11   226.27   140.31   110.22     0.33
11   221.05   147.83   110.22     0.33
11   200.52   134.76   110.22     0.33
11   200.84   142.60   110.22     0.33
11   191.72   105.99   110.22     0.33
11   181.94   108.27   110.22     0.33
11   174.44   108.60   110.22     0.33
11   172.16   116.12   110.22     0.33
11   193.67   195.24   110.22     0.33
11   198.24   199.82   110.22     0.33
11   213.23   186.09   110.22     0.33
11   215.84   195.24   110.22     0.33
11   228.22   179.88   110.22     0.33
11   221.70   183.47   110.22     0.33
11   217.14   176.28   110.22     0.33
11   199.21   160.26   110.22     0.33
11   191.07   182.82   110.22     0.33
11   133.38   105.66   110.22     0.33
11   139.57    74.60   110.22     0.33
11   168.90    98.79   110.22     0.33
11   249.41    92.91   112.26     0.33
11   248.10   118.41   112.26     0.33
11   240.61   118.41   112.26     0.33
11   238.65   125.60   112.26     0.33
11   238.65   138.03   112.26     0.33
11   244.52   154.05   112.26     0.33
11   227.90   153.72   112.26     0.33
11   209.97   168.76   112.26     0.33
11   212.90   158.30   113.09     0.33
11   183.57   173.01   113.09     0.33
11   179.01   189.36   113.09     0.33
11   184.87   185.43   113.09     0.33
11   197.91   187.07   113.09     0.33
11   196.93   176.28   113.09     0.33
11   199.87   169.74   113.09     0.33
11   202.47   165.82   113.09     0.33
11   172.49   154.37   113.09     0.33
11   152.93   168.43   113.09     0.33
11   153.58   157.97   113.09     0.33
11   174.12   141.62   113.09     0.33
11   172.16   136.06   113.09     0.33
11   152.93   115.79   113.09     0.33
11   136.64   113.18   113.09     0.33
11   135.66    94.87   113.09     0.33
11   144.78    89.97   113.09     0.33
11   139.90    83.75   113.09     0.33
11   220.73    99.12   113.09     0.33
11   218.77    94.54   113.09     0.33
11   227.57   146.85   113.09     0.33
11   179.01   160.91   113.09     0.33
11   137.61   169.41   114.08     0.33
11   151.96   195.24   114.08     0.33
11   166.30   202.43   114.08     0.33
11   203.13   194.91   114.08     0.33
11   199.87   204.72   114.08     0.33
11   159.78   116.78   114.08     0.33
11   160.76   123.64   114.08     0.33
11   149.35   124.62   114.08     0.33
11   148.04   129.85   114.08     0.33
11   138.27   105.99   114.08     0.33
11   143.81    97.16   114.08     0.33
11   206.71   118.08   114.08     0.33
11   183.24    69.70   114.08     0.33
11   156.84    55.64   114.08     0.33
11   150.65    85.39   114.08     0.33
11   232.13    95.85   114.08     0.33
11   197.26   128.87   114.08     0.33
11   195.96    84.08   115.06     0.33
11   175.75    88.00   115.06     0.33
11   161.41    98.47   115.06     0.33
11   160.43   104.35   115.06     0.33
11   154.89    99.77   115.90     0.33
11   159.13    87.35   115.90     0.33
11   157.17    68.06   116.73     0.33
11   163.36    69.04   116.73     0.33
11   168.25    54.98   116.73     0.33
11   180.31    63.48   116.73     0.33
11   212.25    60.54   116.73     0.33
11   219.75    66.43   116.73     0.33
11   207.04    71.33   116.73     0.33
11   218.12    84.08   116.73     0.33
11   237.02   108.60   116.73     0.33
11   232.46   129.20   116.73     0.33
11   226.27   127.89   116.73     0.33
11   246.47   144.57   116.73     0.33
11   187.48   157.32   116.73     0.33
11   197.91   152.41   116.73     0.33
11   228.22   168.11   116.73     0.33
11   147.07   173.34   116.73     0.33
11   129.79   127.56   116.73     0.33
11   127.51   135.08   116.73     0.33
11   147.07    69.37   116.73     0.33
11   146.09    57.60   116.73     0.33
11   203.45    82.45   116.73     0.33
11   197.26   103.04   116.73     0.33
11   204.10   109.91   116.73     0.33
11   199.54   109.91   116.73     0.33
11   196.93   115.79   116.73     0.33
11   205.73   102.39   116.73     0.33
11   166.30   109.26   116.73     0.33
11   234.42   146.20   116.73     0.33
11   144.78   147.18   116.73     0.33
11   141.20   125.60   116.73     0.33
11   224.31   111.54   117.87     0.33
11   215.19   102.72   117.87     0.33
11   251.04   134.10   117.87     0.33
11   253.65   126.58   117.87     0.33
11   179.66   152.74   117.87     0.33
11   164.99   141.30   117.87     0.33
11   186.50   124.62   117.87     0.33
11   188.13   117.43   117.87     0.33
11   189.11   112.20   117.87     0.33
11   175.10    93.89   117.87     0.33
11   144.13   118.41   117.87     0.33
11   165.64    90.95   117.87     0.33
11   205.73   185.76   117.87     0.33
11   191.39   207.67   117.87     0.33
11   189.76   174.32   118.93     0.33
11   168.58   169.09   118.93     0.33
11   164.01   154.05   118.93     0.33
11   235.39   159.60   118.93     0.33
11   207.04    90.62   118.93     0.33
11   152.28   108.27   118.93     0.33
11   148.37    76.89   118.93     0.33
11   178.36   199.16   118.93     0.33
11   175.10   206.36   118.93     0.33
11   173.79   192.30   118.93     0.33
11   163.69   196.55   118.93     0.33
11   141.53   180.20   118.93     0.33
11   173.14   129.85   118.93     0.33
11   235.39   152.74   118.93     0.33
11   178.36    73.62   119.76     0.33
11   183.24    94.54   119.76     0.33
11   211.93    71.66   119.76     0.33
11   212.25    87.35   119.76     0.33
11   208.67   150.12   119.76     0.33
11   206.71   158.30   119.76     0.33
11   221.05   157.97   119.76     0.33
11   178.03   169.74   119.76     0.33
11   178.36   178.57   119.76     0.33
11   171.18   161.89   119.76     0.33
11   161.08   171.70   119.76     0.33
11   158.47   162.55   119.76     0.33
11   167.60   179.88   119.76     0.33
11   172.16   185.76   119.76     0.33
11   161.08   184.13   119.76     0.33
11   161.41   131.49   119.76     0.33
11   197.59   121.68   119.76     0.33
11   206.39   131.49   119.76     0.33
11   211.93   140.31   119.76     0.33
11   187.81   134.43   119.76     0.33
11   181.29   140.97   119.76     0.33
11   184.55   147.51   119.76     0.33
11   188.46   167.78   119.76     0.33
11   223.66   174.64   119.76     0.33
11   151.63    94.54   119.76     0.33
11   194.00    94.87   122.79     0.33
11   188.13    85.39   122.79     0.33
11   178.68    83.43   122.79     0.33
11   159.13    81.79   122.79     0.33
11   165.64    65.12   122.79     0.33
11   172.49    78.85   122.79     0.33
11   207.69    78.20   122.79     0.33
11   223.33    78.52   122.79     0.33
11   227.24    69.70   122.79     0.33
11   234.09    72.64   122.79     0.33
11   239.96    77.54   122.79     0.33
11   230.83    83.75   122.79     0.33
11   233.11    88.33   122.79     0.33
11   223.66    88.66   122.79     0.33
11   224.96    93.56   122.79     0.33
11   224.31    99.12   122.79     0.33
11   240.28   102.06   122.79     0.33
11   244.85   112.52   122.79     0.33
11   235.72   116.12   122.79     0.33
11   228.87   134.10   122.79     0.33
11   243.54   130.51   122.79     0.33
11   222.36   167.12   122.79     0.33
11   192.04   142.28   122.79     0.33
11   179.99   133.78   122.79     0.33
11   159.78    75.25   122.79     0.33
11   191.07    77.21   122.79     0.33
11   199.21    89.64   122.79     0.33
11   183.24    78.52   122.79     0.33
11   178.68    54.98   122.79     0.33
11   205.41    54.00   122.79     0.33
11   200.84    66.75   122.79     0.33
11   177.70    99.77   122.79     0.33
11   130.77   115.79   122.79     0.33
11   135.01   141.95   122.79     0.33
11   134.68   149.14   122.79     0.33
11   147.39   163.53   122.79     0.33
11   167.93   147.83   122.79     0.33
11   172.81    69.04   122.79     0.33
11   164.99    82.77   122.79     0.33
11   137.94    66.75   122.79     0.33
11   250.71   100.10   122.79     0.33
11   182.59   201.13   124.08     0.33
11   147.39   153.72   125.44     0.33
11   210.95   175.95   125.44     0.33
11   210.95   182.49   125.44     0.33
11   219.75   182.16   125.44     0.33
11   212.58   120.04   125.44     0.33
11   225.94   140.31   125.44     0.33
11   157.82   141.30   125.44     0.33
11   158.47   152.08   125.44     0.33
11   191.72   162.87   125.44     0.33
11   198.89   144.57   125.44     0.33
11   169.88   123.31   125.44     0.33
11   169.88   117.10   125.44     0.33
11   217.79   132.14   127.34     0.33
11   245.82   119.06   127.34     0.33
11   242.24   152.41   127.34     0.33
11   213.88   167.78   127.34     0.33
11   208.99   165.82   127.34     0.33
11   189.44   180.53   127.34     0.33
11   183.57   179.22   127.34     0.33
11   187.48   197.20   127.34     0.33
11   191.07   191.97   127.34     0.33
11   191.39   201.45   127.34     0.33
11   196.28   197.53   127.34     0.33
11   215.19   188.05   127.34     0.33
11   208.67   191.97   127.34     0.33
11   249.73    91.93   127.34     0.33
11   244.19    91.60   127.34     0.33
11   191.39    52.37   127.34     0.33
11   192.37    59.23   127.34     0.33
11   186.83    57.27   127.34     0.33
11   199.21    73.62   127.34     0.33
11   192.70    67.73   127.34     0.33
11   201.82    59.23   127.34     0.33
11   170.53    60.87   127.34     0.33
11   150.00    64.46   127.34     0.33
11   137.94    72.96   127.34     0.33
11   179.33   124.95   127.34     0.33
11   152.93   177.26   127.34     0.33
11   196.93   185.43   128.17     0.33
11   180.31   190.66   128.17     0.33
11   178.03   159.28   128.17     0.33
11   157.82   190.34   128.17     0.33
11   203.45   168.76   128.17     0.33
11   200.19   177.59   128.17     0.33
11   197.26   170.72   128.17     0.33
11   199.21   158.62   128.17     0.33
11   192.70   154.70   128.17     0.33
11   174.12   150.12   128.17     0.33
11   169.88   155.35   128.17     0.33
11   151.96   167.12   128.17     0.33
11   153.26   156.66   128.17     0.33
11   141.20   160.59   128.17     0.33
11   137.94   114.81   128.17     0.33
11   224.31   122.01   128.17     0.33
11   215.84   159.60   128.17     0.33
11   231.48   162.22   128.17     0.33
11   229.85   149.47   128.17     0.33
11   225.94   155.03   128.17     0.33
11   219.42   151.76   128.17     0.33
11   219.75   141.30   128.17     0.33
11   180.31   116.45   128.17     0.33
11   171.51   103.04   128.17     0.33
11   185.53   101.74   128.17     0.33
11   216.49    93.24   128.17     0.33
11   152.61   117.10   128.17     0.33
11   149.35   144.57   128.17     0.33
11   146.09    86.37   128.17     0.33
11   141.85    89.97   128.17     0.33
11   227.90   104.02   128.17     0.33
11   214.21   110.56   128.17     0.33
11   238.98   124.29   128.17     0.33
11   154.56   129.53   128.17     0.33
11   220.73    74.93   128.17     0.33
11   143.81   105.66   129.99     0.33
11   135.01   105.01   129.99     0.33
11   157.50   115.14   129.99     0.33
11   158.80   122.66   129.99     0.33
11   152.61   123.31   129.99     0.33
11   172.16   138.35   129.99     0.33
11   249.08   110.24   129.99     0.33
11   138.92    98.47   129.99     0.33
11   182.92   172.68   129.99     0.33
11   160.10   103.04   130.90     0.33
11   156.84    89.64   131.73     0.33
11   125.55   129.53   132.71     0.33
11   134.68   125.28   132.71     0.33
11   132.73   132.47   132.71     0.33
11   164.01   112.85   132.71     0.33
11   154.89    98.47   132.71     0.33
11   212.25    63.16   132.71     0.33
11   219.10    67.08   132.71     0.33
11   236.04    81.79   132.71     0.33
11   236.37    91.27   132.71     0.33
11   243.54    84.41   132.71     0.33
11   233.11   109.91   132.71     0.33
11   231.48   128.54   132.71     0.33
11   232.13   120.70   132.71     0.33
11   235.39   133.78   132.71     0.33
11   233.44   144.89   132.71     0.33
11   233.76   140.31   132.71     0.33
11   200.19   152.08   133.55     0.33
11   216.82   173.34   133.55     0.33
11   195.63   135.08   133.55     0.33
11   176.07    90.29   133.55     0.33
11   171.51    95.52   133.55     0.33
11   162.06    88.00   133.55     0.33
11   162.06    97.49   133.55     0.33
11   171.84   111.87   133.55     0.33
11   180.31   111.87   133.55     0.33
11   188.79   116.78   133.55     0.33
11   184.87   126.58   133.55     0.33
11   192.04   127.89   133.55     0.33
11   207.36   106.64   133.55     0.33
11   203.78   111.87   133.55     0.33
11   223.66   114.49   133.55     0.33
11   218.12   117.43   133.55     0.33
11   217.79   125.28   133.55     0.33
11   206.06   123.64   133.55     0.33
11   195.96   115.79   133.55     0.33
11   187.16   109.58   133.55     0.33
11   195.30   106.64   133.55     0.33
11   208.67    97.81   133.55     0.33
11   216.16   102.72   133.55     0.33
11   198.89    98.47   133.55     0.33
11   144.78   119.39   133.55     0.33
11   144.13   139.33   133.55     0.33
11   141.85   148.16   133.55     0.33
11   164.99   137.70   133.55     0.33
11   146.09    97.81   133.55     0.33
11   197.26    81.14   133.55     0.33
11   203.45    85.06   133.55     0.33
11   185.20    63.48   133.55     0.33
11   177.38    61.19   133.55     0.33
11   151.96    71.66   133.55     0.33
11   160.10    67.41   133.55     0.33
11   186.83   160.26   135.06     0.33
11   185.53   167.78   135.06     0.33
11   185.85   172.68   135.06     0.33
11   166.95   169.74   135.06     0.33
11   161.08   159.28   135.06     0.33
11   176.40   181.51   135.06     0.33
11   169.88   181.18   135.06     0.33
11   175.42   169.74   135.06     0.33
11   208.67   148.49   135.06     0.33
11   208.34   156.01   135.06     0.33
11   171.51   132.80   135.06     0.33
11   182.92   139.99   135.06     0.33
11   216.49    86.37   135.06     0.33
11   209.64    88.98   135.06     0.33
11   151.96   105.01   135.06     0.33
11   156.19   108.27   135.06     0.33
11   187.81    92.91   135.06     0.33
11   181.61    90.95   135.06     0.33
11   150.98    78.85   135.06     0.33
11   181.94    70.02   135.90     0.33
11   186.83    71.66   135.90     0.33
11   207.04    70.02   135.90     0.33
11   212.25   137.37   135.90     0.33
11   214.53   146.20   135.90     0.33
11   181.61   148.82   135.90     0.33
11   170.53   161.57   135.90     0.33
11   159.13   173.34   135.90     0.33
11   163.04   180.86   135.90     0.33
11   166.95   195.24   135.90     0.33
11   174.77   200.15   135.90     0.33
11   172.49   190.34   135.90     0.33
11   200.52   190.99   135.90     0.33
11   235.39   151.43   135.90     0.33
11   232.13    98.79   135.90     0.33
11   148.37   128.87   135.90     0.33
11   141.20   125.93   135.90     0.33
11   161.73   130.18   135.90     0.33
11   148.70   111.87   135.90     0.33
11   154.56    54.66   135.90     0.33
11   146.41    57.93   135.90     0.33
11   170.21    54.00   135.90     0.33
11   142.18    73.95   135.90     0.33
11   138.59    80.81   135.90     0.33
11   145.11    66.75   135.90     0.33
11   159.45    60.21   135.90     0.33
11   134.03    86.70   135.90     0.33
11   129.79    96.83   135.90     0.33
11   130.77    72.31   135.90     0.33
11   239.63   110.24   135.90     0.33
11   216.49    77.87   135.90     0.33
11   207.36   130.18   135.90     0.33
11   180.31   136.06   138.93     0.33
11   179.99    81.79   138.93     0.33
11   190.74    80.16   138.93     0.33
11   194.33    92.25   138.93     0.33
11   208.99    77.54   138.93     0.33
11   222.36    99.12   138.93     0.33
11   246.15   100.43   138.93     0.33
11   175.75    75.58   138.93     0.33
11   169.23    77.54   138.93     0.33
11   158.47    80.81   138.93     0.33
11   168.90    84.08   138.93     0.33
11   229.85    74.60   138.93     0.33
11   228.55    80.48   138.93     0.33
11   228.55    89.97   138.93     0.33
11   244.52   132.47   138.93     0.33
11   167.27   151.10   138.93     0.33
11   162.38    74.93   138.93     0.33
11   171.84    68.71   138.93     0.33
11   193.35    86.37   138.93     0.33
11   227.57   134.43   140.59     0.33
11   225.94   142.28   140.59     0.33
11   211.27   176.93   140.59     0.33
11   216.82   164.18   140.59     0.33
11   194.00   143.26   140.59     0.33
11   201.50   145.55   140.59     0.33
11   191.39   166.14   140.59     0.33
11   192.70   174.97   140.59     0.33
11   158.47   151.10   140.59     0.33
11   159.13   139.99   140.59     0.33
11   146.41   164.51   140.59     0.33
11   164.01   118.74   140.59     0.33
11   179.01    97.49   140.59     0.33
11   191.72    98.47   140.59     0.33
11   239.30   118.41   140.59     0.33
11   170.53   121.35   140.59     0.33
11   208.99   117.10   140.59     0.33
11   189.76    60.21   142.49     0.33
11   200.52    58.25   142.49     0.33
11   206.71    61.85   142.49     0.33
11   200.52    66.10   142.49     0.33
11   192.37    54.33   142.49     0.33
11   150.98    90.95   142.49     0.33
11   247.78    93.56   142.49     0.33
11   245.50   117.76   142.49     0.33
11   206.06   165.49   142.49     0.33
11   210.62   168.76   142.49     0.33
11   210.30   161.89   142.49     0.33
11   183.90   185.43   142.49     0.33
11   185.85   178.24   142.49     0.33
11   150.65   177.59   142.49     0.33
11   188.46   190.66   142.49     0.33
11   190.74   183.14   142.49     0.33
11   206.06   180.86   142.49     0.33
11   175.75   143.91   142.49     0.33
11   177.05   176.93   142.49     0.33
11   164.99   145.22   142.49     0.33
11   147.39   154.05   142.49     0.33
11   178.36   125.60   142.49     0.33
11   220.40   134.76   142.49     0.33
11   223.33    76.56   143.93     0.33
11   145.76    84.41   143.93     0.33
11   143.81    91.60   143.93     0.33
11   174.77   149.47   143.93     0.33
11   174.77   157.97   143.93     0.33
11   196.61   184.78   143.93     0.33
11   196.61   162.55   143.93     0.33
11   205.08   172.68   143.93     0.33
11   198.56   176.28   143.93     0.33
11   198.24   169.09   143.93     0.33
11   216.82   158.62   143.93     0.33
11   225.29   157.32   143.93     0.33
11   222.03   150.12   143.93     0.33
11   187.16   102.39   143.93     0.33
11   171.18   103.37   143.93     0.33
11   154.89   128.87   143.93     0.33
11   139.90   115.47   143.93     0.33
11   137.94   119.72   143.93     0.33
11   223.99   105.33   143.93     0.33
11   148.70   147.83   145.74     0.33
11   151.96   159.93   145.74     0.33
11   152.28   123.97   145.74     0.33
11   156.19   115.79   145.74     0.33
11   143.48   106.97   145.74     0.33
11   134.68   105.66   145.74     0.33
11   138.59    96.50   145.74     0.33
11   246.47   108.93   145.74     0.33
11   229.85   115.14   145.74     0.33
11   210.62   111.54   145.74     0.33
11   204.10    79.18   145.74     0.33
11   224.31   121.03   148.47     0.33
11   235.72    90.29   148.47     0.33
11   163.04   110.56   148.47     0.33
11   155.21    98.14   148.47     0.33
11   186.18    84.41   148.47     0.33
11   232.13   108.60   148.47     0.33
11   221.38    71.33   148.47     0.33
11   221.70    85.39   148.47     0.33
11   192.70    66.75   148.47     0.33
11   156.19    90.29   148.47     0.33
11   178.68   161.57   148.47     0.33
11   194.65   154.05   148.47     0.33
11   128.16   127.89   148.47     0.33
11   233.11   127.24   148.47     0.33
11   232.46   138.03   148.47     0.33
11   245.17   124.62   148.47     0.33
11   200.84    93.24   148.47     0.33
11   175.42   136.39   148.47     0.33
11   152.61    74.93   150.36     0.33
11   163.69    88.00   150.36     0.33
11   151.63   105.01   150.36     0.33
11   155.21   108.60   150.36     0.33
11   162.38   104.35   150.36     0.33
11   200.52    82.45   150.36     0.33
11   204.43    86.04   150.36     0.33
11   211.60    88.66   150.36     0.33
11   215.19    83.43   150.36     0.33
11   184.87    64.14   150.36     0.33
11   175.42    62.83   150.36     0.33
11   181.61    59.56   150.36     0.33
11   161.08    68.06   150.36     0.33
11   189.76   158.95   150.36     0.33
11   182.59   167.45   150.36     0.33
11   187.16   170.07   150.36     0.33
11   208.67   156.34   150.36     0.33
11   209.64   149.80   150.36     0.33
11   217.14   170.39   150.36     0.33
11   172.16   182.49   150.36     0.33
11   166.95   167.12   150.36     0.33
11   161.73   156.99   150.36     0.33
11   170.86   173.01   150.36     0.33
11   161.08   165.49   150.36     0.33
11   145.76    97.16   150.36     0.33
11   167.60    96.18   150.36     0.33
11   177.05    89.97   150.36     0.33
11   170.86    90.62   150.36     0.33
11   151.96    66.75   150.36     0.33
11   215.84    65.77   150.36     0.33
11   234.42    81.14   150.36     0.33
11   209.32    94.22   150.36     0.33
11   217.79   126.26   150.36     0.33
11   218.77   116.12   150.36     0.33
11   197.91   132.14   150.36     0.33
11   167.60   138.35   150.36     0.33
11   153.91   165.49   150.36     0.33
11   144.13   139.99   150.36     0.33
11   151.96    85.06   150.36     0.33
11   209.64   123.64   150.36     0.33
11   202.15   119.39   150.36     0.33
11   220.07   140.31   150.36     0.33
11   206.39   106.97   150.36     0.33
11   216.49   107.62   150.36     0.33
11   209.97   102.39   150.36     0.33
11   197.26   106.64   150.36     0.33
11   194.33   116.78   150.36     0.33
11   188.79   117.43   150.36     0.33
11   186.83   124.95   150.36     0.33
11   178.36   116.45   150.36     0.33
11   183.57   112.20   150.36     0.33
11   200.84   102.06   150.36     0.33
11   219.10    93.24   150.36     0.33
11   237.35   144.89   150.36     0.33
11   241.91   137.70   150.36     0.33
11   240.28   130.51   150.36     0.33
11   241.26    96.18   150.36     0.33
11   187.16   143.26   150.36     0.33
11   202.47   151.76   150.36     0.33
11   161.08   173.66   151.80     0.33
11   242.56   114.16   151.80     0.33
11   236.37   113.83   151.80     0.33
11   185.20    68.71   151.80     0.33
11   216.82    78.52   151.80     0.33
11   147.07   127.89   151.80     0.33
11   160.43   132.47   151.80     0.33
11   173.14   162.22   151.80     0.33
11   210.62   142.60   151.80     0.33
11   214.21   153.07   151.80     0.33
11   189.76    79.18   154.30     0.33
11   177.70    82.77   154.30     0.33
11   171.51    77.21   154.30     0.33
11   166.62    75.91   154.30     0.33
11   166.30    83.10   154.30     0.33
11   159.13    83.75   154.30     0.33
11   157.82    77.21   154.30     0.33
11   170.53    70.68   154.30     0.33
11   245.17   101.08   154.30     0.33
11   229.53    96.50   154.30     0.33
11   166.95   160.91   154.30     0.33
11   197.26    88.00   154.30     0.33
11   195.63    81.14   154.30     0.33
11   208.99    81.14   154.30     0.33
11   230.50    75.91   154.30     0.33
11   211.27   135.08   154.30     0.33
11   206.71   129.85   154.30     0.33
11   201.50   137.37   154.30     0.33
11   200.52   125.93   154.30     0.33
11   191.72   132.14   154.30     0.33
11   185.53   132.47   154.30     0.33
11   170.53   129.85   154.30     0.33
11   162.71   126.26   154.30     0.33
11   148.70   117.43   154.30     0.33
11   140.22   127.56   154.30     0.33
11   152.61   137.05   154.30     0.33
11   173.47   110.24   154.30     0.33
11   186.18    92.91   154.30     0.33
11   201.82   112.52   154.30     0.33
11   218.44   100.43   154.30     0.33
11   227.90    85.06   154.30     0.33
11   241.59    88.33   154.30     0.33
11   232.46   149.80   154.30     0.33
11   231.81   157.32   154.30     0.33
11   181.94   149.80   154.30     0.33
11   205.41    71.00   154.30     0.33
11   182.59    76.56   154.30     0.33
11   178.68    71.66   154.30     0.33
11   161.41    94.87   154.30     0.33
11   178.68   105.33   154.30     0.33
11   190.09   108.93   154.30     0.33
11   159.78   138.68   155.97     0.33
11   167.93   153.72   155.97     0.33
11   198.24   140.64   155.97     0.33
11   194.98   145.87   155.97     0.33
11   202.47   145.87   155.97     0.33
11   225.94   143.58   155.97     0.33
11   217.79   164.18   155.97     0.33
11   212.25   174.32   155.97     0.33
11   191.72   138.68   155.97     0.33
11   164.01   117.43   155.97     0.33
11   154.24   151.10   155.97     0.33
11   155.87   145.87   155.97     0.33
11   143.81   134.10   155.97     0.33
11   170.86   120.37   155.97     0.33
11   175.75    98.14   155.97     0.33
11   192.70    97.81   155.97     0.33
11   237.35   120.70   155.97     0.33
11   209.64   117.10   155.97     0.33
11   208.01    62.83   157.79     0.33
11   199.87    64.79   157.79     0.33
11   189.11    58.91   157.79     0.33
11   199.54    57.27   157.79     0.33
11   210.95   164.18   157.79     0.33
11   182.59   174.64   157.79     0.33
11   173.47   178.57   157.79     0.33
11   178.03   180.86   157.79     0.33
11   187.81   183.47   157.79     0.33
11   205.41   179.88   157.79     0.33
11   177.38   143.58   157.79     0.33
11   150.65    93.56   157.79     0.33
11   223.99   136.39   157.79     0.33
11   186.83   100.75   159.68     0.33
11   182.59    96.83   159.68     0.33
11   168.90   103.37   159.68     0.33
11   172.49   150.12   159.68     0.33
11   201.17   166.80   159.68     0.33
11   201.17   159.60   159.68     0.33
11   199.21   174.32   159.68     0.33
11   197.91   182.49   159.68     0.33
11   238.00   105.33   159.68     0.33
11   223.66    76.89   159.68     0.33
11   144.78    85.39   159.68     0.33
11   142.83    91.27   159.68     0.33
11   177.05   154.70   159.68     0.33
11   191.39   175.62   159.68     0.33
11   194.98   162.87   159.68     0.33
11   221.05   158.95   159.68     0.33
11   218.44   149.80   159.68     0.33
11   222.36   110.56   159.68     0.33
11   179.66   125.60   159.68     0.33
11   157.17   114.16   162.64     0.33
11   152.61   123.31   162.64     0.33
11   246.47   111.22   162.64     0.33
11   143.15   113.51   162.64     0.33
11   133.05   104.02   162.64     0.33
11   134.35   120.70   162.64     0.33
11   136.96   138.03   162.64     0.33
11   155.21   158.30   162.64     0.33
11   223.99   122.66   164.15     0.33
11   235.72    90.62   164.15     0.33
11   220.73    85.39   164.15     0.33
11   200.19    94.54   164.15     0.33
11   192.37    64.79   164.15     0.33
11   165.64   110.89   164.15     0.33
11   174.44   137.70   164.15     0.33
11   164.67   145.55   164.15     0.33
11   179.01   160.59   164.15     0.33
11   186.18   164.51   164.15     0.33
11   206.71   171.70   164.98     0.33
11   134.03   111.87   164.98     0.33
11   145.76   147.51   164.98     0.33
11   147.72   159.93   164.98     0.33
11   232.13   139.66   164.98     0.33
11   231.16   130.83   164.98     0.33
11   228.55   115.14   164.98     0.33
11   192.04   154.70   165.82     0.33
11   187.81   143.91   165.82     0.33
11   204.76   151.10   165.82     0.33
11   213.88   124.62   165.82     0.33
11   211.60   103.70   165.82     0.33
11   214.86   113.83   165.82     0.33
11   207.69    89.64   165.82     0.33
11   201.50    80.48   165.82     0.33
11   166.30    90.29   165.82     0.33
11   175.42    88.98   165.82     0.33
11   142.83    97.81   165.82     0.33
11   159.45   108.27   165.82     0.33
11   152.28    85.72   165.82     0.33
11   183.24    62.83   165.82     0.33
11   165.64   167.45   165.82     0.33
11   168.58   173.66   165.82     0.33
11   180.31   170.07   165.82     0.33
11   189.44   170.07   165.82     0.33
11   209.64   158.62   165.82     0.33
11   218.12   142.28   165.82     0.33
11   165.64   139.99   165.82     0.33
11   217.47    93.56   165.82     0.33
11   205.08    98.47   165.82     0.33
11   194.98   103.37   165.82     0.33
11   189.76   122.99   165.82     0.33
11   183.90   115.47   165.82     0.33
11   149.67   106.31   165.82     0.33
11   217.79    71.98   165.82     0.33
11   195.96   110.24   167.56     0.33
11   202.47   121.03   167.56     0.33
11   211.93   144.57   167.56     0.33
11   157.17   131.81   167.56     0.33
11   161.73   174.32   167.56     0.33
11   157.50   166.14   167.56     0.33
11   240.28   112.52   167.56     0.33
11   234.74   112.52   167.56     0.33
11   243.22   122.01   167.56     0.33
11   237.67   131.16   167.56     0.33
11   190.09    71.98   167.56     0.33
11   176.40    81.79   170.13     0.33
11   170.21    70.68   170.13     0.33
11   164.99    74.93   170.13     0.33
11   158.80    80.16   170.13     0.33
11   187.48    78.52   170.13     0.33
11   200.84    72.96   170.13     0.33
11   207.36    84.73   170.13     0.33
11   216.49    79.50   170.13     0.33
11   231.81    83.10   170.13     0.33
11   225.94    91.93   170.13     0.33
11   230.18    98.14   170.13     0.33
11   239.30    97.16   170.13     0.33
11   246.47   103.70   170.13     0.33
11   216.82   136.06   170.13     0.33
11   210.30   130.51   170.13     0.33
11   194.00   134.76   170.13     0.33
11   197.91   128.54   170.13     0.33
11   205.73   112.85   170.13     0.33
11   196.93    87.02   170.13     0.33
11   171.51    78.20   170.13     0.33
11   167.93    82.77   170.13     0.33
11   159.13    89.97   170.13     0.33
11   168.25   162.55   170.13     0.33
11   163.36   156.01   170.13     0.33
11   174.44   165.16   170.13     0.33
11   174.77   171.70   170.13     0.33
11   183.90   107.29   170.13     0.33
11   175.75   114.16   170.13     0.33
11   180.96    75.58   170.13     0.33
11   178.36    70.02   170.13     0.33
11   147.39   128.22   170.13     0.33
11   150.98   137.05   170.13     0.33
11   164.34   126.58   170.13     0.33
11   171.84   126.58   170.13     0.33
11   139.90   128.22   170.13     0.33
11   234.42   122.66   172.10     0.33
11   197.59   138.68   172.10     0.33
11   202.47   143.91   172.10     0.33
11   193.35   146.85   172.10     0.33
11   153.58   152.74   172.10     0.33
11   155.54   144.24   172.10     0.33
11   142.83   139.01   172.10     0.33
11   166.30   119.72   172.10     0.33
11   175.10   100.43   172.10     0.33
11   207.69   137.37   172.10     0.33
11   214.53   155.35   172.10     0.33
11   183.90   151.76   172.10     0.33
11   199.87    65.77   173.85     0.33
11   185.20   176.61   173.85     0.33
11   172.81   179.55   173.85     0.33
11   211.60   167.45   173.85     0.33
11   222.68   137.70   173.85     0.33
11   169.56   152.74   174.76     0.33
11   176.40   145.87   174.76     0.33
11   197.91   161.89   174.76     0.33
11   207.04   163.20   174.76     0.33
11   221.70   113.51   174.76     0.33
11   145.44    90.95   174.76     0.33
11   187.81    99.77   174.76     0.33
11   177.70   156.01   174.76     0.33
11   194.98   173.01   174.76     0.33
11   223.33   156.66   174.76     0.33
11   217.79   160.91   174.76     0.33
11   200.52   154.70   174.76     0.33
11   179.33   128.87   174.76     0.33
11   181.94    98.14   174.76     0.33
11   208.99   118.74   175.74     0.33
11   189.11    90.29   175.74     0.33
11   153.91   116.45   178.62     0.33
11   145.11   120.37   178.62     0.33
11   141.20   112.85   178.62     0.33
11   137.94   120.04   178.62     0.33
11   181.61    89.97   178.62     0.33
11   176.07   135.41   179.45     0.33
11   171.51   139.01   179.45     0.33
11   183.57   161.24   179.45     0.33
11   222.36    84.41   179.45     0.33
11   197.59    95.85   180.29     0.33
11   207.69    75.91   180.29     0.33
11   223.66   125.28   181.12     0.33
11   218.12   144.24   181.12     0.33
11   189.44   154.37   181.12     0.33
11   190.09   163.85   181.12     0.33
11   189.76   173.66   181.12     0.33
11   168.58   170.72   181.12     0.33
11   184.55   170.07   181.12     0.33
11   156.84   159.60   181.12     0.33
11   166.30   138.68   181.12     0.33
11   167.60   108.27   181.12     0.33
11   162.06   113.83   181.12     0.33
11   161.73    91.93   181.12     0.33
11   141.20   104.02   181.12     0.33
11   149.02    97.81   181.12     0.33
11   152.93    88.33   181.12     0.33
11   137.61    96.18   181.12     0.33
11   172.16    88.66   181.12     0.33
11   199.87    80.48   181.12     0.33
11   206.71    90.62   181.12     0.33
11   206.39   102.72   181.12     0.33
11   211.93   110.89   181.12     0.33
11   215.19   117.10   181.12     0.33
11   214.86    88.33   181.12     0.33
11   219.75    96.50   181.12     0.33
11   210.95    99.77   181.12     0.33
11   216.16   105.99   181.12     0.33
11   237.67   106.97   181.12     0.33
11   227.90   107.62   181.12     0.33
11   227.24   116.12   181.12     0.33
11   215.51   122.99   181.12     0.33
11   230.18   132.14   181.12     0.33
11   232.79   139.33   181.12     0.33
11   230.50   147.18   181.12     0.33
11   207.04   152.08   181.12     0.33
11   201.50   171.37   181.12     0.33
11   181.61   139.66   181.12     0.33
11   188.79   125.93   181.12     0.33
11   182.59   120.37   181.12     0.33
11   157.50   123.97   182.03     0.33
11   159.45   101.74   182.03     0.33
11   147.72   108.60   182.03     0.33
11   163.69   147.51   182.86     0.33
11   243.22   114.81   182.86     0.33
11   235.39   116.78   182.86     0.33
11   191.39    71.66   182.86     0.33
11   197.91   110.89   182.86     0.33
11   199.87   120.70   182.86     0.33
11   195.96   102.39   182.86     0.33
11   204.10    96.83   182.86     0.33
11   200.52    72.64   185.89     0.33
11   195.30    87.35   185.89     0.33
11   205.73    85.39   185.89     0.33
11   213.23    81.47   185.89     0.33
11   227.57    92.58   185.89     0.33
11   228.22    99.12   185.89     0.33
11   238.33    97.16   185.89     0.33
11   243.87   103.04   185.89     0.33
11   210.62   129.20   185.89     0.33
11   217.79   135.74   185.89     0.33
11   176.40   168.43   185.89     0.33
11   166.95   158.95   186.72     0.33
11   161.73   166.47   186.72     0.33
11   146.09   132.80   186.72     0.33
11   144.78   127.56   186.72     0.33
11   169.23   126.26   186.72     0.33
11   173.79   119.72   186.72     0.33
11   182.92   109.58   186.72     0.33
11   158.80    84.41   186.72     0.33
11   170.86    81.47   186.72     0.33
11   181.61    76.89   186.72     0.33
11   184.87    65.12   186.72     0.33
11   175.10    70.68   186.72     0.33
11   162.06    76.23   186.72     0.33
11   149.02    80.16   186.72     0.33
11   241.91   127.89   186.72     0.33
11   239.30   136.39   186.72     0.33
11   150.33   144.57   186.72     0.33
11   156.52   148.82   188.84     0.33
11   189.76   112.52   188.84     0.33
11   194.33   132.14   188.84     0.33
11   197.26   144.57   188.84     0.33
11   186.83   145.55   188.84     0.33
11   215.19   155.35   188.84     0.33
11   179.01   148.49   190.59     0.33
11   177.38   155.68   190.59     0.33
11   197.59   155.35   190.59     0.33
11   200.52   149.14   190.59     0.33
11   201.82   157.32   190.59     0.33
11   211.60   162.55   190.59     0.33
11   206.06   165.49   190.59     0.33
11   221.70   153.39   190.59     0.33
11   164.01   120.04   190.59     0.33
11   187.48    92.91   193.09     0.33
11   185.85   100.10   193.09     0.33
11   208.01   118.41   193.09     0.33
11   171.18   151.76   193.09     0.33
11   147.72   120.70   193.92     0.33
11   138.59   113.18   193.92     0.33
11   139.24   122.01   193.92     0.33
11   165.64    87.02   193.92     0.33
11   179.01    90.62   193.92     0.33
11   183.24    84.41   193.92     0.33
11   212.90   147.83   193.92     0.33
11   204.10   144.24   193.92     0.33
11   233.11   124.29   193.92     0.33
11   221.05   112.85   193.92     0.33
11   184.55   157.32   194.90     0.33
11   182.27   161.89   194.90     0.33
11   198.24   162.55   194.90     0.33
11   171.84   137.70   194.90     0.33
11   179.33   130.18   194.90     0.33
11   168.25    95.85   194.90     0.33
11   194.65    78.20   194.90     0.33
11   188.79    81.47   194.90     0.33
11   151.63   129.20   194.90     0.33
11   164.01   132.47   194.90     0.33
12   162.64   176.22     0.00     0.33
12   166.22   207.94     5.53     0.33
12   155.47   203.03     5.53     0.33
12   146.99   199.44     4.39     0.33
12   146.02   175.24     4.39     0.33
12   146.99   164.13     4.39     0.33
12   189.69   122.93    10.68     0.33
12   161.99    83.70    11.06     0.33
12   152.86    99.39    10.23     0.33
12   171.44   116.72    12.88     0.33
12   136.89   154.97    47.27     0.33
12   143.41   101.68    47.27     0.33
12   186.76   215.13    48.10     0.33
12   172.74   218.40    48.10     0.33
12   195.88   118.68    49.01     0.33
12   145.04    84.02    51.21     0.33
12   152.86    75.85    51.21     0.33
12   160.68    75.85    51.21     0.33
12   210.55    75.85    51.21     0.33
12   222.61    72.91    52.04     0.33
12   160.10   214.53    53.86     0.33
12   182.59   135.41    54.77     0.33
12   174.12   125.93    54.77     0.33
12   179.33   131.16    54.77     0.33
12   154.56   197.53    54.77     0.33
12   141.85   187.07    54.77     0.33
12   137.29   167.45    54.77     0.33
12   135.98   125.60    55.60     0.33
12   143.81    94.54    55.60     0.33
12   178.68   220.74    58.33     0.33
12   178.68   215.51    58.33     0.33
12   200.19   125.93    58.33     0.33
12   200.19   113.18    58.33     0.33
12   176.40   207.34    64.84     0.33
12   172.16   219.11    66.89     0.33
12   155.21    98.14    66.89     0.33
12   160.76    72.31    66.89     0.33
12   153.58    75.91    66.89     0.33
12   134.35   103.37    66.89     0.33
12   195.96   120.04    66.89     0.33
12   186.18   114.49    66.89     0.33
12   188.46   129.20    66.89     0.33
12   222.68    72.64    68.86     0.33
12   209.64    79.50    68.86     0.33
12   202.80    71.00    68.86     0.33
12   191.39    60.21    73.33     0.33
12   159.13   203.42    81.81     0.33
12   161.08   213.22    74.92     0.33
12   146.41   205.38    82.11     0.33
12   139.24   188.70    83.10     0.33
12   127.84   176.28    96.66     0.33
12   128.49   168.76    96.66     0.33
12   132.40   159.93   101.43     0.33
12   128.16   154.37   106.35     0.33
12   131.75   146.53   104.00     0.33
12   127.51   141.95   102.34     0.33
12   148.37   186.74   117.56     0.33
12   211.93   193.93   110.97     0.33
12   223.33   193.61   105.97     0.33
12   163.04   207.99   107.64     0.33
12   170.86   210.61   108.47     0.33
12   157.82   202.11   108.47     0.33
12   141.20   132.47   111.13     0.33
12   251.04   109.58   112.34     0.33
12   139.24   132.80   134.46     0.33
12   147.39   181.84   134.46     0.33
12   239.96   137.37   134.46     0.33
12   162.71    53.35   134.46     0.33
12   130.77   116.45   142.41     0.33
12   139.90   167.12   142.41     0.33
12   225.62   165.82   143.24     0.33
12   237.35   105.01   143.24     0.33
12   190.41   151.10   145.06     0.33
12   195.63    72.31   152.33     0.33
12   164.99    64.46   147.49     0.33
12   140.55   120.37   160.14     0.33
12   210.95    73.95   160.14     0.33
12   188.46    88.00   160.14     0.33
12   181.94    88.33   160.14     0.33
12   224.64   149.47   160.14     0.33
12   227.57   105.01   164.15     0.33
12   141.85   105.33   165.59     0.33
12   189.76   116.78   172.26     0.33
12   223.01   102.06   170.29     0.33
12   186.18   131.16   172.94     0.33
12   189.44   138.03   172.94     0.33
12   203.13   127.24   174.60     0.33
12   166.62    97.81   178.54     0.33
12   189.76    82.77   179.38     0.33
12   172.49   107.95   184.60     0.33
12   224.31   144.89   184.60     0.33
12   181.29   100.75   190.44     0.33
12   204.76   127.56   190.44     0.33
12   209.97   140.31   190.44     0.33
12   201.17   138.03   190.44     0.33
12   189.76   138.35   190.44     0.33
12   154.24    98.79   177.18     0.33
12   157.50   111.54   181.65     0.33
12   157.82   134.43   183.24     0.33
12   131.75   140.97   139.23     0.33
12   148.70   135.08   138.40     0.33
12   202.47   138.35   138.40     0.33
12   188.79   138.35   138.40     0.33
12   199.87   125.93   138.40     0.33
12   179.33   104.35   138.40     0.33
12   194.33    53.02    87.64     0.33
12   139.57   119.06    86.66     0.33
12   151.96    63.81    86.66     0.33
12   227.24    69.04    86.66     0.33
12   231.48   102.39    87.57     0.33
12   131.42   166.14    76.66     0.33
12   129.14   157.32    76.66     0.33
12   135.33   180.86    76.66     0.33
12   179.01   113.51    75.67     0.33
12   180.96   121.35    75.67     0.33
12   201.17   108.93    75.67     0.33
12   199.87   126.91    75.67     0.33
12   203.13   129.53    75.67     0.33
12   213.23   118.08    75.67     0.33
12   202.15   102.39    75.67     0.33
12   191.07   102.39    75.67     0.33
12   181.94   102.72    75.67     0.33
12   166.95   123.97    75.67     0.33
12   168.25   132.47    75.67     0.33
12   178.03   129.20    75.67     0.33
12   179.33   139.33    75.67     0.33
12   175.42   136.06    75.67     0.33
12   198.89   138.68    75.67     0.33
12   148.04   150.45     4.01     0.33
12   149.35   190.34    15.45     0.33
12   156.52   211.59    32.50     0.33
12   150.65   207.34    33.63     0.33
12   150.00   189.36    34.62     0.33
12   138.27   167.45    35.45     0.33
12   186.50   192.30    40.07     0.33
12   202.47   145.55    41.81     0.33
12   208.34   182.82    42.65     0.33
12   180.64   207.34    43.71     0.33
12   194.98    54.66   111.96     0.33
12   191.07    61.85   111.96     0.33
