11   213.47    99.16     0.83     0.33
11   205.65    86.08     0.83     0.33
11   140.47   159.32     0.83     0.33
11   133.62   146.57     0.83     0.33
11   129.71   124.33     0.83     0.33
11   144.05   137.74     0.83     0.33
11   169.15    95.89     0.83     0.33
11   178.60    81.50     0.83     0.33
11   107.22   194.95     0.83     0.33
11    96.47   185.80     0.83     0.33
11   106.57   176.65     0.83     0.33
11   108.52   164.88     0.83     0.33
11   114.07   103.41     0.83     0.33
11   103.64    96.54     0.83     0.33
11    97.77   107.01     1.82     0.33
11   148.94    70.72     1.82     0.33
11    79.52   161.28     2.65     0.33
11    77.56   176.97     2.65     0.33
11    79.84   201.49     2.65     0.33
11    50.18   199.53     2.65     0.33
11    61.92   165.20     2.65     0.33
11   195.22    92.62    13.94     0.33
11   186.75    73.98     9.92     0.33
11   196.85    64.18    20.45     0.33
11   205.98    86.08    21.29     0.33
11   213.47    99.49    22.35     0.33
11   207.28   111.91    23.33     0.33
11   207.28   130.87    24.16     0.33
11   210.54   122.05    25.00     0.33
11   186.75   123.35    25.00     0.33
11   173.71   101.12    27.35     0.33
11   174.69    89.02    27.35     0.33
11   180.23    79.87    25.38     0.33
11   184.79    70.39    37.50     0.33
11   192.94    68.10    45.22     0.33
11    94.18   183.18    31.89     0.33
11   103.31   191.68    31.89     0.33
11   107.22   178.93    31.89     0.33
11   110.48   161.93    31.89     0.33
11   133.95   161.28    31.89     0.33
11   141.12   156.05    31.89     0.33
11   136.55   134.80    32.72     0.33
11   127.10   131.85    32.72     0.33
11   127.10   120.74    32.72     0.33
11   116.02   107.01    32.72     0.33
11   121.24    88.37    32.72     0.33
11   155.78    65.81    32.72     0.33
11   149.27    58.62    32.72     0.33
11   162.63    51.10    32.72     0.33
11   168.17    58.29    32.72     0.33
11   161.00    73.98    32.72     0.33
11   152.53   133.16    32.65     0.33
11   171.76   146.24    33.56     0.33
11   188.05   133.16    33.56     0.33
11    74.63   162.91    34.62     0.33
11    81.47   183.84    34.62     0.33
11    83.10   202.47    34.62     0.33
11    99.40   207.38    35.60     0.33
11    65.50   200.19    44.84     0.33
11    63.22   191.68    44.84     0.33
11   116.35   198.22    44.84     0.33
11    82.45   139.70    44.84     0.33
11    39.43   165.86    44.84     0.33
11    47.58   198.22    44.84     0.33
11    46.92   189.40    44.84     0.33
11    51.49   141.01    44.84     0.33
11    67.46   143.95    44.84     0.33
11    91.90    99.16    44.84     0.33
11    92.55   112.24    44.84     0.33
11    90.27    90.66    44.84     0.33
11   102.66    83.47    44.84     0.33
11   110.48    84.77    44.84     0.33
11   110.48    71.04    44.84     0.33
11   126.45    72.35    44.84     0.33
11   133.62    61.89    48.63     0.33
11   132.97    51.75    48.63     0.33
11   145.03    44.56    49.92     0.33
11   147.96    57.64    49.92     0.33
11   155.13    68.10    49.92     0.33
11   147.31    73.66    49.92     0.33
11   161.33    76.27    49.92     0.33
11   170.13    56.33    49.92     0.33
11   183.49    49.79    49.92     0.33
11   192.94    48.16    53.93     0.33
11   201.41    41.94    55.83     0.33
11   205.33    47.83    60.15     0.33
11   180.56    66.14    60.15     0.33
11   173.39    86.08    60.15     0.33
11   216.08    84.77    60.15     0.33
11   209.89    83.47    60.15     0.33
11   202.72    89.02    50.53     0.33
11   208.26   111.26    50.53     0.33
11   213.47   118.45    50.53     0.33
11   194.57    94.91    39.39     0.33
11   176.97   103.41    54.31     0.33
11   196.85   126.95    58.18     0.33
11   189.68    89.02    58.18     0.33
11   127.43    86.41    48.33     0.33
11   153.83    95.24    53.93     0.33
11   121.56   105.37    53.93     0.33
11   130.69   107.33    53.93     0.33
11   127.43   123.03    53.93     0.33
11   134.27   134.14    57.27     0.33
11   129.71   159.64    57.27     0.33
11   112.11   132.83    66.13     0.33
11   100.38   110.93    68.63     0.33
11    89.95   113.87    68.63     0.33
11   116.02    87.39    68.63     0.33
11   109.50    79.54    68.63     0.33
11   146.33    73.33    68.63     0.33
11   139.81    59.60    68.63     0.33
11   150.57    53.71    68.63     0.33
11   157.74    66.79    68.63     0.33
11   166.54    53.39    68.63     0.33
11   177.30    53.71    68.63     0.33
11   163.61    41.29    68.63     0.33
11   180.88    44.56    68.63     0.33
11   150.57    40.64    68.63     0.33
11   131.01    48.16    68.63     0.33
11   126.13    56.66    68.63     0.33
11   124.50    77.58    68.63     0.33
11   132.64    84.45    68.63     0.33
11   140.14    92.62    68.63     0.33
11   152.53    84.45    68.63     0.33
11   163.28    92.29    68.63     0.33
11    90.92    93.93    69.69     0.33
11   127.75   106.03    69.69     0.33
11   122.54   124.66    69.69     0.33
11   108.52    94.58    69.69     0.33
11    86.04    67.45    70.67     0.33
11    76.58    70.72    71.58     0.33
11    81.80    82.16    71.58     0.33
11    71.69   163.89    71.58     0.33
11    75.61   174.36    71.58     0.33
11    86.36   175.66    71.58     0.33
11    91.90   178.28    71.58     0.33
11   105.92   188.74    71.58     0.33
11    93.86   210.97    71.58     0.33
11   113.74   156.37    71.96     0.33
11   111.46   167.82    71.96     0.33
11    74.30   188.42    82.19     0.33
11    59.31   187.43    82.19     0.33
11    51.81   197.90    82.19     0.33
11    60.94   209.99    83.10     0.33
11    72.02   208.03    83.10     0.33
11    52.46   174.68    79.69     0.33
11    49.21   186.13    80.60     0.33
11    41.38   206.40    80.60     0.33
11    25.09   208.03    80.60     0.33
11    32.26   215.22    80.60     0.33
11    17.59   179.91    83.02     0.33
11    38.12   164.22    78.55     0.33
11    55.40   142.64    91.81     0.33
11    67.13   162.91    93.17     0.33
11    90.27   178.28    93.17     0.33
11   104.29   193.32    93.17     0.33
11   107.87   164.22    49.99     0.33
11    74.63   164.22    49.99     0.33
11    76.26   174.36    50.98     0.33
11    90.27   187.11    50.98     0.33
11   104.61   185.15    51.81     0.33
11   103.64   194.63    51.81     0.33
11    93.53   209.01    51.81     0.33
11    96.47   215.22    51.81     0.33
11    79.19   212.94    54.54     0.33
11    81.80   138.39    64.31     0.33
11    58.98   141.34    64.31     0.33
11    68.76   143.62    64.31     0.33
11    60.94   100.14    64.31     0.33
11    76.58   113.87    64.31     0.33
11    40.08   141.66    64.31     0.33
11    77.24   189.72    65.14     0.33
11    56.70   192.99    65.14     0.33
11    47.58   194.95    65.14     0.33
11    38.78   207.70    65.14     0.33
11    68.44   209.99    65.14     0.33
11    34.86   191.03    65.14     0.33
11    59.96   200.51    67.19     0.33
11    92.88   190.70    67.19     0.33
11   106.57   198.22    67.19     0.33
11    84.73   202.15    67.19     0.33
11    98.10   219.80    67.19     0.33
11   129.06   159.64    74.39     0.33
11   131.99   137.74    74.39     0.33
11   193.59    93.93    74.39     0.33
11   212.17    94.58    74.39     0.33
11   228.47    99.49    74.39     0.33
11   221.62   102.43    74.39     0.33
11   227.49    89.35    74.39     0.33
11   170.45   108.64    74.39     0.33
11   194.90   120.41    74.39     0.33
11   190.99   124.66    74.39     0.33
11   201.74   126.30    74.39     0.33
11   150.90   110.93    74.39     0.33
11   147.64    90.99    74.39     0.33
11   142.10   176.97    74.39     0.33
11   130.04   176.97    76.66     0.33
11   101.35   158.01    76.66     0.33
11   116.35    85.75    85.29     0.33
11   111.78    79.87    85.29     0.33
11   101.03    93.93    85.29     0.33
11    96.79   108.64    85.29     0.33
11    87.99   111.26    85.29     0.33
11    89.95    93.93    85.29     0.33
11    98.42    81.83    85.29     0.33
11    97.12    72.02    85.29     0.33
11    74.30    92.62    85.29     0.33
11    70.07    86.74    85.29     0.33
11   156.44    64.50    87.04     0.33
11   153.83    49.46    87.04     0.33
11   159.70    39.98    87.04     0.33
11   166.54    45.21    87.04     0.33
11   150.90    39.00    87.04     0.33
11   179.90    49.79    87.04     0.33
11   180.56    59.93    87.04     0.33
11   165.56    75.95    87.04     0.33
11   163.28    92.62    95.52     0.33
11   146.33    89.68    95.52     0.33
11   142.10    77.58    96.43     0.33
11   140.47    65.81   105.97     0.33
11   131.99    73.00   106.88     0.33
11   156.76    58.95   106.88     0.33
11   167.84    65.16   106.88     0.33
11   177.95    62.87   106.88     0.33
11   172.41    54.04   106.88     0.33
11   178.93    48.81   106.88     0.33
11   162.63    45.21   106.88     0.33
11   149.27    46.85   106.88     0.33
11   126.78   114.53    94.91     0.33
11   116.35   125.97    94.91     0.33
11   125.80   130.55    94.91     0.33
11   162.30   118.45    94.91     0.33
11   112.76   108.97    94.91     0.33
11    97.12   116.49    94.91     0.33
11    66.81   106.03   101.28     0.33
11    96.47    68.10   101.28     0.33
11   108.52    73.33   101.28     0.33
11   117.00    85.43   101.28     0.33
11   115.04    94.58   101.28     0.33
11   147.31   132.83   101.28     0.33
11   127.75   155.72   101.28     0.33
11   117.33   150.16   101.28     0.33
11   136.55   175.34   101.28     0.33
11   125.15   172.07   101.28     0.33
11   114.07   172.39   101.28     0.33
11   118.95   165.20   101.28     0.33
11   106.24   182.53   101.28     0.33
11   123.84   186.45   101.28     0.33
11   115.04   187.76   101.28     0.33
11    71.37   130.22   101.28     0.33
11    90.60   109.62   108.93     0.33
11    86.36   103.74   108.93     0.33
11    89.95    88.70   108.93     0.33
11    79.52    83.79   108.93     0.33
11    76.58    66.14   108.93     0.33
11    88.97    59.60   108.93     0.33
11   114.39    58.29   108.93     0.33
11   160.67    80.85   108.93     0.33
11   173.06    77.91   108.93     0.33
11   160.02    71.70   108.93     0.33
11   146.33   120.08   108.93     0.33
11   144.70   106.68   108.93     0.33
11   150.24    92.95   108.93     0.33
11   167.52   122.70   108.93     0.33
11   131.34    87.39   108.93     0.33
11    99.40    83.14   108.93     0.33
11   105.59    91.31   108.93     0.33
11    64.52    79.54   108.93     0.33
11    62.57   110.93   111.58     0.33
11    54.75    91.31   111.58     0.33
11   125.80   114.85   111.58     0.33
11   124.82   130.22   111.58     0.33
11   115.70   122.05   111.58     0.33
11   111.13   105.04   111.58     0.33
11    98.42   118.78   111.58     0.33
11    53.12   106.03   111.58     0.33
11    29.98   111.26   111.58     0.33
11    69.41   110.28   117.56     0.33
11   109.18    74.31   117.56     0.33
11   100.05    67.45   117.56     0.33
11   116.35    93.60   117.56     0.33
11   117.33    84.12   117.56     0.33
11   149.59   133.16   117.56     0.33
11   125.80   169.45   117.56     0.33
11   135.25   154.74   117.56     0.33
11   126.78   153.11   117.56     0.33
11   136.88   178.61   117.56     0.33
11   124.82   186.45   117.56     0.33
11   115.04   186.45   117.56     0.33
11    55.40   143.95   114.53     0.33
11    48.55   132.83   114.53     0.33
11    41.38   135.45   114.53     0.33
11    41.71   119.43   114.53     0.33
11    70.07   169.78   115.37     0.33
11    66.15   183.51   115.37     0.33
11    77.24   182.86   112.79     0.33
11    77.56   188.74   114.53     0.33
11    83.10   197.90   114.53     0.33
11   104.94   194.95   114.53     0.33
11   169.15    72.02   119.38     0.33
11   105.59   178.93   120.22     0.33
11   102.98   187.76   120.22     0.33
11    67.46   196.26   113.32     0.33
11    63.22   203.45   114.16     0.33
11    47.25   200.84   122.64     0.33
11    51.49   214.90   125.14     0.33
11    62.57   163.89   128.47     0.33
11    53.12   163.89   129.31     0.33
11    43.34   164.88   130.21     0.33
11    57.03   149.18   131.20     0.33
11    57.35   137.74   131.20     0.33
11    69.41   131.20   120.97     0.33
11    21.83   132.83   120.90     0.33
11    24.76   146.57   120.90     0.33
11    28.35   155.72   121.73     0.33
11     7.49   156.37   123.17     0.33
11     2.27   134.80   124.31     0.33
11    -3.59   146.89   124.08     0.33
11   -11.09   150.82   123.09     0.33
11    -8.16   161.93   131.27     0.33
11     2.27   166.84   138.24     0.33
11     0.97   156.05   139.61     0.33
11     4.55   147.55   142.79     0.33
11    -4.57   144.93   142.79     0.33
11     5.53   135.12   145.82     0.33
11    23.46   132.83   145.82     0.33
11    22.15   167.16   119.38     0.33
11    13.35   173.05   103.63     0.33
11   -19.57   179.26   128.09     0.33
11     7.49   183.18   115.14     0.33
11    11.72   191.03   132.11     0.33
11    25.41   196.59   132.11     0.33
11    27.04   188.09   137.18     0.33
11    25.74   175.66   138.24     0.33
11    35.84   174.36   137.87     0.33
11    48.23   178.93   143.70     0.33
11    59.64   178.28   142.79     0.33
11    74.63   173.38   144.15     0.33
11    67.13   192.34   144.15     0.33
11    57.35   205.09   144.15     0.33
11    71.04   204.76   149.99     0.33
11    60.94   164.55   151.65     0.33
11    53.44   158.66   151.65     0.33
11    42.04   163.24   151.65     0.33
11    -7.83   164.55   151.65     0.33
11    25.41   121.06   151.65     0.33
11    58.66   134.14   151.65     0.33
11    30.95   144.28   151.65     0.33
11    45.62   141.99   151.65     0.33
11    76.91   188.42   151.65     0.33
11    90.27   185.47   151.65     0.33
11    94.18   152.12   151.65     0.33
11   139.49    66.14   130.37     0.33
11   154.16    72.02   131.27     0.33
11   159.04    82.16   131.27     0.33
11   155.46    92.62   132.34     0.33
11   143.73   120.08   133.47     0.33
11   134.60   155.72   136.88     0.33
11   111.78    80.20   136.88     0.33
11   110.48    92.62   135.59     0.33
11    86.04   103.08   136.43     0.33
11    91.25    84.12   136.43     0.33
11    79.19    84.77   137.33     0.33
11    49.86   101.78   137.33     0.33
11    46.92    90.99   137.33     0.33
11    57.68    99.16   137.33     0.33
11    75.61    72.02   137.33     0.33
11    83.10    61.56   137.33     0.33
11    93.53    56.98   137.33     0.33
11    95.49    65.81   137.33     0.33
11   113.09    65.16   137.33     0.33
11   111.46    53.71   137.33     0.33
11   123.84    57.96   137.33     0.33
11    94.18    95.56   138.32     0.33
11   103.96   104.06   138.32     0.33
11    71.37   108.97   138.32     0.33
11    65.18   114.53   138.32     0.33
11    87.34   114.20   145.21     0.33
11    81.47   119.43   148.62     0.33
11   136.88    93.27   152.03     0.33
11   147.64    93.60   152.03     0.33
11   155.13    85.43   152.03     0.33
11   167.19    86.41   152.03     0.33
11   140.79   104.39   153.55     0.33
11   142.75   117.14   153.55     0.33
11   136.55   158.34   153.55     0.33
11   118.63   185.47   153.55     0.33
11   112.11   177.30   153.55     0.33
11    91.90   104.72   153.55     0.33
11    74.63   112.89   153.55     0.33
11    59.96   105.70   151.88     0.33
11    50.18   104.06   163.32     0.33
11    58.66    91.64   165.51     0.33
11    68.76    96.54   166.57     0.33
11    75.28   102.10   167.48     0.33
11    80.49   109.29   167.48     0.33
11    89.95   119.10   167.48     0.33
11    81.80   133.16   167.48     0.33
11    95.81   103.74   167.48     0.33
11    89.30    91.31   167.48     0.33
11    86.36    85.75   167.48     0.33
11   113.09    83.47   167.48     0.33
11   106.90    75.62   167.48     0.33
11   101.03    91.97   167.48     0.33
11   117.98    94.91   167.48     0.33
11   117.00   121.06   167.48     0.33
11   107.55   113.54   167.48     0.33
11   113.09    97.85   173.39     0.33
11   128.08   117.80   160.97     0.33
11   105.92   155.39   169.91     0.33
11    95.81   162.26   169.91     0.33
11    94.18   151.47   169.91     0.33
11   112.11   106.68   175.59     0.33
11    96.47   112.56   186.27     0.33
11    89.62   122.05   185.36     0.33
11    80.82   128.91   185.36     0.33
11    71.04   121.72   187.71     0.33
11    71.04   110.60   187.71     0.33
11    80.17   101.78   188.54     0.33
11    93.86   101.78   188.54     0.33
11   102.33    93.60   184.60     0.33
11    88.97    89.68   182.78     0.33
11    59.96   101.12   178.69     0.33
11    53.44   109.62   178.69     0.33
11    60.61   141.99   178.69     0.33
11    58.33   120.74   182.63     0.33
11    73.65   175.34   166.57     0.33
11    79.19   172.07   165.89     0.33
11    82.78   158.99   166.73     0.33
11    40.41   165.53   166.73     0.33
11    59.31   177.95   167.56     0.33
11    80.17   188.42   167.56     0.33
11    90.92   185.47   167.56     0.33
11    74.30   127.28   167.56     0.33
11    68.76   117.14   167.56     0.33
11    48.88   116.81   167.56     0.33
11    90.60   169.45   168.32     0.33
11   100.70   172.07   164.91     0.33
11    63.22   153.43   168.32     0.33
11   139.49    79.22   144.68     0.33
11   124.82    83.47   143.47     0.33
11   122.87    97.52   141.20     0.33
11   118.95   128.26   139.38     0.33
11   118.95   114.20   138.85     0.33
11   127.10   119.76   137.33     0.33
11    40.73   113.54   133.77     0.33
11    33.24   115.83   130.74     0.33
11    25.09   120.41   130.74     0.33
11    44.97   136.43   131.50     0.33
11    50.84   128.26   131.50     0.33
11    86.36   188.74   130.06     0.33
11     9.12   152.45   155.51     0.33
11     0.64   158.66   155.51     0.33
11    15.96   161.61   155.51     0.33
11    28.02   173.05   155.51     0.33
11    46.27   129.57   155.51     0.33
11    33.24   130.22   155.51     0.33
11    42.69   115.18   155.51     0.33
11   102.98   139.37   155.51     0.33
11    93.53   124.33   155.51     0.33
11   103.64   101.45   155.51     0.33
11    -3.59   171.09   163.47     0.33
11    13.03   178.61   166.57     0.33
11    99.07   220.13   130.52     0.33
11   101.35   206.40   131.35     0.33
11   103.64   198.22   133.24     0.33
11    86.04   198.55   135.29     0.33
11   117.00   187.43   135.29     0.33
11   104.29   178.28   135.29     0.33
11    96.14   183.51   135.29     0.33
11    77.24   194.63   135.29     0.33
11    63.87   204.76   135.29     0.33
11   124.82   172.72   135.29     0.33
11    97.77   154.09   136.35     0.33
11    86.36   165.53   136.35     0.33
11    89.30   152.45   136.35     0.33
11    80.49   157.03   136.35     0.33
11   122.87   149.51   136.35     0.33
11    96.79   123.68   136.35     0.33
11    73.00   114.85   136.35     0.33
11   141.12   106.35   136.35     0.33
11    92.23   172.07   143.55     0.33
11     4.23   175.99   138.77     0.33
11    14.98   168.47   138.77     0.33
11    25.41   149.18   138.77     0.33
11    21.50   160.95   137.56     0.33
11    72.35   126.62   137.56     0.33
11   101.03   148.53   137.56     0.33
11   100.05   138.39   137.56     0.33
11   117.33   135.12   141.96     0.33
11    58.98   131.85   192.71     0.33
11    47.90   123.03   189.22     0.33
11    45.95   137.08   189.22     0.33
11    99.07   156.37   188.39     0.33
11    90.60   159.97   187.03     0.33
11    75.61   163.24   186.88     0.33
11    58.33   164.55   186.88     0.33
11    55.40   157.03   186.88     0.33
11    43.34   161.61   186.88     0.33
11    40.73   151.47   186.88     0.33
11    24.11   160.30   186.88     0.33
11    11.40   162.26   186.88     0.33
11    20.52   145.91   186.88     0.33
11    30.30   140.68   186.88     0.33
11    16.29   139.05   186.88     0.33
11    10.09   144.93   186.88     0.33
11    21.83   133.49   186.88     0.33
11    34.54   129.57   186.88     0.33
11    64.85   151.47   186.88     0.33
11   103.96   142.97   186.88     0.33
11   108.20   126.95   185.81     0.33
11    28.35   121.39   183.32     0.33
11    40.08   111.58   182.48     0.33
11    68.76    92.62   182.48     0.33
11    78.21   173.70   182.48     0.33
11    68.11   183.18   182.48     0.33
11    27.37   176.97   182.48     0.33
11    14.01   180.24   182.48     0.33
11    33.56   164.22   182.48     0.33
11    28.02   153.11   182.48     0.33
11   100.38    82.81   182.48     0.33
11   121.24   110.60   182.48     0.33
11    52.46   160.62   169.45     0.33
11    58.66   169.45   169.45     0.33
11    65.50   160.62   171.27     0.33
11    72.35   145.26   171.27     0.33
11    55.40   132.18   171.27     0.33
11    46.27   142.97   171.27     0.33
11    28.35   141.66   169.98     0.33
11    17.92   138.07   169.98     0.33
11   136.23    95.89   170.13     0.33
11   137.86   114.85   170.13     0.33
11   126.78   102.43   166.80     0.33
11   115.37   113.22   166.80     0.33
11   110.15   102.10   155.36     0.33
11   137.21   134.80   155.36     0.33
11   124.82   152.45   154.53     0.33
11   130.69   144.60   154.53     0.33
11   108.20   157.68   153.70     0.33
11    98.10   161.93   152.56     0.33
11   101.35   183.18   151.50     0.33
11   106.57   189.07   150.06     0.33
11    99.72   198.22   148.77     0.33
11    95.49   192.99   148.77     0.33
11    87.99   141.99   147.94     0.33
11    76.58   146.24   147.94     0.33
11    65.18   145.91   147.94     0.33
11    54.75   146.57   147.94     0.33
11   107.87   116.81   147.94     0.33
11    57.35   122.70   147.94     0.33
11    50.51   110.93   147.94     0.33
11    75.61    94.91   147.94     0.33
11    63.87    88.37   147.94     0.33
11    97.12    73.98   147.94     0.33
11   142.10    66.14   147.94     0.33
11   153.50    73.33   147.94     0.33
11    81.15   134.14   147.94     0.33
11   107.55   126.30   147.94     0.33
11   115.04   161.93   138.62     0.33
11   109.18   150.82   138.62     0.33
11   131.67   138.07   138.62     0.33
11    52.14   192.67   138.62     0.33
11    37.80   191.03   137.49     0.33
11    -6.53   182.53   137.49     0.33
11    17.92   144.28   137.49     0.33
11    26.39   214.24   137.49     0.33
11    39.75   153.43   134.91     0.33
11    38.45   128.91   134.91     0.33
11   106.24   169.13   134.91     0.33
11   101.03   160.95   134.91     0.33
11   146.01    93.27   134.91     0.33
11   133.30    90.66   134.91     0.33
11   128.41   107.66   134.91     0.33
11    75.28   184.16   134.91     0.33
11    96.14   109.62   134.91     0.33
11   124.82    71.70   134.91     0.33
11    60.94    80.20   134.91     0.33
11    89.30   140.35   127.64     0.33
11    77.89   143.95   127.64     0.33
11    69.41   152.45   127.64     0.33
11    85.06   176.32   127.64     0.33
11    83.10   127.28   127.64     0.33
11    83.10   115.51   127.64     0.33
11   140.14    82.49   127.64     0.33
11    84.41    77.25   127.64     0.33
11    53.77   115.83   127.64     0.33
11    56.38   174.36   127.64     0.33
11    49.86   181.55   127.64     0.33
11   168.50    90.01   127.64     0.33
11   163.61   102.76   127.64     0.33
11   156.11   111.26   127.64     0.33
11   129.71    84.45   127.64     0.33
11   115.70   142.32   121.43     0.33
11   100.70   140.35   121.43     0.33
11   107.22   151.47   121.43     0.33
11    82.78   159.64   120.97     0.33
11    93.53   150.82   120.97     0.33
11    88.64   164.88   120.97     0.33
11   114.72   160.62   120.97     0.33
11   104.61   132.51   120.97     0.33
11    95.16   132.51   120.97     0.33
11    33.89   175.01   120.97     0.33
11    15.31   171.74   120.97     0.33
11    51.81   191.36   120.97     0.33
11    34.86   191.03   120.97     0.33
11    47.25   167.49   111.35     0.33
11    61.27   166.18   111.35     0.33
11    61.27   155.39   111.35     0.33
11    84.41   138.72   111.35     0.33
11    72.02   148.20   111.35     0.33
11    89.30   175.99   111.35     0.33
11    88.64   188.09   111.35     0.33
11    79.19   119.43   111.35     0.33
11    39.10   155.07   111.35     0.33
11   158.39    92.95   111.35     0.33
11   146.01    88.70   111.35     0.33
11   138.18    99.49   111.35     0.33
11   129.38   104.06   111.35     0.33
11    97.44   106.03   111.35     0.33
11   100.38   163.57   111.35     0.33
11    51.81   179.91   111.35     0.33
11    23.78   194.30   111.35     0.33
11    22.48   211.63   111.35     0.33
11    34.21   208.03   111.35     0.33
11    23.13   180.90   111.35     0.33
11    -0.34   171.74   111.35     0.33
11    -2.94   163.89   111.35     0.33
11   -15.00   166.18   111.35     0.33
11    10.75   146.57   111.35     0.33
11    55.40   124.99   111.35     0.33
11   134.60   124.99   111.35     0.33
11   156.76   116.16   111.35     0.33
11   156.11   105.04   111.35     0.33
11   104.61   147.22   103.55     0.33
11   108.52   135.12   103.55     0.33
11    86.69   126.95   103.55     0.33
11    96.14   137.74   103.55     0.33
11    82.78   149.18   103.55     0.33
11    88.32   162.59   103.55     0.33
11    77.56   170.76   103.55     0.33
11    74.95   159.64   103.55     0.33
11    49.53   201.17   103.55     0.33
11    72.02   217.51   103.55     0.33
11    73.65   204.11   103.55     0.33
11    50.18   220.78   103.55     0.33
11    62.24   210.97   103.55     0.33
11    50.84   191.03   103.55     0.33
11    39.10   178.28   103.55     0.33
11    28.02   155.39   103.55     0.33
11    23.46   167.49   103.55     0.33
11     9.77   155.72   103.55     0.33
11    25.41   142.32   103.55     0.33
11    22.81   129.24   103.55     0.33
11    74.95    90.33   103.55     0.33
11    80.82    96.22   103.55     0.33
11    66.15    95.24   103.55     0.33
11   131.34   142.32   103.55     0.33
11    40.08   103.41   103.55     0.33
11    -0.66   150.82   103.55     0.33
11     2.27   138.07   103.55     0.33
11     8.46   188.74   103.55     0.33
11   -18.91   182.53   103.55     0.33
11   166.21   109.29   103.55     0.33
11   210.22    89.35   103.55     0.33
11   130.69    47.18   103.55     0.33
11   155.46    41.62   103.55     0.33
11   150.90    80.52   103.55     0.33
11    46.92   117.80    98.40     0.33
11    41.38   123.03    98.40     0.33
11    42.69   134.47    98.40     0.33
11    52.14   134.80    98.40     0.33
11    42.36   146.57    98.40     0.33
11    58.66   185.80    98.40     0.33
11    70.07   172.07    98.40     0.33
11    81.47   199.86    98.40     0.33
11   142.10   143.95    98.40     0.33
11   135.58   156.70    98.40     0.33
11   103.64   164.22    95.98     0.33
11    64.52   152.45    95.98     0.33
11    55.72   112.56    95.98     0.33
11    53.12    96.87    95.98     0.33
11   134.27   120.41    95.98     0.33
11   133.95   102.76    95.98     0.33
11   124.50    97.85    95.98     0.33
11    75.61   113.87    95.98     0.33
11    81.15   137.08    95.98     0.33
11    95.16   153.43    95.98     0.33
11    66.48   143.30    95.98     0.33
11    47.90   166.84    94.23     0.33
11    38.78   157.36    94.23     0.33
11    88.32   189.72    94.23     0.33
11    68.11   196.92    94.23     0.33
11    29.65   114.20    94.23     0.33
11    58.66   125.97    94.23     0.33
11    32.91   191.68    94.23     0.33
11    20.85   190.70    94.23     0.33
11    17.26   200.19    94.23     0.33
11    -3.59   162.26    94.23     0.33
11   -14.02   167.49    94.23     0.33
11    -7.18   177.30    94.23     0.33
11   -11.42   152.78    94.23     0.33
11    20.85   150.16    88.10     0.33
11    29.00   154.09    88.10     0.33
11   146.01   107.01    89.76     0.33
11   131.67    87.06    89.76     0.33
11   127.43    78.24    87.04     0.33
11   143.07    63.85    87.04     0.33
11   152.85    79.54    87.04     0.33
11   110.81   137.08    87.04     0.33
11   110.48   154.74    87.04     0.33
11    88.64   162.59    87.04     0.33
11    78.87   152.78    87.04     0.33
11   101.35   146.89    87.04     0.33
11    98.42   134.14    87.04     0.33
11    80.82   124.01    87.04     0.33
11    26.06   130.87    87.04     0.33
11    24.11   141.34    87.04     0.33
11     2.27   142.32    87.04     0.33
11    12.38   158.34    87.04     0.33
11     0.97   155.39    87.04     0.33
11    66.81   216.86    87.04     0.33
11    89.95   211.96    87.04     0.33
11    50.18   220.46    87.04     0.33
11    34.86   176.97    87.04     0.33
11    24.76   168.80    87.04     0.33
11     5.21   174.03    87.04     0.33
11    81.47    81.18    87.04     0.33
11    73.32    72.68    87.04     0.33
11    38.12   107.66    87.04     0.33
11   107.22    65.16    87.04     0.33
11   121.89    56.33    87.04     0.33
11   131.01    48.48    87.04     0.33
11   172.08    84.45    87.04     0.33
11   181.86    91.97    87.04     0.33
11    66.15   108.64    85.67     0.33
11    63.22    98.51    85.67     0.33
11    70.07   127.60    85.67     0.33
11   127.75    65.16    85.67     0.33
11   113.74   179.91    85.67     0.33
11   118.30   171.09    85.67     0.33
11    70.07   142.97    80.83     0.33
11    80.17   137.74    80.83     0.33
11    79.19   104.06    80.83     0.33
11    46.60   104.06    80.83     0.33
11    48.88   117.14    80.83     0.33
11    36.17   126.62    80.83     0.33
11    40.08   138.07    80.83     0.33
11    59.31   152.78    80.83     0.33
11    88.32   144.60    80.83     0.33
11   104.29   122.37    80.83     0.33
11   133.30   123.35    80.83     0.33
11    51.49   162.59    77.49     0.33
11   114.07   109.29    77.49     0.33
11   115.37   117.80    77.49     0.33
11    54.42   128.58    77.49     0.33
11    17.92   193.32    77.49     0.33
11    18.89   156.37    70.67     0.33
11    26.72   145.91    70.67     0.33
11    92.88   129.57    70.67     0.33
11   101.35   143.30    70.67     0.33
11    81.15   155.07    70.67     0.33
11    96.79   168.14    70.67     0.33
11   165.89    72.68    70.67     0.33
11   145.03   127.60    68.18     0.33
11   186.42   109.29    68.18     0.33
11   198.81    84.12    68.18     0.33
11   208.91   120.74    68.18     0.33
11   154.48   138.07    68.18     0.33
11   154.16   154.09    68.18     0.33
11   166.21   131.20    68.18     0.33
11   178.60   119.10    68.18     0.33
11   161.33   106.03    68.18     0.33
11   137.86   113.22    68.18     0.33
11   143.73   101.78    68.18     0.33
11   109.50    68.75    68.18     0.33
11   124.17    67.77    68.18     0.33
11    97.44    72.68    68.18     0.33
11    66.81   116.81    68.18     0.33
11    57.03   114.20    68.18     0.33
11    64.85   130.22    68.18     0.33
11    75.93   127.28    68.18     0.33
11   115.70   177.30    68.18     0.33
11   118.95   190.70    68.18     0.33
11   133.62   189.40    68.18     0.33
11     7.16   173.38    68.18     0.33
11    50.84   172.39    61.96     0.33
11    62.57   186.45    61.96     0.33
11    43.34   184.16    61.96     0.33
11    57.35   160.95    61.96     0.33
11    35.19   170.43    61.96     0.33
11   143.07   165.53    61.96     0.33
11   140.79   148.85    61.96     0.33
11   158.72   124.66    61.96     0.33
11   191.64    69.73    61.96     0.33
11   182.84    80.85    61.96     0.33
11   114.39   148.53    53.71     0.33
11    91.58   151.14    53.71     0.33
11    89.95   169.13    53.71     0.33
11    98.10   137.41    53.71     0.33
11    95.16   123.35    53.71     0.33
11    45.29   129.57    53.71     0.33
11   104.94    99.49    53.71     0.33
11    61.27   122.37    50.07     0.33
11    69.41   131.85    50.07     0.33
11    77.56   126.95    50.07     0.33
11   106.57   118.45    50.07     0.33
11   112.11   131.20    50.07     0.33
11   174.69   123.35    50.07     0.33
11   187.07   114.53    50.07     0.33
11   200.44   116.81    50.07     0.33
11   158.72   114.53    50.07     0.33
11   146.66   107.33    50.07     0.33
11   142.42    89.35    50.07     0.33
11   132.97    97.20    50.07     0.33
11   140.47   121.39    50.07     0.33
11   151.55   137.08    50.07     0.33
11   154.81   158.01    50.07     0.33
11   121.24   175.01    50.07     0.33
11   132.32   180.90    50.07     0.33
11    81.15   200.51    50.07     0.33
11    57.35   211.63    50.07     0.33
11   117.98   114.85    50.07     0.33
11   121.24   141.34    50.07     0.33
11    97.44   158.66    50.07     0.33
11   100.70   172.07    50.07     0.33
11    81.80   154.74    50.07     0.33
11    74.95   186.45    50.07     0.33
11    64.52   173.70    50.07     0.33
11    67.78   155.07    50.07     0.33
11    74.63    94.26    50.07     0.33
11    65.50   109.29    50.07     0.33
11    53.12   113.54    50.07     0.33
11   117.00    94.26    50.07     0.33
11   168.82   111.91    50.07     0.33
11   163.61    95.56    50.07     0.33
11   232.38    78.56    50.07     0.33
11   214.78    98.18    50.07     0.33
11   179.90    82.16    44.92     0.33
11   173.71    87.72    44.92     0.33
11   215.10    88.04    44.92     0.33
11    76.91   116.16    44.92     0.33
11    54.09   155.39    44.92     0.33
11    56.70   169.45    44.92     0.33
11    48.55   178.28    44.92     0.33
11    43.01   150.16    44.92     0.33
11   165.24   133.82    44.92     0.33
11   156.11   148.85    44.92     0.33
11   130.36   148.85    44.92     0.33
11   135.90   173.38    44.92     0.33
11   118.30   187.11    44.92     0.33
11   128.73   195.61    44.92     0.33
11   143.40   180.24    44.92     0.33
11   139.16   189.40    44.92     0.33
11   148.61   171.74    44.92     0.33
11   208.59   132.51    44.92     0.33
11   220.64   110.93    44.92     0.33
11   230.75   114.53    44.92     0.33
11   219.67   129.89    44.92     0.33
11   186.75   147.55    44.92     0.33
11   198.48   153.43    44.92     0.33
11   191.31   163.57    44.92     0.33
11   175.99   158.99    44.92     0.33
11   163.93   166.18    44.92     0.33
11   176.97   174.68    44.92     0.33
11   160.02   179.26    44.92     0.33
11   162.63   190.38    44.92     0.33
11   151.22   191.68    44.92     0.33
11    85.06    81.83    44.92     0.33
11   205.65    54.70    44.92     0.33
11   134.93    78.89    44.92     0.33
11   105.59   149.51    35.60     0.33
11    98.75   139.05    35.60     0.33
11    93.86   126.62    35.60     0.33
11    84.73   171.41    35.60     0.33
11   200.44    43.91    35.60     0.33
11   194.90    49.79    35.60     0.33
11   198.48    63.52    35.60     0.33
11   171.76    71.37    35.60     0.33
11   190.66    84.12    35.60     0.33
11   126.45   107.01    35.60     0.33
11   152.85    95.56    35.60     0.33
11    71.37   176.97    33.03     0.33
11    98.10   160.30    33.03     0.33
11   123.84   175.01    33.03     0.33
11   120.26   155.72    33.03     0.33
11   115.70   141.01    33.03     0.33
11   118.30   132.83    33.03     0.33
11   110.48   120.41    33.03     0.33
11   105.27   105.37    33.03     0.33
11   102.66    94.91    33.03     0.33
11   141.12    88.04    33.03     0.33
11   150.90    73.66    33.03     0.33
11   136.23   101.12    33.03     0.33
11   139.81   115.51    33.03     0.33
11   164.91   119.43    33.03     0.33
11   156.44   110.93    33.03     0.33
11   181.21   114.20    33.03     0.33
11    84.08   154.74    33.03     0.33
11   111.46   170.43    33.03     0.33
11   151.55   161.28    33.03     0.33
11   196.53   121.39    33.03     0.33
11   176.97   135.78    33.03     0.33
11   149.92   122.05    33.03     0.33
11   134.60    65.16    33.03     0.33
11   181.21    54.70    33.03     0.33
11    92.55   196.26    33.03     0.33
11    65.83   129.24    33.03     0.33
11    77.56   100.79    33.03     0.33
11    63.22   117.47    33.03     0.33
11    48.88   129.24    33.03     0.33
11    55.40   209.99    33.03     0.33
11    73.32   210.65    33.03     0.33
11    88.97   113.22    26.74     0.33
11    93.53    99.16    26.74     0.33
11   139.49    75.95    26.74     0.33
11   161.33    84.45    25.07     0.33
11   221.30   115.18    25.07     0.33
11   156.76   145.91    26.13     0.33
11   137.21   145.26    26.13     0.33
11    86.36   139.70    27.35     0.33
11    79.52   128.26    25.30     0.33
11    69.74   148.53    24.32     0.33
11    56.38   151.80    24.32     0.33
11    56.38   166.51    24.32     0.33
11    63.55   192.99    24.32     0.33
11    50.51   193.97    24.32     0.33
11    61.59   179.59    24.32     0.33
11    45.62   168.80    24.32     0.33
11    96.14   127.28    18.48     0.33
11    99.07   146.89    18.48     0.33
11    75.28   166.18    18.48     0.33
11    82.78   180.57    18.48     0.33
11    79.52   199.86    18.48     0.33
11   148.94    97.52    18.48     0.33
11   146.66   133.16    17.57     0.33
11   133.62   132.51    17.57     0.33
11   129.06   124.01    17.57     0.33
11   115.37   110.93    17.57     0.33
11   118.63    93.93    17.57     0.33
11   108.20   101.45    17.57     0.33
11   129.38   152.45    17.57     0.33
11   120.26   130.55    17.57     0.33
11   116.67   144.60    17.57     0.33
11   105.92   124.01    17.57     0.33
11    91.90   170.76    17.57     0.33
11    91.25   155.07    17.57     0.33
11   133.95   105.04    17.57     0.33
11   165.56   121.39    17.57     0.33
11   159.04   132.83    17.57     0.33
11   147.64   115.51    17.57     0.33
11   159.04   106.35    17.57     0.33
11   142.10    90.33    17.57     0.33
11   154.16    74.31    17.57     0.33
11   171.43    68.10    17.57     0.33
11   188.05    87.06    17.57     0.33
11   194.57   108.64    17.57     0.33
11   194.90   124.33    17.57     0.33
11   226.19   103.08    17.57     0.33
11   185.44   134.47    17.57     0.33
11   175.99   141.99    17.57     0.33
11   164.91   150.82    17.57     0.33
11   174.04   109.62     8.86     0.33
11   183.81   126.30     8.86     0.33
11   178.27    94.91     8.86     0.33
11   165.24    84.12     8.86     0.33
11   124.17   110.60     9.85     0.33
11    77.56   143.62     9.85     0.33
11   122.87   164.88     7.88     0.33
11    64.52   189.72   166.57     0.33
11   125.15   166.84   166.57     0.33
11   140.47    77.25   166.57     0.33
11   128.73    81.50   166.57     0.33
11   127.75   201.49    97.04     0.33
11   166.87   137.08    14.70     0.33
11   172.73   127.93    14.70     0.33
11   186.42   115.51    14.70     0.33
11   114.07   184.82    14.70     0.33
11   122.21   175.01    14.70     0.33
11   132.32   166.51    14.70     0.33
11   109.18   152.12     8.33     0.33
11   106.90   137.41     8.33     0.33
11   148.94   151.47     8.33     0.33
11   138.51   123.03     8.33     0.33
11   153.50   123.35     8.33     0.33
11   205.98   118.45     5.15     0.33
11   217.39   115.83     5.15     0.33
11   208.59   107.66     5.15     0.33
11   199.13   100.47     5.15     0.33
11   154.16    91.64     5.15     0.33
11   147.64    85.10     5.15     0.33
11   128.73    98.51     5.15     0.33
11   134.27    87.06     5.15     0.33
11   115.04   122.70     5.15     0.33
11    89.95   141.66     5.15     0.33
11    86.36   122.70     5.15     0.33
11    74.95   189.07     5.15     0.33
11    64.52   181.88     5.15     0.33
11    59.64   193.65     5.15     0.33
11    68.76   198.55     5.15     0.33
11    89.62   195.93     5.15     0.33
11    67.46   201.17    23.79     0.33
11    70.39   190.05    24.69     0.33
11    53.44   181.55    24.69     0.33
11    47.25   148.85    25.83     0.33
11    29.98   198.88    63.86     0.33
11    25.41   184.49    63.86     0.33
11     9.12   185.80    63.86     0.33
11    16.94   171.74    63.86     0.33
11    34.21   152.78    63.86     0.33
11    60.94   149.84    63.86     0.33
11   -10.44   184.49   118.55     0.33
11    -3.27   183.84   119.99     0.33
11   198.81   146.89    54.69     0.33
11   182.84   136.10    54.69     0.33
11   192.61   135.45    54.69     0.33
11   166.87   149.51    54.69     0.33
11   183.81   168.47    54.69     0.33
11   182.19   165.20    33.10     0.33
11   186.42   157.68    34.92     0.33
11   166.87   178.93    38.03     0.33
11   196.53   153.43    24.54     0.33
11   178.27   154.41    24.54     0.33
11   169.15   165.20    24.54     0.33
11   152.20   175.01    24.54     0.33
11    34.54   205.74   147.49     0.33
11    20.20   199.86   147.49     0.33
11    14.66   191.03   145.74     0.33
11    27.04   192.67   158.70     0.33
11    40.41   187.76   158.70     0.33
11    46.60   197.57   158.70     0.33
11    50.18   186.78   166.12     0.33
12   208.60   131.10     5.15     0.33
12   224.24   122.60     5.15     0.33
12   183.50   104.30     3.03     0.33
12   210.55    71.27    21.36     0.33
12   207.94    67.02    23.48     0.33
12   216.74    86.31    24.47     0.33
12   236.63   111.81    25.53     0.33
12   233.69   119.66    25.53     0.33
12   235.65   102.99    35.75     0.33
12   228.48   100.04    41.66     0.33
12   235.65    94.81    41.66     0.33
12   232.71    87.62    42.50     0.33
12   226.85    69.64    42.50     0.33
12   215.11    75.52    43.40     0.33
12   206.97    78.47    43.40     0.33
12   213.48    65.72    54.62     0.33
12   204.68    65.72    55.45     0.33
12   204.36    73.24    62.04     0.33
12   239.23    90.56    63.02     0.33
12   235.00    70.29    63.02     0.33
12   234.02    90.89    64.01     0.33
12   180.89    38.91    41.81     0.33
12   162.31    43.81    50.22     0.33
12   161.99    52.96    49.99     0.33
12   188.71   102.66    39.09     0.33
12   203.05    97.76    41.06     0.33
12   198.82   104.30    41.06     0.33
12   212.83   135.35    62.87     0.33
12   221.96   111.16    67.19     0.33
12   221.31   117.05    71.43     0.33
12    40.74   207.94    43.48     0.33
12   228.80    79.45    72.49     0.33
12   213.81    66.04    84.76     0.33
12   181.22    40.87    84.76     0.33
12   213.48   105.60    82.11     0.33
12   205.66   111.49    96.96     0.33
12   205.34    77.81    96.96     0.33
12   203.38    95.79    96.96     0.33
12   187.08    65.72    96.96     0.33
12   187.74    84.35    96.96     0.33
12   186.76    73.24    96.96     0.33
12   200.45    70.62    97.79     0.33
12   188.06   101.35    97.79     0.33
12   125.81    67.35   100.82     0.33
12   134.28    56.89   101.88     0.33
12   140.48    52.64   103.70     0.33
12   166.55    87.29   103.70     0.33
12   176.98    88.93   103.70     0.33
12   181.54    95.79   103.70     0.33
12   174.05   102.01   103.70     0.33
12   204.03   107.89    80.45     0.33
12   218.70   107.89    78.33     0.33
12   193.28   133.07    82.64     0.33
12   168.18   122.28    89.39     0.33
12   173.07   133.72    93.63     0.33
12   165.25   113.12    70.60     0.33
12   182.85   125.22   101.20     0.33
12   195.88   112.47   102.04     0.33
12   185.45   112.47   102.04     0.33
12   179.91   118.03   102.04     0.33
12   207.62   131.43    77.26     0.33
12   162.31   164.45    69.39     0.33
12   146.34   166.41    99.99     0.33
12   142.10   197.24    38.33     0.33
12   199.46   141.01    35.53     0.33
12   213.15   141.01    35.53     0.33
12   175.67   139.37    54.84     0.33
12    97.12    79.54    66.21     0.33
12    73.98    82.16    67.19     0.33
12    73.98    93.93    67.27     0.33
12    46.60   149.51    64.61     0.33
12    25.74   167.82    60.07     0.33
12    32.58   159.97    58.40     0.33
12    86.04   101.12    57.19     0.33
12   127.75   148.85    67.80     0.33
12   143.40   156.70    81.66     0.33
12   188.38    83.79    81.66     0.33
12   200.11    70.06    81.66     0.33
12   198.81    61.56    94.08     0.33
12   187.73    52.73    94.08     0.33
12   163.93   135.78   120.37     0.33
12   137.53   140.03   120.37     0.33
12   111.13    49.79   120.37     0.33
12    97.12    53.71   120.37     0.33
12    69.09    93.93   120.37     0.33
12    46.92    98.51   120.37     0.33
12   197.83    90.99   104.76     0.33
12   226.19   114.85    80.45     0.33
12   132.64   188.09   114.31     0.33
12   136.88   198.55    97.11     0.33
12   167.52    78.89   124.76     0.33
12   156.11    67.77   157.18     0.33
12   118.30    88.37   157.18     0.33
12   117.98   192.34   155.36     0.33
12   118.30   156.70   155.36     0.33
12   117.33   148.20   155.36     0.33
12   116.67   132.51   155.36     0.33
12   127.43   128.91   155.36     0.33
12   113.74    71.37   167.33     0.33
12    93.21    77.91   167.33     0.33
12    87.67    80.20   171.50     0.33
12    74.30    80.85   164.76     0.33
12    38.78   111.58   163.85     0.33
12   100.05   145.91   164.98     0.33
12    98.75   128.26   177.10     0.33
12    71.04   199.53   159.38     0.33
12    31.93   176.32   160.44     0.33
12    12.05   169.78   160.74     0.33
12    15.96   152.78   176.04     0.33
12     1.62   154.74   176.04     0.33
12    80.17   140.35   187.63     0.33
12    93.53   137.41   186.19     0.33
12    79.52   119.43   186.88     0.33
12    71.37   146.89   186.88     0.33
12    43.01   170.43   186.88     0.33
12    51.16   173.05   176.88     0.33
12    10.75   173.05   195.97     0.33
12    19.87   171.74   195.97     0.33
12     0.32   177.95   171.04     0.33
12    19.22   124.99   148.70     0.33
12   121.89    70.06   161.95     0.33
12    90.27   147.22   183.77     0.33
