11   170.06    34.26     0.08     0.33
11   171.69    45.38     0.08     0.33
11   127.69    97.03     0.08     0.33
11   134.21    90.50     0.08     0.33
11   118.89    78.73     0.08     0.33
11   111.07    73.17     0.08     0.33
11   116.28    65.32     0.08     0.33
11   144.31    34.26    -0.68     0.33
11   155.07    27.72    -0.68     0.33
11   136.49    51.92    -0.68     0.33
11   150.50    52.90    -0.68     0.33
11   143.33    63.36    -0.68     0.33
11   150.83    92.78    -0.68     0.33
11   142.36   102.59    -0.68     0.33
11   138.12   114.04    -0.68     0.33
11   147.24   119.92    -0.68     0.33
11   114.98   130.06    -0.68     0.33
11   103.90   136.92     0.08     0.33
11   120.52   146.08     0.08     0.33
11   108.46   167.00     0.23     0.33
11   123.78   174.52    -1.82     0.33
11   117.58   183.67    -1.82     0.33
11   140.07   183.35    -1.82     0.33
11   134.53   193.81    -1.82     0.33
11   153.76   181.39    -1.82     0.33
11   161.91   186.29    -1.82     0.33
11   165.50   177.14    -1.82     0.33
11   163.21   167.98    -1.82     0.33
11   148.22   161.44    -1.82     0.33
11   167.78   148.69    -1.82     0.33
11   166.80   161.44    -1.82     0.33
11   156.04   148.04    -1.82     0.33
11   149.85   139.86    -1.82     0.33
11   158.00   122.21    -1.82     0.33
11   114.00   101.61    -1.82     0.33
11   105.52   160.13    -1.82     0.33
11    97.38   119.27    -1.82     0.33
11   100.64    89.52    -1.82     0.33
11   100.31    74.15    -1.82     0.33
11    99.98    60.74    -1.82     0.33
11   114.33    51.26    -1.82     0.33
11   111.39    43.42    -1.82     0.33
11   123.78    35.57    -1.82     0.33
11   115.95    28.05    -1.82     0.33
11   131.93    28.70    -1.82     0.33
11   128.99    21.84    -1.82     0.33
11   140.73    18.90    -1.82     0.33
11   137.14     9.41    -1.82     0.33
11   153.11     6.47    -1.82     0.33
11   144.96    -3.34    -1.82     0.33
11   156.70    -2.68    -1.82     0.33
11   170.71     6.14    -1.06     0.33
11   181.14     5.49    -1.06     0.33
11   182.77    17.26    -1.06     0.33
11   172.01    14.32    -1.06     0.33
11   163.54    44.40    -1.06     0.33
11   181.47    51.59    -1.06     0.33
11   192.22    47.67    -1.06     0.33
11   161.26    66.63    -1.06     0.33
11   141.70    72.19    -1.06     0.33
11   156.70   106.84    -1.06     0.33
11   169.41   100.96    -1.06     0.33
11   170.39    84.61    -1.06     0.33
11   177.23    69.24    -1.06     0.33
11   184.73    78.40    -1.06     0.33
11   184.73    91.48    -1.06     0.33
11   127.36   129.40    -1.06     0.33
11   126.71   164.71    -1.06     0.33
11   144.31   197.41    -1.06     0.33
11   163.54   205.58    -1.06     0.33
11   150.50   202.96    -1.06     0.33
11   167.13   131.04    -1.06     0.33
11   183.42   124.50    -1.06     0.33
11   178.53   108.80    -1.06     0.33
11   182.44    32.30    -1.06     0.33
11   202.98    13.34    -1.06     0.33
11   194.50    -0.39    -1.06     0.33
11   205.26    -0.72    -1.06     0.33
11   167.78    21.84    -1.06     0.33
11   161.58     6.47    -1.06     0.33
11   177.23    -6.61    -1.06     0.33
11   164.84    -6.61    -1.06     0.33
11   132.58    76.44    -1.06     0.33
11   188.31   138.88    -0.23     0.33
11   195.16   136.92    -0.23     0.33
11   188.96   110.77    -0.23     0.33
11   202.33    94.75    -0.23     0.33
11   206.56   105.86    -0.23     0.33
11   216.99   104.88    -0.23     0.33
11   221.56   113.71    -0.23     0.33
11   227.42   118.29    -0.23     0.33
11   216.99   124.82    -0.23     0.33
11   207.87   158.83    -0.23     0.33
11   188.96   171.58    -0.23     0.33
11   179.19   170.27    -0.23     0.33
11   179.84   189.56    -0.23     0.33
11   191.57   187.93    -0.23     0.33
11   199.39   184.33    -0.23     0.33
11   206.56   177.46    -0.23     0.33
11   201.02   196.43    -0.23     0.33
11   195.16   167.65     0.91     0.33
11   187.01   205.25     0.91     0.33
11   200.37    74.80     1.82     0.33
11   137.79   153.27     1.82     0.33
11   145.61   127.11     1.82     0.33
11   182.12    26.41     1.82     0.33
11   203.30    32.63     1.82     0.33
11   213.08    38.51     1.82     0.33
11   211.13    48.32     1.82     0.33
11   210.80    65.32     1.82     0.33
11   219.93    73.17     1.82     0.33
11   211.78    80.69     2.73     0.33
11   226.12    61.07     2.73     0.33
11   118.56    16.93     2.73     0.33
11   195.48    83.30     2.73     0.33
11   200.70   142.15     2.73     0.33
11   214.71   171.90     3.86     0.33
11   228.40   165.04     3.86     0.33
11   229.05   178.12     3.86     0.33
11   248.61   183.35     3.86     0.33
11   244.70   190.21     3.86     0.33
11   239.48   180.08     3.86     0.33
11   221.56   189.56     3.86     0.33
11   222.21   200.68     3.86     0.33
11   229.05   196.43     3.86     0.33
11   212.76   200.02     3.86     0.33
11   207.54   204.93     3.86     0.33
11   196.46   197.73     3.86     0.33
11   186.03   197.73     3.86     0.33
11   171.36   202.31     3.86     0.33
11   171.69   216.37     3.86     0.33
11   185.70   215.72     3.86     0.33
11   122.47   199.37     3.86     0.33
11   111.39   203.62     3.86     0.33
11   182.12   159.15     5.00     0.33
11   251.22   144.44     5.00     0.33
11   242.42   137.25     5.00     0.33
11   232.31   137.90     5.00     0.33
11   231.66   154.58     5.00     0.33
11   251.22   160.79     5.00     0.33
11   267.19   160.79     5.00     0.33
11   278.59   147.71     5.00     0.33
11   275.66   162.10     5.00     0.33
11   265.88   171.25     5.00     0.33
11   259.69   148.36     5.00     0.33
11   259.36   134.96     5.00     0.33
11   254.80   128.75     5.00     0.33
11   263.60   121.88     5.00     0.33
11   255.13   117.31     5.00     0.33
11   245.35   123.84     5.00     0.33
11   240.13   118.61     5.00     0.33
11   260.02   103.25     5.00     0.33
11   260.02    98.67     5.00     0.33
11   249.26   101.28     5.00     0.33
11   253.17    92.78     5.00     0.33
11   244.05    95.40     5.00     0.33
11   233.62    92.13     5.00     0.33
11   242.09    78.40     5.00     0.33
11   245.67    83.30     5.00     0.33
11   231.66    75.13     5.00     0.33
11   237.85    86.57     5.00     0.33
11   263.93    76.44     5.00     0.33
11   266.86    86.25     5.00     0.33
11   271.75    92.13     5.00     0.33
11   278.92    90.17     5.00     0.33
11   278.27   103.57     5.00     0.33
11   277.94   120.90     5.00     0.33
11   274.03   128.75     5.00     0.33
11   280.88   131.69     5.00     0.33
11   285.44   125.15     5.00     0.33
11   288.37   105.86     5.00     0.33
11   256.43    58.46     5.00     0.33
11   261.97    60.74     5.00     0.33
11   263.93    48.97     5.00     0.33
11   260.67    45.05     5.00     0.33
11   256.76    38.51     5.00     0.33
11   250.24    50.28     5.00     0.33
11   233.29    53.55     6.06     0.33
11   241.76    40.15     6.06     0.33
11   237.85    28.38     6.06     0.33
11   222.53    10.07     6.06     0.33
11   219.27    25.43     6.06     0.33
11   227.75    43.09     6.06     0.33
11   226.77    28.70     6.06     0.33
11   225.79    17.26     6.06     0.33
11   181.79    41.78     6.06     0.33
11   201.67   133.98     6.06     0.33
11   191.90   147.06     6.06     0.33
11   198.74    55.84     6.06     0.33
11   161.91   113.71     6.06     0.33
11   121.82   136.92     6.06     0.33
11   126.71   147.06     6.06     0.33
11   174.30    62.38     6.06     0.33
11   186.68    68.92     6.06     0.33
11   225.79    97.69     6.06     0.33
11   219.93   142.81     6.06     0.33
11   179.51   180.73     6.06     0.33
11   171.69   171.58     6.06     0.33
11   207.22    25.11     6.06     0.33
11   195.48   127.44     6.06     0.33
11   210.15   126.79     6.06     0.33
11   268.49   110.44     6.06     0.33
11   118.24   167.65     7.04     0.33
11   104.55   105.21     7.04     0.33
11   123.45    57.80     7.04     0.33
11   150.18    81.34     7.04     0.33
11   161.58    93.77     7.04     0.33
11   158.98    80.69     7.95     0.33
11    93.14   161.44     7.95     0.33
11   175.27   136.27     8.79     0.33
11   199.07   116.98     8.79     0.33
11   220.90    87.88     8.79     0.33
11   213.73    93.11     8.79     0.33
11   193.20    35.57     8.79     0.33
11   122.15   113.38     8.79     0.33
11   113.67   119.27     8.79     0.33
11   120.52   156.87     8.79     0.33
11   219.93   159.15     8.79     0.33
11   178.21   148.69     8.79     0.33
11   198.74    67.94     9.62     0.33
11   252.52    65.65     9.62     0.33
11   239.81    66.63     9.62     0.33
11   246.33   110.44     9.62     0.33
11   234.92   106.52     9.62     0.33
11   208.52   146.08     9.62     0.33
11   192.22   157.19     9.62     0.33
11   153.11    42.11     9.62     0.33
11   195.81    17.26     9.62     0.33
11   138.44   171.90     9.62     0.33
11   180.16    84.28    11.82     0.33
11   133.55   125.15    11.82     0.33
11   130.95    85.26    11.82     0.33
11   128.34    64.99    13.94     0.33
11   135.18    32.30    13.94     0.33
11   121.17    34.26    13.94     0.33
11   115.63    26.74    13.94     0.33
11   111.07    41.78    13.94     0.33
11   141.70    15.63    13.94     0.33
11   148.22     6.47    13.94     0.33
11   155.07    -2.36    13.94     0.33
11   124.43     8.43    13.94     0.33
11   105.52    62.05    13.94     0.33
11    97.05    71.21    13.94     0.33
11    95.10    62.38    13.94     0.33
11   100.96    89.19    13.94     0.33
11    99.01   119.27    13.94     0.33
11    98.35   127.77    13.94     0.33
11    87.60   144.77    13.94     0.33
11   119.54   175.17    13.94     0.33
11   117.91   184.00    13.94     0.33
11   139.10   183.02    13.94     0.33
11   155.07   181.71    13.86     0.33
11   149.85   163.40    13.86     0.33
11   168.76   162.75    13.86     0.33
11   169.08   150.00    13.86     0.33
11   150.18   146.08    13.86     0.33
11   162.56   142.15    13.86     0.33
11   160.28   120.25    13.86     0.33
11   154.09   114.36    13.86     0.33
11   141.70    96.71    13.86     0.33
11   150.18    58.78    13.86     0.33
11   177.23    20.86    13.86     0.33
11   162.89   175.83    13.86     0.33
11   134.86   194.46    13.86     0.33
11   128.67   175.50    13.86     0.33
11   102.92   192.50    13.86     0.33
11   142.68   204.60    13.86     0.33
11   109.11   152.29    13.86     0.33
11   100.64   153.92    13.86     0.33
11   115.30   131.69    14.77     0.33
11   162.24   126.46    14.77     0.33
11   185.05   128.09    14.77     0.33
11   183.75   118.61    14.77     0.33
11   178.86   105.86    14.77     0.33
11   190.92    95.07    14.77     0.33
11   182.44    96.38    14.77     0.33
11   186.68    76.44    14.77     0.33
11   171.69    86.25    14.77     0.33
11   175.60    67.61    14.77     0.33
11   161.58    66.96    14.77     0.33
11   143.98    65.32    14.77     0.33
11   137.47    51.92    14.77     0.33
11   133.88    59.11    14.77     0.33
11   118.89    49.95    14.77     0.33
11   160.28    25.11    14.77     0.33
11   172.99    16.61    14.77     0.33
11   183.75    18.24    14.77     0.33
11   177.56     8.43    14.77     0.33
11   205.91    -1.70    14.77     0.33
11   183.75     4.51    14.77     0.33
11   179.51    -9.55    14.77     0.33
11   163.21    -9.22    14.77     0.33
11   159.63     7.45    14.77     0.33
11   194.50    -9.88    14.77     0.33
11   195.81    48.32    14.77     0.33
11   183.10    53.22    14.77     0.33
11   157.67   108.15    14.77     0.33
11   196.46   177.79    14.77     0.33
11   161.26   166.02    14.77     0.33
11   164.52   206.56    14.77     0.33
11   154.41   206.23    14.77     0.33
11   216.99   109.46    15.76     0.33
11   224.82   116.00    15.76     0.33
11   231.01   122.21    15.76     0.33
11   219.27   124.50    15.76     0.33
11   185.38   137.58    15.76     0.33
11   208.19   158.17    15.76     0.33
11   191.24   171.58    15.76     0.33
11   205.91   180.08    15.76     0.33
11   191.90   191.19    15.76     0.33
11   204.61   193.81    15.76     0.33
11   181.47   188.58    15.76     0.33
11   202.98    98.34    15.76     0.33
11   208.84   109.79    15.76     0.33
11   136.81    92.13    15.76     0.33
11   129.64    98.67    15.76     0.33
11   119.21    79.71    15.76     0.33
11   111.72    74.80    15.76     0.33
11   115.63    67.61    15.76     0.33
11   173.64    35.90    15.76     0.33
11   167.78    37.86    15.76     0.33
11   172.34    45.38    15.76     0.33
11   143.98   114.36    15.76     0.33
11   144.96   101.94    15.76     0.33
11   101.61   139.21    15.76     0.33
11   172.67    27.72    15.76     0.33
11   203.63   169.62    16.59     0.33
11   155.72   150.98    16.59     0.33
11   168.10   191.19    16.59     0.33
11   188.96   208.52    16.59     0.33
11   147.57   195.77    16.59     0.33
11   155.07   217.68    16.59     0.33
11   132.58    76.44    16.59     0.33
11   147.57    90.82    16.59     0.33
11   147.90   138.23    16.59     0.33
11   215.36    67.61    17.50     0.33
11   209.50    69.90    17.50     0.33
11   220.90    72.84    17.50     0.33
11   212.10    49.30    17.50     0.33
11   206.56    47.99    17.50     0.33
11   205.91    58.46    17.50     0.33
11   205.91    34.59    17.50     0.33
11   196.13    31.32    17.50     0.33
11   216.34    41.13    17.50     0.33
11   147.90   127.11    17.50     0.33
11   118.24   145.42    17.50     0.33
11   142.36   153.60    17.50     0.33
11   135.51   159.15    17.50     0.33
11   183.42    30.34    17.50     0.33
11   142.68    31.32    17.50     0.33
11   172.67    78.07    17.50     0.33
11   153.44    96.71    17.50     0.33
11   124.75    93.11    17.50     0.33
11   154.09    21.18    17.50     0.33
11   189.29   111.75    17.50     0.33
11   188.31   101.94    17.50     0.33
11   127.04   139.21    17.50     0.33
11   236.87   169.29    17.50     0.33
11   152.46   170.92    17.50     0.33
11   185.05    89.52    17.50     0.33
11   211.78    78.73    18.33     0.33
11   225.79    61.72    18.33     0.33
11   209.82   120.25    18.33     0.33
11   200.04   142.15    18.33     0.33
11   220.90   176.16    18.33     0.33
11   109.76   168.96    18.33     0.33
11    92.16   169.94    18.33     0.33
11    84.34   163.08    18.33     0.33
11   105.20   161.44    18.33     0.33
11   128.67    26.09    18.33     0.33
11   198.41     4.84    18.33     0.33
11   269.79    80.69    18.33     0.33
11   241.44   102.27    18.33     0.33
11   197.11    83.63    18.33     0.33
11   172.34    97.03    18.33     0.33
11   243.07   156.54    18.33     0.33
11   229.05   165.69    19.32     0.33
11   264.25   156.87    19.32     0.33
11   245.35   192.18    19.32     0.33
11   245.35   183.35    19.32     0.33
11   231.99   181.71    19.32     0.33
11   231.66   197.08    19.32     0.33
11   224.49   202.96    19.32     0.33
11   212.43   201.66    19.32     0.33
11   198.09   200.68    19.32     0.33
11   185.38   196.75    19.32     0.33
11   199.72   188.91    19.32     0.33
11   213.41   170.92    19.32     0.33
11   121.82   199.70    19.32     0.33
11   107.15   201.00    19.32     0.33
11   110.74   210.81    19.32     0.33
11   119.21   206.89    19.32     0.33
11   124.10   187.27    19.32     0.33
11   196.13   168.96    19.32     0.33
11   267.84   137.58    19.32     0.33
11   217.64   185.31    19.32     0.33
11   222.53   195.12    19.32     0.33
11   173.64   205.25    19.32     0.33
11   141.70    76.44    19.32     0.33
11   169.41    54.86    19.32     0.33
11   231.33    76.44    20.30     0.33
11   229.70    90.17    20.30     0.33
11   236.87    88.21    20.30     0.33
11   232.31    94.75    20.30     0.33
11   248.28   146.40    21.13     0.33
11   239.48   140.85    21.13     0.33
11   228.73   154.90    21.13     0.33
11   202.98   136.92    21.13     0.33
11   193.85   128.42    21.13     0.33
11   185.05   167.33    21.13     0.33
11   174.95   167.00    21.13     0.33
11   173.32   175.83    21.13     0.33
11   178.21   157.19    21.13     0.33
11   261.32   129.40    21.13     0.33
11   250.56   122.54    21.13     0.33
11   261.65   146.40    21.13     0.33
11   253.50   162.75    21.13     0.33
11   279.25   147.71    21.13     0.33
11   276.31   118.29    21.13     0.33
11   274.68   130.38    21.13     0.33
11   266.86   110.77    21.13     0.33
11   262.30   104.55    21.13     0.33
11   257.73    97.69    21.13     0.33
11   244.37    97.03    21.13     0.33
11   245.35    86.57    21.13     0.33
11   277.94    91.48    21.13     0.33
11   252.52    78.07    21.13     0.33
11   265.23    59.76    21.13     0.33
11   261.32    47.67    21.13     0.33
11   257.41    40.47    21.13     0.33
11   247.30    41.45    21.13     0.33
11   241.11    27.07    21.13     0.33
11   229.70    28.05    21.13     0.33
11   206.89    23.15    21.13     0.33
11   226.12    14.64    21.13     0.33
11   235.90   118.94    21.13     0.33
11   242.42   125.81    21.13     0.33
11   261.97   120.57    21.13     0.33
11   183.42    69.24    22.12     0.33
11   227.10   141.17    22.12     0.33
11   222.53   135.29    22.12     0.33
11   219.93   151.31    22.12     0.33
11   123.78    58.78    22.12     0.33
11   150.18    82.32    22.12     0.33
11   168.10   134.63    22.12     0.33
11   122.15   166.67    22.12     0.33
11   258.39   138.23    22.12     0.33
11    93.79    82.00    22.12     0.33
11    93.79    91.48    22.12     0.33
11   114.65    20.53    22.12     0.33
11   114.65    11.70    22.12     0.33
11   231.01    51.92    22.12     0.33
11   256.43    88.86    22.12     0.33
11   282.18   105.86    22.12     0.33
11   284.79   130.38    22.12     0.33
11   263.93   169.62    22.12     0.33
11   180.16   179.10    22.12     0.33
11   106.50    51.26    22.12     0.33
11   114.98   195.12    22.12     0.33
11   221.88     9.09    22.12     0.33
11   238.83    74.15    22.12     0.33
11   192.22   145.42    22.12     0.33
11    93.14   113.38    23.03     0.33
11    87.27   126.79    23.03     0.33
11   129.32    50.28    23.03     0.33
11   185.05    42.44    23.03     0.33
11   210.15   136.27    23.03     0.33
11   217.97   101.61    23.03     0.33
11   224.16    80.36    23.03     0.33
11   158.33    77.75    23.03     0.33
11    94.77   180.08    23.03     0.33
11   116.61    86.90    23.03     0.33
11   113.67   109.13    23.03     0.33
11   106.83   106.19    23.03     0.33
11   154.09   157.52    23.03     0.33
11   166.47   155.23    23.03     0.33
11   253.50   130.71    23.03     0.33
11   162.89   184.98    23.03     0.33
11   200.04   118.29    23.94     0.33
11   200.04   108.15    23.94     0.33
11   120.52   138.56    23.94     0.33
11   169.41    66.30    23.94     0.33
11   157.02    49.30    23.94     0.33
11   130.30    42.44    23.94     0.33
11   170.71     0.59    23.94     0.33
11   234.27    37.20    23.94     0.33
11   247.30    56.49    23.94     0.33
11   218.95    87.55    23.94     0.33
11   207.54    87.55    23.94     0.33
11   271.42   100.96    23.94     0.33
11   120.19   154.58    23.94     0.33
11   128.99   153.92    23.94     0.33
11   173.32   216.37    23.94     0.33
11   108.78    82.65    23.94     0.33
11   159.96    36.22    23.94     0.33
11   234.92    21.84    23.94     0.33
11   176.58   139.54    23.94     0.33
11   222.21   161.12    23.94     0.33
11   243.72   112.40    24.77     0.33
11   209.82   146.40    24.77     0.33
11   200.04   157.19    24.77     0.33
11   197.76   149.67    24.77     0.33
11   145.61   177.14    24.77     0.33
11   143.98   167.00    24.77     0.33
11   191.24   155.56    24.77     0.33
11   166.47   198.71    24.77     0.33
11    95.10    49.30    25.60     0.33
11   139.42     5.82    25.60     0.33
11   106.83   180.41    25.60     0.33
11    92.49   162.42    25.60     0.33
11    97.05   145.42    25.60     0.33
11   105.85   133.98    25.60     0.33
11   267.84    88.86    25.60     0.33
11   262.95    77.09    25.60     0.33
11   251.22    64.67    25.60     0.33
11   217.64    49.95    25.60     0.33
11   194.18    18.57    25.60     0.33
11   194.83   136.59    25.60     0.33
11   238.50   175.50    25.60     0.33
11   133.88   127.77    27.95     0.33
11   136.81   104.23    27.95     0.33
11   137.14   113.38    27.95     0.33
11   181.47    84.94    27.95     0.33
11   219.27    35.24    27.95     0.33
11   227.42    21.51    27.95     0.33
11   282.50    73.82    27.95     0.33
11   155.07   194.14    27.95     0.33
11   159.63   136.27    27.95     0.33
11   207.87   129.40    27.95     0.33
11   247.63   140.52    27.95     0.33
11   253.50   146.08    27.95     0.33
11   254.80   125.15    27.95     0.33
11   280.55   124.50    27.95     0.33
11   228.07    99.00    27.95     0.33
11   155.39   142.15    28.94     0.33
11   171.36   149.67    28.94     0.33
11   164.84   143.13    28.94     0.33
11   164.84   177.14    28.94     0.33
11   152.78   183.02    28.94     0.33
11   143.01   188.25    28.94     0.33
11   128.01   178.44    28.94     0.33
11   163.21   119.92    28.94     0.33
11   154.09   117.96    28.94     0.33
11   142.36    96.05    28.94     0.33
11   124.10   101.28    28.94     0.33
11   241.44   133.65    28.94     0.33
11    99.66   154.90    28.94     0.33
11   111.07   151.63    28.94     0.33
11   101.94    64.99    29.77     0.33
11   109.76    60.74    29.77     0.33
11    96.40    75.78    29.77     0.33
11   118.89    37.86    29.77     0.33
11   112.04    37.86    29.77     0.33
11   122.15    26.41    29.77     0.33
11   140.07    16.28    29.77     0.33
11   156.04    -3.66    29.77     0.33
11   158.98   101.94    29.77     0.33
11   138.12   146.73    29.77     0.33
11   119.54   176.48    29.77     0.33
11   115.63   183.67    29.77     0.33
11   107.48   190.21    29.77     0.33
11    86.30   193.16    29.77     0.33
11    87.92   150.65    29.77     0.33
11   139.42   196.75    29.77     0.33
11   138.77   180.41    29.77     0.33
11   187.33   181.71    29.77     0.33
11   215.04   161.77    29.77     0.33
11   234.59   161.44    29.77     0.33
11   223.51   169.62    29.77     0.33
11   254.47   105.86    29.77     0.33
11   250.89   154.58    29.77     0.33
11   205.91    -1.05    30.98     0.33
11   203.63    16.61    30.98     0.33
11   213.08    -4.32    30.98     0.33
11   182.77    18.57    30.98     0.33
11   178.53    10.39    30.98     0.33
11   175.27    19.22    30.98     0.33
11   167.13    38.51    30.98     0.33
11   164.19    25.43    30.98     0.33
11   177.56    26.41    30.98     0.33
11   170.39    84.61    30.98     0.33
11   199.72    96.05    30.98     0.33
11   187.33    96.38    30.98     0.33
11   180.16   102.27    30.98     0.33
11   209.82   115.02    30.98     0.33
11   218.62   109.13    30.98     0.33
11   223.51   115.02    30.98     0.33
11   219.27   122.86    30.98     0.33
11   186.03   125.15    30.98     0.33
11   185.70   138.56    30.98     0.33
11   161.58   127.11    30.98     0.33
11   187.66    53.88    30.98     0.33
11   143.66    63.36    30.98     0.33
11   118.89    65.98    30.98     0.33
11   113.35    71.86    30.98     0.33
11   133.23    89.52    30.98     0.33
11   132.90    57.15    30.98     0.33
11   120.19    49.95    30.98     0.33
11   163.87    11.70    30.98     0.33
11   178.53    -7.91    30.98     0.33
11   165.82   -12.49    30.98     0.33
11   191.57   190.87    30.98     0.33
11   178.53   186.94    30.98     0.33
11   202.33   178.44    30.98     0.33
11   189.94   176.48    30.98     0.33
11   212.76   192.83    30.98     0.33
11   145.29   113.38    30.98     0.33
11   114.98   132.02    30.98     0.33
11   181.79   130.71    30.98     0.33
11   232.31   126.13    30.98     0.33
11   187.99    80.69    30.98     0.33
11   104.22   143.79    30.98     0.33
11    98.35   128.42    30.98     0.33
11    82.38   144.11    30.98     0.33
11   147.57   203.95    30.98     0.33
11   156.70   205.25    30.98     0.33
11   182.12    62.05    30.98     0.33
11   177.23    47.67    30.98     0.33
11   161.58    63.03    30.98     0.33
11   154.74    60.09    30.98     0.33
11   203.96   171.58    31.97     0.33
11   182.44   118.29    31.97     0.33
11   134.53    73.17    31.97     0.33
11   212.76    12.68    31.97     0.33
11   217.97    25.11    31.97     0.33
11   154.09     8.11    31.97     0.33
11   191.24   -10.53    31.97     0.33
11   188.64    -1.70    31.97     0.33
11   239.16    64.01    31.97     0.33
11   241.11    47.99    31.97     0.33
11   194.50    69.57    31.97     0.33
11   142.03   137.25    31.97     0.33
11   120.52   121.88    31.97     0.33
11   107.48   121.56    31.97     0.33
11   165.50   168.64    31.97     0.33
11   186.03   208.20    31.97     0.33
11   207.54   194.14    31.97     0.33
11   274.03   160.79    31.97     0.33
11   280.55   140.52    31.97     0.33
11   288.05   112.73    31.97     0.33
11   215.36   144.11    31.97     0.33
11   232.96   110.77    31.97     0.33
11   211.13   101.61    31.97     0.33
11   158.98   150.65    31.97     0.33
11   157.35   167.00    31.97     0.33
11   157.67   177.14    31.97     0.33
11   161.91   192.50    31.97     0.33
11   178.21   198.39    31.97     0.33
11   203.30   165.37    31.97     0.33
11   209.50   154.58    31.97     0.33
11   160.28   113.71    31.97     0.33
11   196.46   211.47    31.97     0.33
11   204.93   213.10    31.97     0.33
11   216.99   208.20    31.97     0.33
11   224.49   209.50    31.97     0.33
11   160.28   220.62    31.97     0.33
11   155.07   214.41    31.97     0.33
11   133.88   200.02    31.97     0.33
11   132.58   191.19    31.97     0.33
11    83.04   173.87    31.97     0.33
11   203.63    30.01    32.88     0.33
11   196.46    29.03    32.88     0.33
11   197.44    47.01    32.88     0.33
11   206.24    48.32    32.88     0.33
11   215.36    66.96    32.88     0.33
11   209.50    73.17    32.88     0.33
11   223.84    73.17    32.88     0.33
11   218.62    76.76    32.88     0.33
11   179.51    36.88    32.88     0.33
11   156.37    21.18    32.88     0.33
11   141.05    33.61    32.88     0.33
11   136.16    28.05    32.88     0.33
11   140.40    53.88    32.88     0.33
11   136.49    63.69    32.88     0.33
11   128.99    64.67    32.88     0.33
11   139.42    46.69    32.88     0.33
11   146.27   127.44    32.88     0.33
11   141.05   153.92    32.88     0.33
11   149.20   152.94    32.88     0.33
11   138.12   160.79    32.88     0.33
11   128.34   142.15    32.88     0.33
11   123.78   148.04    32.88     0.33
11   181.79   109.79    32.88     0.33
11   187.01   104.23    32.88     0.33
11   175.60    88.86    32.88     0.33
11   264.58    69.90    32.88     0.33
11   259.69    65.32    32.88     0.33
11   187.99    29.03    32.88     0.33
11   192.87    39.49    32.88     0.33
11   203.96    41.13    32.88     0.33
11   213.73    44.07    32.88     0.33
11   226.12    44.40    32.88     0.33
11   212.10    58.13    32.88     0.33
11   148.87    95.07    32.88     0.33
11   158.33    90.50    32.88     0.33
11   139.10    83.96    32.88     0.33
11   127.69    79.38    32.88     0.33
11   103.90    94.42    32.88     0.33
11    78.15   115.67    32.88     0.33
11    78.80   124.17    32.88     0.33
11   250.56   170.60    32.88     0.33
11   132.90   213.10    32.88     0.33
11   276.31    66.96    32.88     0.33
11   277.94    83.96    32.88     0.33
11   167.78    31.65    32.88     0.33
11   167.45    18.57    32.88     0.33
11   152.13    31.32    32.88     0.33
11   170.71    96.38    33.86     0.33
11   186.68    88.53    33.86     0.33
11   197.76    90.82    33.86     0.33
11   196.79    80.36    33.86     0.33
11   229.70    64.01    33.86     0.33
11   239.48   102.59    33.86     0.33
11   269.79    82.00    33.86     0.33
11   211.13   121.23    33.86     0.33
11   200.37   142.15    33.86     0.33
11   204.28     6.80    33.86     0.33
11   196.79     3.86    33.86     0.33
11    83.69   161.44    33.86     0.33
11   221.88   178.44    33.86     0.33
11   111.72   174.19    33.86     0.33
11   170.06    77.42    33.86     0.33
11    78.80    97.69    33.86     0.33
11   105.85   162.42    33.86     0.33
11   101.29   172.56    33.86     0.33
11   188.96    10.39    33.86     0.33
11   152.46    71.86    33.86     0.33
11   239.48    28.05    36.21     0.33
11   258.06    44.72    36.21     0.33
11   265.56    53.22    36.21     0.33
11   249.59    34.92    36.21     0.33
11   245.02    89.84    36.21     0.33
11   236.55    87.55    36.21     0.33
11   231.01    74.80    36.21     0.33
11   227.42    93.77    36.21     0.33
11   259.04   101.61    36.21     0.33
11   276.64    94.42    36.21     0.33
11   276.64   119.92    36.21     0.33
11   273.05   114.36    36.21     0.33
11   265.23   111.42    36.21     0.33
11   260.34   120.25    36.21     0.33
11   261.97   129.40    36.21     0.33
11   273.05   133.98    36.21     0.33
11   240.46   144.77    36.21     0.33
11   266.53   161.12    36.21     0.33
11   253.17   163.73    36.21     0.33
11   258.71   154.90    36.21     0.33
11   279.90   148.36    36.21     0.33
11   198.09   170.92    36.21     0.33
11   191.90   168.64    36.21     0.33
11   177.56   162.10    36.21     0.33
11   247.63    84.28    36.21     0.33
11   213.73   181.71    36.21     0.33
11   246.33   182.37    36.21     0.33
11   200.37   200.35    36.21     0.33
11   187.01   197.73    36.21     0.33
11   231.01   198.71    36.21     0.33
11   219.93   196.75    36.21     0.33
11   230.36   169.29    36.21     0.33
11   184.40   161.12    36.21     0.33
11   195.81   129.73    36.21     0.33
11   192.22   124.82    36.21     0.33
11   121.50   185.96    36.21     0.33
11   124.10   199.37    36.21     0.33
11   151.16   109.13    36.21     0.33
11   169.73    55.19    36.21     0.33
11   248.61    75.78    36.21     0.33
11   243.39   121.88    36.21     0.33
11   168.76   108.48    36.21     0.33
11   182.44   150.33    36.21     0.33
11   229.70   188.25    36.21     0.33
11   230.68   152.94    37.95     0.33
11   262.62   169.94    37.95     0.33
11   260.99   179.10    37.95     0.33
11   272.40   170.60    37.95     0.33
11   226.77   141.83    37.95     0.33
11   233.62   133.33    37.95     0.33
11   180.16   177.46    37.95     0.33
11   118.24   167.00    37.95     0.33
11   121.82   210.81    37.95     0.33
11   107.48   200.68    37.95     0.33
11   105.52   214.08    37.95     0.33
11    76.84   188.25    37.95     0.33
11   104.55   110.77    37.95     0.33
11    97.38   112.40    37.95     0.33
11    94.12   121.88    37.95     0.33
11    95.10    92.13    37.95     0.33
11    89.23   106.84    37.95     0.33
11    95.10    86.57    37.95     0.33
11   121.17    78.73    37.95     0.33
11   169.73    48.32    37.95     0.33
11   181.79    70.23    37.95     0.33
11   231.66    56.17    37.95     0.33
11   257.41    94.09    37.95     0.33
11   259.04    85.92    37.95     0.33
11   281.20   108.48    37.95     0.33
11   259.04    71.53    37.95     0.33
11   208.19    20.53    37.95     0.33
11   227.42    11.70    37.95     0.33
11   230.03     3.86    37.95     0.33
11   212.76    80.36    37.95     0.33
11   261.32   135.61    37.95     0.33
11   260.67   141.17    37.95     0.33
11   266.53   148.69    37.95     0.33
11   269.14   142.15    37.95     0.33
11   152.78    84.28    37.95     0.33
11   163.21    75.46    37.95     0.33
11   110.74    50.94    37.95     0.33
11    97.38    55.51    37.95     0.33
11    91.51    64.01    37.95     0.33
11    83.36    62.05    37.95     0.33
11   121.50    10.72    37.95     0.33
11   115.95    16.93    37.95     0.33
11   133.55     9.41    37.95     0.33
11   151.81   -10.20    37.95     0.33
11   150.18     1.89    37.95     0.33
11   173.64   -13.15    37.95     0.33
11   162.56    -3.99    37.95     0.33
11   171.36     8.76    37.95     0.33
11   127.04    93.77    37.95     0.33
11   141.70   120.90    37.95     0.33
11   171.69   166.02    37.95     0.33
11   146.27   184.00    37.95     0.33
11   147.24   196.43    37.95     0.33
11   164.84   203.29    37.95     0.33
11   172.01   206.56    37.95     0.33
11   148.55   218.00    37.95     0.33
11   136.81   205.91    37.95     0.33
11   111.72   210.81    37.95     0.33
11   190.92    61.40    37.95     0.33
11   239.48    72.19    37.95     0.33
11   249.59    98.02    37.95     0.33
11   115.95   142.81    37.95     0.33
11   220.58   132.34    37.95     0.33
11   255.45   116.00    37.95     0.33
11   241.11   158.17    37.95     0.33
11   201.02   185.96    37.95     0.33
11   150.83    46.03    37.95     0.33
11   146.59   160.46    37.95     0.33
11   133.23   166.35    37.95     0.33
11   206.24   135.94    38.94     0.33
11   216.34   102.92    39.77     0.33
11   220.90    85.26    39.77     0.33
11   216.34    93.44    39.77     0.33
11   174.95   133.98    39.77     0.33
11   173.64   139.86    39.77     0.33
11   220.25   159.15    39.77     0.33
11   219.27   150.33    39.77     0.33
11   196.46   219.64    39.77     0.33
11   187.33   219.31    39.77     0.33
11   173.97   218.66    39.77     0.33
11   114.98   110.44    39.77     0.33
11   115.63    88.86    39.77     0.33
11   108.78    79.71    39.77     0.33
11   129.32    51.26    39.77     0.33
11   170.06    64.34    39.77     0.33
11   232.96    35.24    39.77     0.33
11   262.62    60.09    39.77     0.33
11   151.81    53.55    39.77     0.33
11   130.62    41.13    39.77     0.33
11   173.32   123.52    39.77     0.33
11   175.93   115.02    39.77     0.33
11   201.02   110.44    39.77     0.33
11   268.16   101.94    39.77     0.33
11   291.96   123.52    39.77     0.33
11   285.44   131.69    39.77     0.33
11   234.27   204.60    39.77     0.33
11   180.49   169.29    39.77     0.33
11   125.08   156.21    39.77     0.33
11   187.99    46.36    39.77     0.33
11   142.03    69.57    39.77     0.33
11   120.84   136.59    39.77     0.33
11    94.12   178.77    39.77     0.33
11   125.08   192.83    39.77     0.33
11   251.22   131.36    39.77     0.33
11   230.36    27.07    39.77     0.33
11    97.05    33.93    39.77     0.33
11   159.63   158.17    39.77     0.33
11   120.84    85.59    39.77     0.33
11   135.18   112.73    43.56     0.33
11   137.14   104.23    43.56     0.33
11   138.12   128.42    43.56     0.33
11   130.30   128.75    43.56     0.33
11   101.61   139.21    43.56     0.33
11   197.44   152.94    43.56     0.33
11   238.50   175.50    43.56     0.33
11   143.01   168.64    43.56     0.33
11   109.11   181.39    43.56     0.33
11   100.64   183.02    43.56     0.33
11    92.49    47.99    43.56     0.33
11   101.94    50.61    43.56     0.33
11   217.64    35.24    43.56     0.33
11   227.10    22.16    43.56     0.33
11   265.23    77.42    43.56     0.33
11   226.12   105.21    43.56     0.33
11   253.82   144.77    43.56     0.33
11    98.03   146.08    43.56     0.33
11    91.84   163.40    43.56     0.33
11   164.84   179.75    44.47     0.33
11   192.22   101.61    44.47     0.33
11   122.80   102.27    44.47     0.33
11   142.03    95.73    44.47     0.33
11   164.19   136.27    44.47     0.33
11   155.39   140.52    44.47     0.33
11   171.69   148.36    44.47     0.33
11   123.78   178.44    45.30     0.33
11   130.62   181.71    45.30     0.33
11   187.99   183.67    45.30     0.33
11   194.50   195.44    45.30     0.33
11   219.60   172.56    45.30     0.33
11   215.36   163.73    45.30     0.33
11   231.01   162.42    45.30     0.33
11   249.59   156.87    45.30     0.33
11   248.28   151.31    45.30     0.33
11   240.79   137.25    45.30     0.33
11   257.41   125.15    45.30     0.33
11   229.38    81.67    45.30     0.33
11   233.62   103.90    45.30     0.33
11   209.50   147.06    45.30     0.33
11   222.21    58.46    45.30     0.33
11   221.56    67.94    45.30     0.33
11   138.77    20.53    45.30     0.33
11   129.97    27.72    45.30     0.33
11   122.47    25.11    45.30     0.33
11   119.54    29.68    45.30     0.33
11   114.33    35.24    45.30     0.33
11   112.04    41.13    45.30     0.33
11   110.41    59.76    45.30     0.33
11   141.05    11.05    45.30     0.33
11   217.64    48.97    45.30     0.33
11   243.72    58.78    45.30     0.33
11    92.49    78.40    45.30     0.33
11    98.03    83.63    45.30     0.33
11   193.85   144.77    45.30     0.33
11   115.30   151.96    45.30     0.33
11    99.66   157.52    45.30     0.33
11    90.86   150.33    45.30     0.33
11   104.22   191.52    45.30     0.33
11    84.01   194.14    45.30     0.33
11   162.56   101.94    45.30     0.33
11   156.70   102.59    45.30     0.33
11   148.55   104.23    45.30     0.33
11   161.58   120.90    45.30     0.33
11   153.76   131.69    45.30     0.33
11   178.86   190.87    46.21     0.33
11   177.56   184.98    46.21     0.33
11   207.22   179.75    46.21     0.33
11   183.10   137.90    46.21     0.33
11   183.10   132.02    46.21     0.33
11   182.44   126.79    46.21     0.33
11   185.38    99.32    46.21     0.33
11   187.99    81.67    46.21     0.33
11   181.47    84.28    46.21     0.33
11   172.67    83.96    46.21     0.33
11   200.70    95.40    46.21     0.33
11   222.53   117.63    46.21     0.33
11   214.06   111.09    46.21     0.33
11   192.87   137.90    46.21     0.33
11   115.30   132.67    46.21     0.33
11   103.57   132.02    46.21     0.33
11    88.90   139.21    46.21     0.33
11    87.27   133.00    46.21     0.33
11    80.43   147.06    46.21     0.33
11   183.10    18.24    46.21     0.33
11   173.64    19.22    46.21     0.33
11   177.88    10.39    46.21     0.33
11   214.71    -1.38    46.21     0.33
11   200.70    -1.38    46.21     0.33
11   181.47    -6.28    46.21     0.33
11   165.50   -11.84    46.21     0.33
11   155.72    -3.99    46.21     0.33
11   164.52    38.18    46.21     0.33
11   176.25    28.70    46.21     0.33
11   172.34    38.51    46.21     0.33
11   117.26    52.24    46.21     0.33
11   117.91    64.67    46.21     0.33
11   114.00    70.88    46.21     0.33
11   132.58    57.47    46.21     0.33
11   158.33    64.01    46.21     0.33
11   149.53    61.40    46.21     0.33
11   187.99   156.87    46.21     0.33
11   171.04   157.52    46.21     0.33
11   157.67   199.04    46.21     0.33
11   154.09   206.56    46.21     0.33
11   162.89   214.08    46.21     0.33
11   170.71   213.10    46.21     0.33
11   147.90   207.21    46.21     0.33
11   182.77    55.19    46.21     0.33
11   189.29    54.53    46.21     0.33
11   199.39    85.59    46.21     0.33
11   222.53   124.82    46.21     0.33
11   165.50    24.45    46.21     0.33
11   213.08    16.93    47.12     0.33
11   219.27    26.74    47.12     0.33
11   226.12    36.55    47.12     0.33
11   164.19    13.34    47.12     0.33
11   155.07    11.38    47.12     0.33
11   131.27    74.80    47.12     0.33
11   107.81   102.92    47.12     0.33
11    86.30   101.61    47.12     0.33
11   156.37   149.02    47.12     0.33
11   155.07   168.64    47.12     0.33
11   166.47   168.31    47.12     0.33
11   207.22   168.96    47.12     0.33
11   201.02   166.35    47.12     0.33
11   193.20   164.06    47.12     0.33
11   192.22   178.44    47.12     0.33
11   185.70   178.12    47.12     0.33
11   160.93   189.89    47.12     0.33
11   176.90   200.68    47.12     0.33
11   184.40   201.98    47.12     0.33
11   190.27   209.18    47.12     0.33
11   204.61   213.75    47.12     0.33
11   210.15   197.73    47.12     0.33
11   209.50   191.19    47.12     0.33
11   222.21   208.85    47.12     0.33
11   136.16   147.71    47.12     0.33
11   135.51   192.18    47.12     0.33
11   124.43   170.92    47.12     0.33
11   115.95   186.62    47.12     0.33
11   103.57   151.96    47.12     0.33
11   110.41    94.75    47.12     0.33
11   123.45    56.17    47.12     0.33
11   254.15    59.76    47.12     0.33
11   267.19    86.90    47.12     0.33
11   266.86    93.77    47.12     0.33
11   270.45   126.79    47.12     0.33
11   279.25   102.27    47.12     0.33
11   279.57   142.48    47.12     0.33
11   278.59   134.31    47.12     0.33
11   282.50   121.88    47.12     0.33
11   287.39   112.40    47.12     0.33
11   184.40   120.25    47.12     0.33
11   251.22    53.55    47.12     0.33
11   239.81    49.30    47.12     0.33
11   243.72    40.80    47.12     0.33
11   249.91    46.69    47.12     0.33
11   249.26    67.28    47.12     0.33
11   204.61    81.34    47.12     0.33
11   186.36    66.30    47.12     0.33
11   206.24    62.05    47.12     0.33
11   199.72    54.86    47.12     0.33
11   195.81    68.59    47.12     0.33
11   237.20   113.38    47.12     0.33
11   246.98   112.73    47.12     0.33
11   231.99   122.54    47.12     0.33
11   216.02   141.17    47.12     0.33
11   146.59    79.71    47.12     0.33
11   100.96    70.23    47.12     0.33
11   123.13   120.25    47.12     0.33
11   114.33   123.84    47.12     0.33
11   144.31   145.10    47.12     0.33
11   143.66   137.25    47.12     0.33
11   138.77   176.81    47.12     0.33
11   129.97    63.36    50.53     0.33
11   139.75    64.34    50.53     0.33
11   203.30    29.03    50.53     0.33
11   205.26    34.26    50.53     0.33
11   196.46    44.40    50.53     0.33
11   202.98    47.99    50.53     0.33
11   216.99    70.23    50.53     0.33
11   223.84    74.15    50.53     0.33
11   219.27    79.05    50.53     0.33
11   241.11    99.00    50.53     0.33
11   209.50   116.65    50.53     0.33
11   215.69   119.92    50.53     0.33
11   211.78   132.34    50.53     0.33
11   259.69   109.46    50.53     0.33
11   189.61    13.66    50.53     0.33
11   204.93    10.72    50.53     0.33
11   214.39     9.74    50.53     0.33
11   159.63    20.53    50.53     0.33
11   155.72    31.32    50.53     0.33
11   150.18    39.17    50.53     0.33
11   144.96    45.70    50.53     0.33
11   168.76    30.99    50.53     0.33
11   148.55    95.40    50.53     0.33
11   184.40    93.77    50.53     0.33
11   206.24   129.08    50.53     0.33
11   202.00   139.54    50.53     0.33
11   134.86   155.23    50.53     0.33
11   127.04   142.48    50.53     0.33
11   122.80   146.40    50.53     0.33
11   168.10    95.07    50.53     0.33
11   179.51   105.54    50.53     0.33
11   160.61   114.36    50.53     0.33
11   160.93   129.08    50.53     0.33
11   113.02   176.16    50.53     0.33
11    87.60   158.17    50.53     0.33
11   151.16   191.19    50.53     0.33
11   219.60   180.41    50.53     0.33
11   247.96   140.19    50.53     0.33
11   230.03   182.04    50.53     0.33
11   242.74   188.91    50.53     0.33
11   186.68    26.74    50.53     0.33
11   192.55    39.49    50.53     0.33
11   213.41    43.74    50.53     0.33
11   210.47    52.24    50.53     0.33
11   232.31    66.96    50.53     0.33
11   162.24    54.21    50.53     0.33
11   137.79    35.24    50.53     0.33
11   141.38    32.30    50.53     0.33
11   191.24     7.78    50.53     0.33
11   262.95    67.28    50.53     0.33
11   205.59   159.48    50.53     0.33
11   139.10    86.57    50.53     0.33
11   156.37    79.71    50.53     0.33
11   141.70   154.58    50.53     0.33
11   153.11   160.79    50.53     0.33
11   187.66   113.05    50.53     0.33
11   196.46   119.59    50.53     0.33
11   248.28   171.90    50.53     0.33
11   103.90   171.25    50.53     0.33
11    84.34   170.60    50.53     0.33
11   137.47   199.37    50.53     0.33
11   224.82    94.75    52.57     0.33
11   231.01    87.88    52.57     0.33
11   238.50    86.90    52.57     0.33
11   245.35    87.55    52.57     0.33
11   242.09    78.40    52.57     0.33
11   254.80    79.38    52.57     0.33
11   273.38    90.50    52.57     0.33
11   276.31    79.05    52.57     0.33
11   258.39    48.32    52.57     0.33
11   237.85    27.40    52.57     0.33
11   198.41   132.02    52.57     0.33
11   192.55   126.79    52.57     0.33
11   259.69   156.21    52.57     0.33
11   268.82   160.46    52.57     0.33
11   227.75   169.62    52.57     0.33
11   218.95   196.10    52.57     0.33
11   228.40   197.73    52.57     0.33
11   231.33   189.89    52.57     0.33
11   246.65   182.37    52.57     0.33
11   202.33   201.33    52.57     0.33
11   172.99   195.12    52.57     0.33
11   275.01   122.21    52.57     0.33
11   270.12   112.73    52.57     0.33
11   173.97    67.61    52.57     0.33
11   173.32    56.82    52.57     0.33
11   124.10    71.53    52.57     0.33
11   105.20    88.53    52.57     0.33
11    95.10   132.34    52.57     0.33
11   117.26   159.81    52.57     0.33
11   107.81   164.71    52.57     0.33
11    88.58   187.27    52.57     0.33
11   161.58   220.29    52.57     0.33
11   161.58   230.10    52.57     0.33
11   171.04   227.16    52.57     0.33
11   179.51   155.56    52.57     0.33
11   178.53   162.10    52.57     0.33
11   200.70   172.23    52.57     0.33
11   206.24   105.21    52.57     0.33
11   209.82    89.19    52.57     0.33
11   260.34   101.61    52.57     0.33
11   262.30   121.88    52.57     0.33
11   151.16   108.48    52.57     0.33
11   152.13   117.63    52.57     0.33
11    77.49   106.84    52.57     0.33
11   106.18   127.44    52.57     0.33
11   101.94   125.15    52.57     0.33
11   258.71    91.15    54.31     0.33
11   252.52    97.03    54.31     0.33
11   259.69   132.02    54.31     0.33
11   263.28   137.58    54.31     0.33
11   271.10   142.81    54.31     0.33
11   271.42   150.00    54.31     0.33
11   236.55   159.81    54.31     0.33
11   230.68   147.71    54.31     0.33
11   223.84   144.44    54.31     0.33
11   231.99   133.00    54.31     0.33
11   237.20   142.48    54.31     0.33
11   250.89   166.02    54.31     0.33
11   263.60   169.29    54.31     0.33
11   262.30   179.10    54.31     0.33
11   213.73    77.75    54.31     0.33
11   230.36    77.09    54.31     0.33
11   233.94    54.21    54.31     0.33
11   194.18    60.74    54.31     0.33
11   173.97    45.38    54.31     0.33
11   165.17    46.03    54.31     0.33
11   140.07   121.88    54.31     0.33
11   116.28   143.13    54.31     0.33
11    92.49   123.84    54.31     0.33
11   100.96   111.42    54.31     0.33
11    89.88   107.50    54.31     0.33
11    85.64   114.04    54.31     0.33
11    97.05    92.13    54.31     0.33
11    88.25    86.57    54.31     0.33
11    87.60    67.28    54.31     0.33
11    82.38    62.05    54.31     0.33
11   108.78    49.63    54.31     0.33
11   118.56    41.78    54.31     0.33
11   205.26    21.84    54.31     0.33
11   198.74    25.76    54.31     0.33
11   180.16   178.77    54.31     0.33
11   187.99   197.41    54.31     0.33
11   243.72   128.42    54.31     0.33
11   237.53   128.42    54.31     0.33
11   143.66   183.35    54.31     0.33
11   145.29   197.08    54.31     0.33
11   163.87   204.93    54.31     0.33
11   144.31   159.81    54.31     0.33
11   148.55   217.68    54.31     0.33
11   134.53   211.47    54.31     0.33
11   120.19   210.48    54.31     0.33
11   106.83   212.77    54.31     0.33
11   109.11   195.12    54.31     0.33
11   110.41   204.27    54.31     0.33
11   118.56   218.66    54.31     0.33
11   102.27   205.58    54.31     0.33
11    80.43   186.94    54.31     0.33
11    73.58   182.37    54.31     0.33
11    75.54   191.85    54.31     0.33
11   125.08   202.31    54.31     0.33
11   149.20   228.47    54.31     0.33
11   131.93   166.35    54.31     0.33
11   229.38    10.72    54.31     0.33
11   229.05     3.20    54.31     0.33
11   162.89    -1.05    54.31     0.33
11   174.95   -10.20    54.31     0.33
11   172.99     3.86    54.31     0.33
11   130.30    18.90    54.31     0.33
11   128.67    11.38    54.31     0.33
11   118.56    18.24    54.31     0.33
11   276.96   108.15    54.31     0.33
11   280.55   113.71    54.31     0.33
11   177.56    32.95    54.31     0.33
11   164.19    74.48    54.31     0.33
11   128.01    90.82    54.31     0.33
11   198.09   185.31    54.31     0.33
11   223.19   159.15    59.24     0.33
11   217.64   151.31    59.24     0.33
11   200.04   150.33    59.24     0.33
11   223.51   107.17    59.24     0.33
11   219.93   102.27    59.24     0.33
11   227.42   100.30    59.24     0.33
11   224.49    87.55    59.24     0.33
11   267.19    80.03    59.24     0.33
11   259.69    75.78    59.24     0.33
11   253.50   146.40    59.24     0.33
11   252.85   134.96    59.24     0.33
11   172.99   122.21    59.24     0.33
11   175.93   112.73    59.24     0.33
11   171.04   139.21    59.24     0.33
11   158.65   156.87    59.24     0.33
11   186.03   165.04    59.24     0.33
11   180.81   170.92    59.24     0.33
11   127.36   189.56    59.24     0.33
11   125.41   194.79    59.24     0.33
11   199.72   220.95    59.24     0.33
11   191.90   222.25    59.24     0.33
11   178.86   210.16    59.24     0.33
11   167.78   199.37    59.24     0.33
11   146.27   170.27    59.24     0.33
11   149.85   156.21    59.24     0.33
11   131.93   137.25    59.24     0.33
11   131.60   127.77    59.24     0.33
11   120.19   136.92    59.24     0.33
11   104.87   140.19    59.24     0.33
11    98.35   149.35    59.24     0.33
11    90.53   164.06    59.24     0.33
11    99.66   181.71    59.24     0.33
11   107.15   183.02    59.24     0.33
11   134.86   110.77    59.24     0.33
11   138.77   103.25    59.24     0.33
11   115.30   112.73    59.24     0.33
11   133.23    50.28    59.24     0.33
11   118.56    82.65    59.24     0.33
11   115.63    90.82    59.24     0.33
11   106.50    82.98    59.24     0.33
11   232.31    30.01    59.24     0.33
11   228.07    20.20    59.24     0.33
11   191.90    95.07    59.24     0.33
11   168.43   149.02    60.22     0.33
11   164.19   179.10    60.22     0.33
11   172.67   178.12    60.22     0.33
11   157.02   139.21    60.22     0.33
11   165.17   135.94    60.22     0.33
11   191.90   103.25    60.22     0.33
11   140.73    97.03    60.22     0.33
11   122.80   156.21    60.22     0.33
11   100.96    51.26    60.22     0.33
11   123.78   102.59    60.22     0.33
11   184.73    47.34    60.22     0.33
11   242.09   176.48    60.22     0.33
11   239.16   170.60    60.22     0.33
11   222.86   203.62    60.22     0.33
11   149.85   179.10    60.22     0.33
11   189.61   149.02    60.22     0.33
11   124.75   165.04    60.22     0.33
11   164.52    90.17    60.22     0.33
11   152.78    90.50    60.22     0.33
11   151.48    70.88    60.22     0.33
11   128.01    82.98    60.22     0.33
11   231.01    44.72    60.22     0.33
11   240.79    70.23    60.22     0.33
11   247.30   123.52    60.22     0.33
11   257.73   117.31    60.22     0.33
11   239.48   151.31    60.22     0.33
11   219.93    62.38    61.21     0.33
11   225.79    58.46    61.21     0.33
11   242.74    61.72    61.21     0.33
11   231.01   108.48    61.21     0.33
11   210.15   148.69    61.21     0.33
11   222.86   165.69    61.21     0.33
11   213.41   162.42    61.21     0.33
11   129.32   181.71    61.21     0.33
11   122.15   183.02    61.21     0.33
11   100.31   158.17    61.21     0.33
11   218.62   171.90    61.21     0.33
11   248.28   149.67    61.21     0.33
11   249.26   156.87    61.21     0.33
11   218.95    93.77    61.21     0.33
11   215.04    99.00    61.21     0.33
11   129.97    30.01    61.21     0.33
11   137.47    19.22    61.21     0.33
11   160.61   121.88    61.21     0.33
11   172.99    20.53    62.19     0.33
11   177.88    11.05    62.19     0.33
11   156.37    10.07    62.19     0.33
11   167.45    10.39    62.19     0.33
11   163.21    29.03    62.19     0.33
11   183.10    23.80    62.19     0.33
11   214.06    17.26    62.19     0.33
11   217.64    26.09    62.19     0.33
11   227.42    36.22    62.19     0.33
11   212.76    34.92    62.19     0.33
11   210.47    29.03    62.19     0.33
11   198.74     3.20    62.19     0.33
11   211.78     1.89    62.19     0.33
11   186.68     2.55    62.19     0.33
11   173.32    -3.01    62.19     0.33
11   157.67    -4.64    62.19     0.33
11   153.76    57.47    62.19     0.33
11   156.04    64.34    62.19     0.33
11   132.58    56.82    62.19     0.33
11   119.21    54.86    62.19     0.33
11   114.65    72.84    62.19     0.33
11   132.25    75.78    62.19     0.33
11   173.32    82.65    62.19     0.33
11   189.29    83.30    62.19     0.33
11   196.13    69.24    62.19     0.33
11   188.96    65.32    62.19     0.33
11   186.68    56.17    62.19     0.33
11   267.51    98.34    62.19     0.33
11   268.16   128.09    62.19     0.33
11   215.36   109.46    62.19     0.33
11   202.98    96.05    62.19     0.33
11   199.39   102.92    62.19     0.33
11   202.98    83.96    62.19     0.33
11   183.42   123.19    62.19     0.33
11   180.81   128.75    62.19     0.33
11   193.20   143.13    62.19     0.33
11   205.59   134.63    62.19     0.33
11   221.56   134.96    62.19     0.33
11   214.39   139.86    62.19     0.33
11   224.82   121.23    62.19     0.33
11   156.37   147.38    62.19     0.33
11   171.69   154.90    62.19     0.33
11   196.13   166.02    62.19     0.33
11   187.33   177.14    62.19     0.33
11   207.87   181.39    62.19     0.33
11   206.24   197.41    62.19     0.33
11   195.16   194.79    62.19     0.33
11   209.82   194.79    62.19     0.33
11   182.44   185.64    62.19     0.33
11   179.84   198.39    62.19     0.33
11   162.89   193.48    62.19     0.33
11   157.35   198.71    62.19     0.33
11   164.84   166.67    62.19     0.33
11   123.13   173.87    62.19     0.33
11   132.90   174.52    62.19     0.33
11   114.65   183.67    62.19     0.33
11    93.47   143.46    62.19     0.33
11    87.60   146.40    62.19     0.33
11    87.27   135.29    62.19     0.33
11   126.38   119.27    62.19     0.33
11   111.72    96.71    62.19     0.33
11    87.27    99.98    62.19     0.33
11   115.95    63.36    62.19     0.33
11   200.04    57.47    62.19     0.33
11   210.15    59.44    62.19     0.33
11   201.67    75.78    62.19     0.33
11   182.44   140.19    62.19     0.33
11   191.57   134.96    62.19     0.33
11   281.85   132.02    62.19     0.33
11   286.74   121.88    62.19     0.33
11   231.33   164.71    62.19     0.33
11   163.21   212.12    62.19     0.33
11   202.65   211.14    62.19     0.33
11   196.46   179.10    62.19     0.33
11   126.71   130.38    62.19     0.33
11   119.54   128.75    62.19     0.33
11   164.19    63.69    62.19     0.33
11   124.43    62.05    62.19     0.33
11    78.80   148.04    62.19     0.33
11    81.08   140.19    62.19     0.33
11   255.45    59.11    62.19     0.33
11   247.63   102.59    62.19     0.33
11   264.90    87.55    62.19     0.33
11   252.52    87.88    62.19     0.33
11   248.93    77.09    62.19     0.33
11   185.38   102.27    62.19     0.33
11   237.53   105.86    62.19     0.33
11   249.26   112.07    62.19     0.33
11   234.92   119.27    62.19     0.33
11   145.61   132.34    62.19     0.33
11   142.68   143.79    62.19     0.33
11   132.58   148.69    62.19     0.33
11   246.00    50.94    62.19     0.33
11   241.44    39.17    62.19     0.33
11   147.90   205.91    62.19     0.33
11   216.34    47.67    66.66     0.33
11   221.56    75.78    66.66     0.33
11   194.50    44.40    66.66     0.33
11   134.86    66.30    66.66     0.33
11   142.36    66.96    66.66     0.33
11   149.20    78.07    66.66     0.33
11   216.67   123.19    66.66     0.33
11   157.67   129.08    66.66     0.33
11   206.24   127.44    66.66     0.33
11   213.41   116.65    66.66     0.33
11   260.34   110.44    66.66     0.33
11   220.58   181.39    66.66     0.33
11   152.46   188.91    66.66     0.33
11   138.77   201.66    66.66     0.33
11   136.16   155.56    66.66     0.33
11   151.16   145.75    66.66     0.33
11   139.75   160.46    66.66     0.33
11   147.57    47.99    66.66     0.33
11   167.13    34.59    66.66     0.33
11   191.90    20.20    66.66     0.33
11   202.98    11.38    66.66     0.33
11   160.93    54.53    66.66     0.33
11   210.80    53.55    66.66     0.33
11   181.79    94.42    66.66     0.33
11   178.86   101.28    66.66     0.33
11   161.91   115.02    66.66     0.33
11   115.30   152.94    66.66     0.33
11   105.52   172.89    66.66     0.33
11   112.04   178.77    66.66     0.33
11   186.68    90.17    66.66     0.33
11   149.85    30.99    67.49     0.33
11   139.10    50.28    67.49     0.33
11   143.66    59.44    67.49     0.33
11   147.24    13.99    67.49     0.33
11   139.42    32.95    67.49     0.33
11   142.03    42.11    67.49     0.33
11   200.04    37.20    67.49     0.33
11   204.28    48.32    67.49     0.33
11   232.31    67.61    67.49     0.33
11   209.82    69.57    67.49     0.33
11   186.03    74.15    67.49     0.33
11   172.01    95.73    67.49     0.33
11   145.61    86.25    67.49     0.33
11   139.10    89.52    67.49     0.33
11   202.65   159.48    67.49     0.33
11   156.70   170.92    67.49     0.33
11    90.21   156.21    67.49     0.33
11    83.69   164.39    67.49     0.33
11    75.87   164.06    67.49     0.33
11   144.96    99.98    67.49     0.33
11   149.53    98.02    67.49     0.33
11   200.37   120.57    67.49     0.33
11   200.70   142.15    69.24     0.33
11   241.11    89.19    69.24     0.33
11   230.68    89.19    69.24     0.33
11   209.82    89.52    69.24     0.33
11   194.18   128.75    70.14     0.33
11   238.83   130.71    70.14     0.33
11   232.31   137.58    70.14     0.33
11   245.02   142.81    70.14     0.33
11   260.67   138.56    70.14     0.33
11   262.62   123.84    70.14     0.33
11   261.32   150.33    70.14     0.33
11   260.02   157.52    70.14     0.33
11   254.80   162.75    70.14     0.33
11   246.65   169.29    70.14     0.33
11   247.30   176.81    70.14     0.33
11   239.81   159.81    70.14     0.33
11   234.27   154.90    70.14     0.33
11   267.19   163.73    70.14     0.33
11   272.08   152.94    70.14     0.33
11   277.29   108.48    70.14     0.33
11   271.10   116.65    70.14     0.33
11   261.65   105.21    70.14     0.33
11   256.43    98.34    70.14     0.33
11   247.30    96.38    70.14     0.33
11   141.70   123.52    70.14     0.33
11   117.26   143.46    70.14     0.33
11   116.61   159.81    70.14     0.33
11   106.83   164.71    70.14     0.33
11    90.21   186.29    70.14     0.33
11    79.78   189.56    70.14     0.33
11   113.35   192.50    70.14     0.33
11   119.54   212.77    70.14     0.33
11   137.14   211.79    70.14     0.33
11   148.22   218.00    70.14     0.33
11   156.37   221.93    70.14     0.33
11   169.73   223.24    70.14     0.33
11   171.04   227.81    70.14     0.33
11   156.04   230.75    70.14     0.33
11   148.22   229.12    70.14     0.33
11   140.07   228.79    70.14     0.33
11   133.23   227.81    70.14     0.33
11   207.22   103.25    70.14     0.33
11   116.93   123.84    70.14     0.33
11   103.24   132.67    70.14     0.33
11    94.77   130.06    70.14     0.33
11   101.94   111.42    70.14     0.33
11   175.93    50.94    70.14     0.33
11   173.97    42.44    70.14     0.33
11   176.58    30.67    70.14     0.33
11   173.64    67.94    70.14     0.33
11   157.67    79.38    70.14     0.33
11   232.96    78.40    70.14     0.33
11   223.51   143.79    70.14     0.33
11   178.53   153.27    70.14     0.33
11   219.93   196.10    70.14     0.33
11   214.39   201.98    70.14     0.33
11   194.50   208.85    70.14     0.33
11   189.61   197.41    70.14     0.33
11   162.89   205.91    70.14     0.33
11   141.38   192.83    70.14     0.33
11   163.54    72.84    70.14     0.33
11   240.79    82.32    70.14     0.33
11   192.87    58.78    70.14     0.33
11   205.26    24.45    70.14     0.33
11   216.67     7.45    70.14     0.33
11   226.77    10.07    70.14     0.33
11   163.87    17.26    70.14     0.33
11   121.17    42.44    70.14     0.33
11   111.07    47.01    70.14     0.33
11    93.14    91.80    70.14     0.33
11   102.92    89.84    70.14     0.33
11   133.23   166.02    70.14     0.33
11   148.87   165.37    70.14     0.33
11   153.11   107.82    70.14     0.33
11   153.76   114.69    70.14     0.33
11   124.75    73.49    70.14     0.33
11   205.91   172.23    70.14     0.33
11   192.55   188.91    70.14     0.33
11   172.99   189.89    70.14     0.33
11   136.16   180.73    70.14     0.33
11   104.87   125.48    70.14     0.33
11   140.73    78.73    70.14     0.33
11   100.96   193.81    70.14     0.33
11   109.44   212.77    70.14     0.33
11   198.74   111.09    70.14     0.33
11   189.61    30.67    70.14     0.33
11   229.38   179.42    70.14     0.33
11   230.36   193.16    70.14     0.33
11    93.14    83.30    70.14     0.33
11   228.40    30.01    74.99     0.33
11   227.42    16.93    74.99     0.33
11   194.18    95.07    74.99     0.33
11   178.86   113.05    74.99     0.33
11   166.15   125.48    74.99     0.33
11   171.04   137.58    74.99     0.33
11   148.87   158.17    74.99     0.33
11   173.97   172.56    74.99     0.33
11   187.01   162.10    74.99     0.33
11   190.27   170.27    74.99     0.33
11   222.21   158.17    74.99     0.33
11   216.34   152.29    74.99     0.33
11   224.82   105.86    74.99     0.33
11   226.44    96.05    74.99     0.33
11   255.45   131.69    74.99     0.33
11   251.54   135.61    74.99     0.33
11   252.85   143.79    74.99     0.33
11   198.74   150.65    74.99     0.33
11   170.06   196.75    74.99     0.33
11   126.38   187.93    74.99     0.33
11   126.71   194.79    74.99     0.33
11   175.93   208.20    74.99     0.33
11   135.51   124.50    74.99     0.33
11   128.99   109.13    74.99     0.33
11   127.69   140.52    74.99     0.33
11    99.98   150.33    74.99     0.33
11    92.49   166.67    74.99     0.33
11   104.87   181.71    74.99     0.33
11   109.76    86.90    74.99     0.33
11   122.15    88.21    74.99     0.33
11   107.15    82.32    74.99     0.33
11   193.20     1.57    74.99     0.33
11   130.30    12.36    74.99     0.33
11   224.49    87.88    74.99     0.33
11   218.62    84.28    74.99     0.33
11   200.70   131.69    74.99     0.33
11   167.45   160.79    74.99     0.33
11   158.65   155.88    74.99     0.33
11   104.22   139.54    74.99     0.33
11   145.94   120.25    74.99     0.33
11   136.49   114.04    74.99     0.33
11   258.71    77.75    74.99     0.33
11   111.39   202.64    74.99     0.33
11   179.84   220.29    74.99     0.33
11   275.33   143.79    74.99     0.33
11   233.94    53.22    74.99     0.33
11   232.96    59.44    74.99     0.33
11   187.66    13.99    74.99     0.33
11   267.51    77.75    74.99     0.33
11   260.99    67.94    74.99     0.33
11    89.23    67.28    74.99     0.33
11    92.81    54.53    74.99     0.33
11   181.79    82.65    74.99     0.33
11   198.41    57.80    78.02     0.33
11   196.13    64.01    78.02     0.33
11   221.23    60.42    78.02     0.33
11   226.44    74.48    78.02     0.33
11   233.62    83.96    78.02     0.33
11   240.79    72.19    78.02     0.33
11   249.26    78.07    78.02     0.33
11   252.85    89.52    78.02     0.33
11   245.67    88.21    78.02     0.33
11   265.88    90.17    78.02     0.33
11   246.98   102.27    78.02     0.33
11   224.82   133.33    78.02     0.33
11   217.32   138.23    78.02     0.33
11   212.43   145.75    78.02     0.33
11   209.82   139.54    78.02     0.33
11   191.90   146.73    78.02     0.33
11   194.18   135.29    78.02     0.33
11   183.10   135.29    78.02     0.33
11   180.16   125.48    78.02     0.33
11   186.03   129.73    78.02     0.33
11   187.01   102.59    78.02     0.33
11   202.65    99.32    78.02     0.33
11   173.64    82.32    78.02     0.33
11   157.35    93.77    78.02     0.33
11   187.01    50.94    78.02     0.33
11   212.76    31.65    78.02     0.33
11   172.67    22.49    78.02     0.33
11   184.07    28.38    78.02     0.33
11   183.75    21.51    78.02     0.33
11   176.58    15.63    78.02     0.33
11   158.33    10.72    78.02     0.33
11   129.64    62.38    78.02     0.33
11   119.87    56.82    78.02     0.33
11   117.58    70.88    78.02     0.33
11   113.02    98.34    78.02     0.33
11   152.13    62.05    78.02     0.33
11   163.87    65.98    78.02     0.33
11   215.69   108.48    78.02     0.33
11   172.67   156.21    78.02     0.33
11   167.78   152.94    78.02     0.33
11   182.77   185.96    78.02     0.33
11   180.49   197.41    78.02     0.33
11   205.26   198.06    78.02     0.33
11   202.65   207.21    78.02     0.33
11   221.23   201.98    78.02     0.33
11   207.87   179.10    78.02     0.33
11   199.72   180.41    78.02     0.33
11   216.34   165.37    78.02     0.33
11   210.15   159.81    78.02     0.33
11   231.01   167.98    78.02     0.33
11   238.50   148.04    78.02     0.33
11   148.22   178.44    78.02     0.33
11   181.79   170.60    78.02     0.33
11   169.73   179.10    78.02     0.33
11   161.26   185.96    78.02     0.33
11   162.24   196.75    78.02     0.33
11   154.09   201.00    78.02     0.33
11   123.78   175.83    78.02     0.33
11   123.13   157.52    78.02     0.33
11   128.34   130.06    78.02     0.33
11   122.15   118.94    78.02     0.33
11   121.17   133.33    78.02     0.33
11   167.45   114.69    78.02     0.33
11   199.72    81.01    78.02     0.33
11   234.27   117.96    78.02     0.33
11   236.55   108.80    78.02     0.33
11   246.65   114.69    78.02     0.33
11   240.79   123.19    78.02     0.33
11   235.25    98.67    78.02     0.33
11   162.56   143.13    78.02     0.33
11   146.92   134.63    78.02     0.33
11   137.47   136.59    78.02     0.33
11   140.40   148.69    78.02     0.33
11    92.16   143.46    78.02     0.33
11    83.04   141.50    78.02     0.33
11    73.91   149.67    78.02     0.33
11   163.21   216.04    78.02     0.33
11   273.05   133.33    78.02     0.33
11   274.68   124.82    78.02     0.33
11   241.44    62.38    78.02     0.33
11   253.82    57.80    78.02     0.33
11   246.65    47.99    78.02     0.33
11   240.46    38.18    78.02     0.33
11   224.82    44.40    78.02     0.33
11   212.76    18.24    78.02     0.33
11   182.44    39.49    78.02     0.33
11   181.14    64.67    78.02     0.33
11   138.12    24.45    78.02     0.33
11   130.95    31.32    78.02     0.33
11   106.18    57.80    78.02     0.33
11   100.96    64.67    78.02     0.33
11   120.19   205.25    78.02     0.33
11   208.52    81.01    82.19     0.33
11   186.36    93.11    82.19     0.33
11   218.62   123.52    82.19     0.33
11   212.10   124.50    82.19     0.33
11   205.26   124.82    82.19     0.33
11   216.99    93.11    82.19     0.33
11   218.30    47.34    82.19     0.33
11   210.80    44.07    82.19     0.33
11   203.96    43.09    82.19     0.33
11   195.48    46.03    82.19     0.33
11   193.20    37.53    82.19     0.33
11   167.13    32.30    82.19     0.33
11   163.21    56.49    82.19     0.33
11   157.67    55.19    82.19     0.33
11   130.30    57.15    82.19     0.33
11   125.41    54.21    82.19     0.33
11   116.28    64.34    82.19     0.33
11   160.93   105.54    82.19     0.33
11   180.81    99.00    82.19     0.33
11   213.08   117.63    82.19     0.33
11   260.99   114.69    82.19     0.33
11   218.62   177.46    82.19     0.33
11   222.86   183.67    82.19     0.33
11   199.39   198.71    82.19     0.33
11   194.50   198.71    82.19     0.33
11   189.61   174.85    82.19     0.33
11   151.16   148.36    82.19     0.33
11   160.28   127.44    82.19     0.33
11   155.72   134.63    82.19     0.33
11   136.16   155.56    82.19     0.33
11   132.58   172.89    82.19     0.33
11   127.04   181.71    82.19     0.33
11   154.41   189.56    82.19     0.33
11   142.68   197.73    82.19     0.33
11   134.21   201.00    82.19     0.33
11   105.20   173.54    82.19     0.33
11   114.00   182.69    82.19     0.33
11    97.70   186.29    82.19     0.33
11   267.84   101.28    82.19     0.33
11   248.61   151.96    82.19     0.33
11   205.26   188.91    82.19     0.33
11   215.36   189.89    82.19     0.33
11   238.83   181.71    82.19     0.33
11   260.02   177.14    82.19     0.33
11   148.55   208.52    82.19     0.33
11   197.76    16.93    82.19     0.33
11   206.89     8.76    82.19     0.33
11   193.53    25.43    82.19     0.33
11   175.27     6.80    82.19     0.33
11   158.98    33.28    82.19     0.33
11    83.04   109.13    82.19     0.33
11   147.24    74.80    82.19     0.33
11   129.32    79.05    82.19     0.33
11   144.96    64.34    83.10     0.33
11   134.53    69.57    83.10     0.33
11   185.70    74.15    83.10     0.33
11   193.20    82.00    83.10     0.33
11   174.62    75.78    83.10     0.33
11   170.71    97.36    83.10     0.33
11   166.80    88.21    83.10     0.33
11   148.87    89.19    83.10     0.33
11   143.33    96.71    83.10     0.33
11   158.98   167.33    83.10     0.33
11    90.53   158.50    83.10     0.33
11    83.04   168.64    83.10     0.33
11   213.73    74.15    83.10     0.33
11   147.90    30.99    83.10     0.33
11   140.73    46.36    83.10     0.33
11   136.49    54.21    83.10     0.33
11   149.53    21.18    83.10     0.33
11   208.52    64.01    83.10     0.33
11   199.72    73.17    83.10     0.33
11   190.59   205.58    83.10     0.33
11   132.90    91.48    83.10     0.33
11   200.04   141.17    85.75     0.33
11   223.84   142.48    85.75     0.33
11   232.96   135.61    85.75     0.33
11   234.27   160.46    85.75     0.33
11   244.37   165.37    85.75     0.33
11   243.72   171.58    85.75     0.33
11   260.99   152.62    85.75     0.33
11   261.65   137.58    85.75     0.33
11   261.65   127.11    85.75     0.33
11   267.19   166.35    85.75     0.33
11   271.42   154.58    85.75     0.33
11   255.45   163.08    85.75     0.33
11   203.63   165.37    85.75     0.33
11   192.22   188.25    85.75     0.33
11   166.15   208.20    85.75     0.33
11   128.99   165.37    85.75     0.33
11   146.92   164.71    85.75     0.33
11   151.81   168.31    85.75     0.33
11   117.26   146.40    85.75     0.33
11   117.58   153.27    85.75     0.33
11   107.15   160.13    85.75     0.33
11   111.72   174.85    85.75     0.33
11   112.04   191.85    85.75     0.33
11    96.72   132.67    85.75     0.33
11    99.66   106.84    85.75     0.33
11   102.27   118.29    85.75     0.33
11   115.95    80.03    85.75     0.33
11   176.90    50.61    85.75     0.33
11   173.32    41.78    85.75     0.33
11   207.54   107.82    85.75     0.33
11   257.41    97.36    85.75     0.33
11   259.36   107.17    85.75     0.33
11   182.44   150.00    85.75     0.33
11   155.39   126.46    85.75     0.33
11   229.05   178.44    85.75     0.33
11   140.07    82.98    85.75     0.33
11   159.63    79.05    85.75     0.33
11   172.67    68.26    85.75     0.33
11   274.36   117.31    85.75     0.33
11    93.47    91.48    85.75     0.33
11    92.16    79.05    85.75     0.33
11   143.33   184.33    85.75     0.33
11   225.47   115.67    85.75     0.33
11   224.49   103.25    90.07     0.33
11   230.03    93.11    90.07     0.33
11   227.75    81.01    90.07     0.33
11   224.82    87.88    90.07     0.33
11   211.13    89.52    90.07     0.33
11   202.33    90.17    90.07     0.33
11   195.16   100.96    90.07     0.33
11   178.21   115.67    90.07     0.33
11   167.78   130.38    90.07     0.33
11   172.34   136.27    90.07     0.33
11   148.22   118.29    90.07     0.33
11   135.84   126.79    90.07     0.33
11   128.01   124.50    90.07     0.33
11   128.01   108.15    90.07     0.33
11   128.67   141.50    90.07     0.33
11   139.42   142.48    90.07     0.33
11   152.46   143.79    90.07     0.33
11   173.64   171.58    90.07     0.33
11   167.78   162.42    90.07     0.33
11   171.69   196.43    90.07     0.33
11   177.88   204.60    90.07     0.33
11   192.87   211.14    90.07     0.33
11   212.76   204.93    90.07     0.33
11   127.69   195.44    90.07     0.33
11   124.75   188.25    90.07     0.33
11   141.70   190.54    90.07     0.33
11   137.47   195.77    90.07     0.33
11   155.39   182.37    90.07     0.33
11   116.28   161.77    90.07     0.33
11    96.07   167.98    90.07     0.33
11    97.70   151.31    90.07     0.33
11   200.70   130.71    90.07     0.33
11   220.90   152.62    90.07     0.33
11   221.56   159.81    90.07     0.33
11   218.62   129.08    90.07     0.33
11   256.10   133.00    90.07     0.33
11   251.22   144.77    90.07     0.33
11   264.58   145.10    90.07     0.33
11   199.39   119.59    90.07     0.33
11   194.83   126.46    90.07     0.33
11   186.36   121.56    90.07     0.33
11   157.35    99.00    90.07     0.33
11   157.67   110.11    90.07     0.33
11   109.11    86.57    90.07     0.33
11   123.78    86.90    90.07     0.33
11   128.67    73.49    90.07     0.33
11   124.10    64.34    90.07     0.33
11   194.83   163.08    90.07     0.33
11   186.03   165.04    90.07     0.33
11   201.67   173.87    90.07     0.33
11   169.08   189.56    90.07     0.33
11   193.85   158.17    90.07     0.33
11   241.11   134.63    90.07     0.33
11   251.54   122.86    90.07     0.33
11   233.29    60.42    90.07     0.33
11   233.29    52.24    90.07     0.33
11   259.36    72.51    90.07     0.33
11   260.34    82.98    90.07     0.33
11   106.83    74.80    90.07     0.33
11   104.87   147.06    90.07     0.33
11   107.15   138.23    90.07     0.33
11   143.33   122.54    90.07     0.33
11   143.33   109.46    90.07     0.33
11   139.42   116.65    90.07     0.33
11   150.18   161.12    90.07     0.33
11   156.70   154.58    90.07     0.33
11    87.27   184.00    90.07     0.33
11   120.84    48.65    90.07     0.33
11   118.56    41.13    90.07     0.33
11   163.21    18.57    90.07     0.33
11   192.87     9.74    90.07     0.33
11   225.79    30.67    90.07     0.33
11   224.49    16.28    90.07     0.33
11   170.06   114.04    94.99     0.33
11   192.55   144.11    94.99     0.33
11   211.45   137.90    94.99     0.33
11   213.08   145.10    94.99     0.33
11   236.22   148.04    94.99     0.33
11   205.59   159.81    94.99     0.33
11   216.99   165.37    94.99     0.33
11   225.14   135.61    94.99     0.33
11   225.14   125.81    94.99     0.33
11   213.08   107.17    94.99     0.33
11   205.59    99.65    94.99     0.33
11   190.59   105.86    94.99     0.33
11   183.10   107.17    94.99     0.33
11   134.21   133.00    94.99     0.33
11   122.80   136.27    94.99     0.33
11   120.19   122.86    94.99     0.33
11   168.43   150.00    94.99     0.33
11   171.36   158.17    94.99     0.33
11   148.87   174.19    94.99     0.33
11   179.84   184.98    94.99     0.33
11   177.23   194.79    94.99     0.33
11   164.52   198.71    94.99     0.33
11   159.63   204.27    94.99     0.33
11   150.18   201.00    94.99     0.33
11   123.13   157.52    94.99     0.33
11    98.35   161.77    94.99     0.33
11    98.35   178.44    94.99     0.33
11   196.13    55.51    94.99     0.33
11   197.76    63.36    94.99     0.33
11   187.33    49.63    94.99     0.33
11   183.42    40.15    94.99     0.33
11   180.49    88.86    94.99     0.33
11   173.97    90.50    94.99     0.33
11   182.77    30.01    94.99     0.33
11   212.43    31.65    94.99     0.33
11   180.81   123.52    94.99     0.33
11   134.86   102.92    94.99     0.33
11   159.63    66.63    94.99     0.33
11   147.24    56.49    95.98     0.33
11   139.75    37.86    95.98     0.33
11   131.60    45.38    95.98     0.33
11   113.02    94.09    95.98     0.33
11   106.50   105.54    95.98     0.33
11   147.24   131.36    95.98     0.33
11   164.84   141.17    95.98     0.33
11   190.92   135.29    95.98     0.33
11   191.57   113.05    95.98     0.33
11   180.49    65.32    95.98     0.33
11   183.42    97.36    98.55     0.33
11   171.04    98.67    98.55     0.33
11   159.96   133.33    98.55     0.33
11   148.22   152.62    98.55     0.33
11   135.51   153.92    98.55     0.33
11   134.53   170.92    98.55     0.33
11   128.01   180.41    98.55     0.33
11   158.33   188.25    98.55     0.33
11   155.72   194.79    98.55     0.33
11    98.03   186.94    98.55     0.33
11   181.79   138.23    98.55     0.33
11   188.64   129.40    98.55     0.33
11   171.69   123.52    98.55     0.33
11   211.13   120.90    98.55     0.33
11   218.30   119.92    98.55     0.33
11   216.02    97.03    98.55     0.33
11   189.29    92.78    98.55     0.33
11   201.35   111.09    98.55     0.33
11   174.62   103.90    98.55     0.33
11   164.52   103.90    98.55     0.33
11   210.80   129.40    98.55     0.33
11   206.24   147.71    98.55     0.33
11   140.40    96.38    98.55     0.33
11   150.83    92.46    98.55     0.33
11   127.69   116.00    98.55     0.33
12    94.85   132.41     0.00     0.33
12   118.64    91.87     0.00     0.33
12    88.98    69.97    27.80     0.33
12    98.43   104.30    29.16     0.33
12    90.61   103.97    21.44     0.33
12   171.11   119.01    23.33     0.33
12    91.59    45.45     9.92     0.33
12   131.68    39.56     4.47     0.33
12   125.48    47.41     4.47     0.33
12   123.85   109.53    34.24     0.33
12   105.28   105.93    68.18     0.33
12   112.77   113.12    86.28     0.33
12   108.53   126.85    93.93     0.33
12   112.12   119.33    95.52     0.33
12   118.31   110.18    88.32     0.33
12   180.89   130.78    97.19     0.33
12    76.92   171.32    62.04     0.33
12    78.55   128.49    61.74     0.33
12    81.81   119.99    72.80     0.33
12    67.14   140.91    52.80     0.33
12    79.85    75.20    41.66     0.33
12   163.62   119.33   102.87     0.33
12   179.26    45.77   102.87     0.33
12   155.79    27.14   101.43     0.33
12   119.94   103.97    95.14     0.33
12   149.20   102.59    84.16     0.33
12   188.96   114.04    79.84     0.33
12   169.73    56.82    81.66     0.33
12   166.80    41.13    70.60     0.33
12   114.33    55.84    77.87     0.33
12   188.96   208.20    67.34     0.33
12   241.11   188.91    69.69     0.33
12   138.44   220.29    63.93     0.33
12   128.67   214.08    74.08     0.33
12    85.64   152.62    81.89     0.33
12   135.51   102.92    77.49     0.33
12   124.10    96.71    72.11     0.33
12   108.78    38.51    72.11     0.33
12   100.96    79.71    72.19     0.33
12   106.18    61.40    61.58     0.33
12   103.57    72.51    64.39     0.33
12    99.33    33.28    61.66     0.33
12    80.10    58.46    54.92     0.33
12    90.21    59.44    59.92     0.33
12    65.76   120.90    58.78     0.33
12    72.61   138.23    53.33     0.33
12    72.61   156.21    52.12     0.33
12    91.18   117.96    57.34     0.33
12    75.54   120.57    55.37     0.33
12    86.30    91.48    56.36     0.33
12   156.70    99.98    63.25     0.33
12   165.82   104.55    63.25     0.33
12   155.72    20.86    67.80     0.33
12   139.10     8.11    69.16     0.33
12    92.81   109.79    78.33     0.33
12   126.38   114.36    83.32     0.33
12   102.27    99.32    79.76     0.33
12   127.04   223.89    43.25     0.33
12   115.95   219.64    34.92     0.33
12    86.62    89.52    38.03     0.33
12    71.30   106.52    38.03     0.33
12    67.07   121.23    38.03     0.33
12    70.98   128.09    38.03     0.33
12    80.10   134.63    38.03     0.33
12    73.58   150.00    38.03     0.33
12   199.39    55.84    31.82     0.33
12   253.17    51.59    31.82     0.33
12   254.80    58.13    31.82     0.33
12   203.96    66.30    35.75     0.33
12   143.66    21.18    26.66     0.33
12   129.97    17.59    26.66     0.33
12   123.78    18.57    25.83     0.33
12   101.94    30.67    23.79     0.33
12    75.87    56.49    25.07     0.33
12    99.98    41.13    22.50     0.33
12   163.21    97.03    23.33     0.33
12   253.50   179.10    24.32     0.33
12   273.38    72.19    16.74     0.33
12   235.57    45.70    16.74     0.33
12   186.36     9.41    16.74     0.33
12   207.22     9.74    16.74     0.33
12   205.59    15.30    15.68     0.33
12   214.39    30.99    10.00     0.33
12   214.06    18.57    10.60     0.33
12   235.90    35.90     8.41     0.33
12   137.79   111.09    10.83     0.33
12   106.50   125.81    10.83     0.33
12   109.11   144.11    11.67     0.33
12   135.18   143.46    10.76     0.33
12   158.33   193.16    10.76     0.33
12   188.64   181.39    14.39     0.33
12   247.30   173.87    14.39     0.33
12   118.89   102.27    14.39     0.33
12   103.90    96.38    14.39     0.33
12   112.04   101.61    18.18     0.33
12   110.09    81.67     8.03     0.33
12   101.29    51.92     0.23     0.33
12   102.59    45.05    -0.83     0.33
12    91.18    88.86     3.41     0.33
12    98.03    81.34     3.41     0.33
12    83.04    71.53     3.41     0.33
12    91.18    55.84     3.41     0.33
12    95.42   145.42     3.41     0.33
12    85.97   121.23     6.59     0.33
12    76.52   132.02    12.35     0.33
12   100.31   179.42     7.42     0.33
12   106.50   184.00     9.54     0.33
12    99.33   167.98    10.38     0.33
12    83.69   151.31    12.65     0.33
12    83.69   102.59    11.74     0.33
12    75.87    84.61    21.44     0.33
12    87.60    62.71    21.44     0.33
12    80.43    71.21    21.44     0.33
12   172.99   112.07    18.94     0.33
12   177.56    76.11    47.34     0.33
12    88.25    54.53    45.75     0.33
12    91.84    39.82    45.75     0.33
12   100.96    37.86    45.75     0.33
12   104.87    30.67    51.66     0.33
12   137.14   221.93    38.94     0.33
12   141.05   218.33    26.74     0.33
12   163.54   215.06    25.30     0.33
12   267.19   175.83    39.24     0.33
12    91.51   138.88    29.77     0.33
12   129.97    58.13    -5.98     0.33
12   140.40    98.02    -7.80     0.33
12    88.90    74.15    58.10     0.33
12   119.21    25.76    67.34     0.33
12   129.32    38.51    80.83     0.33
12   153.44    42.44    81.66     0.33
12    89.88   122.21    77.49     0.33
12   145.94    40.47    29.01     0.33
12   128.01    32.30    23.79     0.33
12   151.16   171.58    -3.18     0.33
12   216.67     7.45     4.85     0.33
