11   107.17    93.16     2.12     0.33
11   120.53    86.29     2.12     0.33
11   108.47    69.95     2.12     0.33
11    94.13    71.26     2.12     0.33
11    90.22    79.10     2.12     0.33
11   138.46    98.06     2.12     0.33
11   137.48    83.68     2.12     0.33
11   105.21   106.24     2.12     0.33
11    96.09   103.62     2.12     0.33
11    94.78   116.37     2.12     0.33
11   112.38   119.64     2.12     0.33
11   126.07    72.24     2.12     0.33
11   119.56   100.03     2.12     0.33
11    99.67    90.55     4.17     0.33
11   113.36    95.78     4.17     0.33
11   130.64    92.51     4.17     0.33
11   115.97    71.26     4.17     0.33
11   123.79    58.83     4.17     0.33
11    93.81    61.45     4.17     0.33
11    85.33   121.60     4.17     0.33
11    92.18   126.84     4.17     0.33
11   108.15   138.93     4.17     0.33
11   121.18   144.49     4.17     0.33
11   142.04   122.26     4.17     0.33
11   137.48   130.43     4.17     0.33
11   144.00   110.82     4.17     0.33
11   121.18   127.49     4.17     0.33
11   104.24   126.51     4.17     0.33
11   128.68   116.37     4.17     0.33
11   131.29   106.57     4.17     0.33
11   102.93    78.45     4.17     0.33
11    89.57   106.57     7.65     0.33
11    90.55    97.08     7.65     0.33
11    90.87    87.28     7.65     0.33
11   127.70    81.39     7.65     0.33
11   147.91    90.22     7.65     0.33
11   154.10   108.85     7.65     0.33
11   158.34    93.49     7.65     0.33
11   148.89   100.35     7.65     0.33
11   135.85    72.24     7.65     0.33
11   146.28    79.76     7.65     0.33
11   156.39    83.68     7.65     0.33
11   130.64   125.20     7.65     0.33
11   109.78    77.47     7.65     0.33
11   103.91    84.66     7.65     0.33
11   138.46   104.60     7.65     0.33
11   104.56   115.39     7.65     0.33
11   112.38   127.82     7.65     0.33
11   122.81   108.20     7.65     0.33
11   119.56   118.01     7.65     0.33
11   146.93    71.26    11.06     0.33
11   150.84    62.75    11.06     0.33
11   107.82    62.10    11.06     0.33
11   109.78   109.18    11.06     0.33
11    93.15   136.97    11.06     0.33
11   155.73   119.64    11.06     0.33
11   154.43   134.36    11.06     0.33
11   159.97   128.14    11.06     0.33
11   163.56   106.89    11.06     0.33
11   165.19    89.56    11.06     0.33
11   156.06    73.54    11.06     0.33
11   135.85    58.83    11.06     0.33
11   126.73   156.91    11.06     0.33
11    93.15   148.09    11.06     0.33
11   101.63   146.13    11.06     0.33
11   111.41   151.68    11.06     0.33
11   131.61   145.80    11.06     0.33
11   137.81   155.61    11.06     0.33
11   149.21   125.86    11.06     0.33
11   166.16   116.37    11.06     0.33
11    83.05    79.76    11.06     0.33
11    79.47    92.83    11.06     0.33
11   136.50   115.39    16.13     0.33
11   112.71    86.29    16.13     0.33
11   129.01    65.70    16.13     0.33
11   142.04    66.02    16.13     0.33
11   120.53    80.41    16.13     0.33
11   122.49    96.76    19.01     0.33
11   106.84    95.45    19.01     0.33
11   101.95   104.93    19.01     0.33
11    94.46   113.10    19.01     0.33
11    90.55    68.97    19.01     0.33
11   105.87    68.64    19.01     0.33
11   141.39    94.47    19.01     0.33
11   135.53    81.39    19.01     0.33
11   121.84   127.49    20.68     0.33
11   100.00   125.86    20.68     0.33
11    86.31   125.20    20.68     0.33
11    83.38   132.07    20.68     0.33
11    84.68   136.97    20.68     0.33
11   107.82   138.93    19.85     0.33
11   115.32   144.16    19.01     0.33
11   123.79   149.39    19.01     0.33
11   138.78   131.09    19.85     0.33
11   142.37   120.30    19.85     0.33
11   144.65   111.80    19.85     0.33
11   137.48    99.05    19.85     0.33
11   129.01    89.89    19.85     0.33
11   119.88    86.29    19.85     0.33
11    98.37    92.83    20.68     0.33
11    94.46    74.20    20.68     0.33
11    88.92    80.08    20.68     0.33
11    84.03   112.78    20.68     0.33
11   113.69    68.31    20.68     0.33
11   120.53    67.01    21.59     0.33
11   123.79    58.50    21.59     0.33
11   129.66   110.16    22.42     0.33
11   129.01    99.70    22.42     0.33
11   161.93    99.37    22.42     0.33
11   143.02    54.25    22.42     0.33
11    94.46    61.77    23.33     0.33
11   109.13    80.08    23.33     0.33
11   100.33    82.04    23.33     0.33
11   102.28    88.58    23.33     0.33
11   139.11    87.60    23.33     0.33
11   150.52    88.26    23.33     0.33
11   159.64    91.53    23.33     0.33
11   149.21   106.89    23.33     0.33
11   157.69   108.20    23.33     0.33
11   143.67   100.03    23.33     0.33
11   117.93   121.60    23.33     0.33
11   116.62   111.47    23.33     0.33
11   107.82   124.22    23.33     0.33
11   128.03   121.93    23.33     0.33
11   129.98   132.07    23.33     0.33
11   104.56   117.03    23.33     0.33
11   109.78   132.07    23.33     0.33
11    92.83    99.37    23.33     0.33
11    89.90   105.91    23.33     0.33
11    93.15   120.62    23.33     0.33
11   101.30   134.36    23.33     0.33
11    93.81   130.11    23.33     0.33
11    88.92   142.53    23.33     0.33
11    83.05   120.95    23.33     0.33
11    91.85    86.62    23.33     0.33
11    86.96    93.81    23.33     0.33
11   114.34    93.81    23.33     0.33
11   114.34   102.32    23.33     0.33
11   120.86   105.58    23.33     0.33
11   113.69    74.52    23.33     0.33
11   130.64    75.83    23.33     0.33
11   138.46    71.58    23.33     0.33
11   144.65    78.78    23.33     0.33
11   150.52    98.39    23.33     0.33
11   156.39    82.04    23.33     0.33
11   164.21    74.20    23.33     0.33
11   158.67    62.75    23.33     0.33
11    80.44   101.99    23.33     0.33
11   137.81   105.58    23.33     0.33
11   150.52   117.35    26.21     0.33
11   144.98   126.51    26.21     0.33
11   152.47   127.82    26.21     0.33
11   108.47   110.49    26.21     0.33
11   100.00    74.85    26.21     0.33
11   148.89    65.70    27.12     0.33
11   152.80    72.56    27.12     0.33
11    97.72    66.35    27.12     0.33
11   106.19    62.10    27.12     0.33
11    79.79    77.47    27.12     0.33
11    78.81    92.18    27.12     0.33
11    91.85   150.38    27.12     0.33
11   127.05   159.20    27.12     0.33
11    92.18   137.63    27.12     0.33
11    99.02   145.14    27.12     0.33
11   134.55   152.66    27.12     0.33
11   129.33   143.84    27.12     0.33
11   109.13   148.09    28.94     0.33
11   111.73   156.59    28.94     0.33
11   100.65   152.99    28.94     0.33
11   119.56   163.45    28.94     0.33
11   168.12   113.10    28.94     0.33
11   157.36   120.95    28.94     0.33
11   164.53   134.36    28.94     0.33
11   163.88   152.34    28.94     0.33
11   157.36   159.53    28.94     0.33
11   143.35   166.40    28.94     0.33
11   127.70   166.07    28.94     0.33
11   139.11   157.90    28.94     0.33
11   154.43   137.30    28.94     0.33
11   165.19   123.89    28.94     0.33
11   169.42    97.41    28.94     0.33
11   121.18   141.88    33.86     0.33
11   120.21   133.05    33.86     0.33
11   122.16    77.79    33.86     0.33
11   127.38    65.37    33.86     0.33
11   141.39    64.39    33.86     0.33
11   107.17    95.45    34.69     0.33
11   134.22    80.74    34.69     0.33
11   123.14    91.53    34.69     0.33
11   142.70    94.14    34.69     0.33
11    93.48   112.78    34.69     0.33
11   103.26   104.60    34.69     0.33
11   115.32   143.51    34.69     0.33
11   127.70   151.36    34.69     0.33
11   159.32   146.45    34.69     0.33
11   163.88   105.91    34.69     0.33
11    87.29    69.95    34.69     0.33
11   105.21    68.64    34.69     0.33
11    86.64    63.08    34.69     0.33
11   116.95    83.68    35.60     0.33
11   110.43    86.29    35.60     0.33
11   132.27    89.56    35.60     0.33
11   137.81    98.06    35.60     0.33
11   143.67   113.76    35.60     0.33
11   138.78   119.97    35.60     0.33
11   150.84   160.51    35.60     0.33
11   139.44   131.74    35.60     0.33
11    82.07   132.72    36.51     0.33
11    97.07    92.83    36.51     0.33
11    99.02   123.89    36.51     0.33
11    92.83    73.87    36.51     0.33
11    85.33    82.04    36.51     0.33
11   121.84   113.76    36.51     0.33
11   125.10    84.33    36.51     0.33
11   111.08    66.68    36.51     0.33
11    87.29   112.12    36.51     0.33
11   176.59    93.49    36.51     0.33
11   175.61    78.45    36.51     0.33
11    87.29   125.86    36.51     0.33
11   147.91   106.89    38.63     0.33
11   160.95    91.20    38.63     0.33
11   130.31    75.18    38.63     0.33
11   107.50    80.41    38.63     0.33
11    99.67    83.03    38.63     0.33
11    86.96   105.91    38.63     0.33
11    90.22    97.41    38.63     0.33
11    81.10   121.28    38.63     0.33
11    85.98   141.88    38.63     0.33
11   121.51   123.57    38.63     0.33
11   140.74   104.60    38.63     0.33
11   158.67   101.66    38.63     0.33
11   155.73   110.16    38.63     0.33
11   142.37    83.03    38.63     0.33
11   114.34    75.18    38.63     0.33
11   117.27    58.18    38.63     0.33
11   141.07    73.22    38.63     0.33
11   165.19    73.87    38.63     0.33
11   142.70    52.95    38.63     0.33
11   129.66    54.58    38.63     0.33
11   124.77    99.05    38.63     0.33
11   135.85   110.49    38.63     0.33
11   127.70   130.11    38.63     0.33
11   128.68   118.01    38.63     0.33
11   111.41   116.70    38.63     0.33
11   114.99   101.99    38.63     0.33
11   108.15   129.78    38.63     0.33
11   102.93   135.01    38.63     0.33
11    92.18    86.62    38.63     0.33
11   110.43   108.53    42.50     0.33
11    92.18   136.64    42.50     0.33
11    96.09   144.16    42.50     0.33
11    92.18   152.66    42.50     0.33
11   144.33   138.28    42.50     0.33
11   145.30   124.22    42.50     0.33
11   150.52   152.01    42.50     0.33
11   174.31   111.80    42.50     0.33
11   149.54    64.72    42.50     0.33
11   105.54    63.08    42.50     0.33
11    97.07    62.75    42.50     0.33
11    78.16    79.76    42.50     0.33
11    78.49    91.85    42.50     0.33
11    78.49   101.66    42.50     0.33
11   152.15   119.64    44.31     0.33
11   164.21   134.03    44.31     0.33
11   154.76   137.95    44.31     0.33
11   127.05   160.18    44.31     0.33
11   121.84   164.76    44.31     0.33
11   140.09   164.43    44.31     0.33
11   157.69   167.05    44.31     0.33
11   160.30   154.63    44.31     0.33
11   106.19   146.78    44.31     0.33
11   100.98   152.99    44.31     0.33
11   155.08    74.52    44.31     0.33
11   159.64   123.89    44.31     0.33
11   169.42   124.22    44.31     0.33
11   139.76   153.97    44.31     0.33
11   132.92   141.55    44.31     0.33
11   175.94    70.60    44.31     0.33
11   168.77    99.05    44.31     0.33
11   174.96    87.28    44.31     0.33
11   119.23   134.36    49.01     0.33
11   128.36    66.68    49.01     0.33
11   136.50    65.70    49.01     0.33
11   100.33    73.54    49.01     0.33
11    85.66    94.80    49.01     0.33
11   129.01   107.55    49.01     0.33
11   100.65   116.37    49.01     0.33
11   164.53   114.74    49.01     0.33
11   163.88    84.99    49.01     0.33
11   121.51    74.52    49.01     0.33
11    84.03    75.83    49.01     0.33
11   137.48    58.18    49.01     0.33
11   124.77    63.08    49.01     0.33
11   120.86   105.58    49.01     0.33
11   157.36    64.39    49.01     0.33
11   149.87    99.37    49.01     0.33
11    99.02    57.85    49.01     0.33
11   107.17    95.78    50.83     0.33
11   119.56    92.83    50.83     0.33
11   141.07    96.10    50.83     0.33
11   134.87    83.68    50.83     0.33
11   128.03    91.53    50.83     0.33
11    89.24    60.47    50.83     0.33
11    85.01    67.99    50.83     0.33
11   165.19    61.77    50.83     0.33
11   149.21    50.98    50.83     0.33
11   145.63    60.14    50.83     0.33
11   109.78    87.60    50.83     0.33
11   160.62   144.16    50.83     0.33
11   122.81   145.47    50.83     0.33
11   112.38   139.91    50.83     0.33
11   136.50    91.20    50.83     0.33
11   133.90    99.37    50.83     0.33
11    97.07   106.89    50.83     0.33
11   139.76   131.09    50.83     0.33
11    97.72   124.55    52.57     0.33
11    80.77   133.70    52.57     0.33
11    87.61   131.09    52.57     0.33
11   100.33    91.20    52.57     0.33
11    94.13    75.51    52.57     0.33
11   177.90    95.12    52.57     0.33
11   161.93    51.64    52.57     0.33
11   123.14    83.68    52.57     0.33
11   116.62    66.35    52.57     0.33
11    90.22   116.70    52.57     0.33
11   167.79   152.01    52.57     0.33
11   139.44   119.97    52.57     0.33
11   119.56   122.26    55.37     0.33
11   110.75   115.72    55.37     0.33
11   140.41   107.87    55.37     0.33
11   151.82   108.53    55.37     0.33
11   158.01   101.66    55.37     0.33
11   156.71    93.16    55.37     0.33
11   168.77    71.58    55.37     0.33
11   162.58    77.14    55.37     0.33
11   145.96    73.22    55.37     0.33
11   137.16    74.52    55.37     0.33
11   129.01    78.78    55.37     0.33
11   107.50    80.41    55.37     0.33
11    99.02    84.66    55.37     0.33
11    88.92    85.64    55.37     0.33
11    93.81    93.49    55.37     0.33
11    86.64   105.91    55.37     0.33
11    80.44   121.93    55.37     0.33
11   118.90    55.24    55.37     0.33
11   124.44   114.74    55.37     0.33
11   129.98   132.72    55.37     0.33
11   129.33   124.55    55.37     0.33
11   106.52   129.45    55.37     0.33
11   101.95   137.63    55.37     0.33
11   115.32    79.10    55.37     0.33
11   106.52    68.97    55.37     0.33
11   100.65    65.37    57.95     0.33
11    96.41    68.97    57.95     0.33
11   107.50    60.47    57.95     0.33
11    79.79    98.39    57.95     0.33
11    74.25    89.24    57.95     0.33
11    80.44    81.72    57.95     0.33
11    89.24   139.59    57.95     0.33
11    93.48   149.07    57.95     0.33
11   146.61   137.95    57.95     0.33
11   173.33   112.45    57.95     0.33
11   184.09   127.49    57.95     0.33
11   183.44   112.45    57.95     0.33
11   151.17   153.65    57.95     0.33
11   105.87   103.62    57.95     0.33
11   147.91    66.02    57.95     0.33
11   119.56   160.84    59.77     0.33
11   135.20   160.18    59.77     0.33
11   126.73   161.16    59.77     0.33
11   158.01   163.78    59.77     0.33
11   158.99   133.37    59.77     0.33
11   144.65   125.86    59.77     0.33
11   155.73   117.35    59.77     0.33
11   164.86    97.08    59.77     0.33
11   178.22    75.51    59.77     0.33
11   170.73   123.24    59.77     0.33
11   184.42   139.59    59.77     0.33
11   138.46   147.43    59.77     0.33
11   110.75   149.39    59.77     0.33
11    79.79   110.49    59.77     0.33
11   155.41    74.20    59.77     0.33
11   171.05   102.32    59.77     0.33
11   159.32   107.87    59.77     0.33
11   171.70    84.99    59.77     0.33
11   182.79   104.93    59.77     0.33
11   189.30   121.60    59.77     0.33
11   179.20   156.91    59.77     0.33
11   159.32   153.97    59.77     0.33
11   168.44   178.82    59.77     0.33
11   187.02   151.36    59.77     0.33
11   188.98   133.70    59.77     0.33
11   128.03   151.03    59.77     0.33
11   101.95   155.61    59.77     0.33
11   143.35   163.13    59.77     0.33
11   112.71   108.53    59.77     0.33
11   129.98   172.28    59.77     0.33
11   153.45    83.68    63.63     0.33
11   142.70    86.62    63.63     0.33
11    97.72   117.35    65.60     0.33
11   123.79   101.33    65.60     0.33
11   131.61   110.16    65.60     0.33
11   151.17   122.59    65.60     0.33
11   163.23   114.09    65.60     0.33
11   159.64    85.64    65.60     0.33
11   128.36    59.16    65.60     0.33
11   136.18    57.20    65.60     0.33
11   137.48    67.01    65.60     0.33
11   123.14    74.20    65.60     0.33
11    98.04    59.16    65.60     0.33
11    82.72    75.51    65.60     0.33
11   127.05   139.26    65.60     0.33
11   116.62   132.07    65.60     0.33
11   109.78   122.59    65.60     0.33
11   104.56   111.14    65.60     0.33
11   148.24   100.03    65.60     0.33
11   155.08    66.35    65.60     0.33
11   126.73    67.01    65.60     0.33
11   150.19   145.47    65.60     0.33
11   167.14   138.93    65.60     0.33
11   108.15   163.13    65.60     0.33
11   133.90   166.72    65.60     0.33
11   134.55   178.49    65.60     0.33
11   154.10   171.95    65.60     0.33
11   166.49   162.15    65.60     0.33
11   132.59    89.89    66.58     0.33
11   120.53    92.83    66.58     0.33
11   108.80    91.53    66.58     0.33
11    88.27    61.12    66.58     0.33
11   102.93    75.83    66.58     0.33
11   148.89    56.54    66.58     0.33
11   153.78    49.02    66.58     0.33
11   137.48   100.35    66.58     0.33
11   160.95   143.84    66.58     0.33
11   102.93   146.45    66.58     0.33
11   112.38   139.91    66.58     0.33
11   120.53   145.80    66.58     0.33
11    91.53   100.03    66.58     0.33
11   114.01   101.33    66.58     0.33
11   174.96   141.88    66.58     0.33
11   180.83   149.07    66.58     0.33
11   169.10   172.93    66.58     0.33
11   178.22    92.18    68.55     0.33
11   144.00    94.47    68.55     0.33
11    89.90   130.11    68.55     0.33
11    79.79   132.72    68.55     0.33
11    74.58   119.64    68.55     0.33
11    83.05    89.89    68.55     0.33
11    94.46    78.78    68.55     0.33
11   115.97    68.97    68.55     0.33
11   121.84    84.66    68.55     0.33
11   138.13   124.22    68.55     0.33
11   140.41   115.72    68.55     0.33
11   166.81   150.38    68.55     0.33
11   103.58    84.01    72.57     0.33
11    89.24    84.33    72.57     0.33
11   106.52    71.26    72.57     0.33
11   115.64    77.79    72.57     0.33
11   134.87    82.04    72.57     0.33
11   140.41    75.51    72.57     0.33
11   115.64    55.89    72.57     0.33
11    85.01   116.70    72.57     0.33
11   101.63   136.97    72.57     0.33
11   100.33   129.45    72.57     0.33
11    84.35   144.16    72.57     0.33
11   114.01   116.70    72.57     0.33
11   128.03   120.30    72.57     0.33
11   120.53   125.20    72.57     0.33
11   119.88   112.78    72.57     0.33
11   129.33   132.07    72.57     0.33
11   150.84   110.16    72.57     0.33
11   154.43    95.12    72.57     0.33
11   170.73    60.14    72.57     0.33
11    95.44    90.87    72.57     0.33
11    88.92    70.27    72.57     0.33
11    91.20   109.18    72.57     0.33
11    99.67    97.08    72.57     0.33
11    82.40   123.89    72.57     0.33
11   138.78   136.32    72.57     0.33
11   170.07   186.67    72.57     0.33
11    97.72   166.72    72.57     0.33
11   168.12    76.49    72.57     0.33
11   114.67   155.61    73.78     0.33
11   150.19   137.95    73.78     0.33
11   150.19   130.43    73.78     0.33
11   172.68   114.09    73.78     0.33
11   181.81   129.78    73.78     0.33
11   186.70   111.80    73.78     0.33
11   103.91    64.72    73.78     0.33
11    75.23   127.82    73.78     0.33
11    94.78   147.43    73.78     0.33
11    89.90   138.28    73.78     0.33
11    80.44    97.74    73.78     0.33
11    96.74    68.64    73.78     0.33
11   175.94   107.55    73.78     0.33
11   179.85   118.34    73.78     0.33
11   185.07    94.47    73.78     0.33
11   187.67   103.30    73.78     0.33
11   118.90   156.91    75.60     0.33
11   135.85   159.86    75.60     0.33
11   152.15   156.59    75.60     0.33
11   157.36   165.74    75.60     0.33
11   158.01   148.74    75.60     0.33
11   162.25   157.24    75.60     0.33
11   193.22   140.89    75.60     0.33
11   188.33   130.11    75.60     0.33
11   182.46   142.20    75.60     0.33
11   168.12    92.83    75.60     0.33
11   171.38   100.35    75.60     0.33
11   157.36   101.33    75.60     0.33
11   147.91    75.83    75.60     0.33
11   144.33    50.33    75.60     0.33
11    76.53   107.87    75.60     0.33
11   101.63   154.63    75.60     0.33
11   142.70   130.43    75.60     0.33
11   159.64   135.34    75.60     0.33
11   159.32   119.64    75.60     0.33
11   169.10   124.55    75.60     0.33
11   191.59   120.95    75.60     0.33
11   175.94    82.04    75.60     0.33
11   131.61   152.34    75.60     0.33
11   143.67   151.03    75.60     0.33
11   138.78   143.51    75.60     0.33
11   145.63   169.99    75.60     0.33
11   149.54    88.26    79.92     0.33
11   153.13    81.06    79.92     0.33
11   175.29   155.93    79.92     0.33
11   127.38   138.93    81.81     0.33
11   115.64   139.26    81.81     0.33
11   103.58   144.49    81.81     0.33
11   134.87   164.43    81.81     0.33
11   134.87   178.17    81.81     0.33
11   145.30   185.36    81.81     0.33
11   152.47   172.61    81.81     0.33
11   167.79   175.22    81.81     0.33
11   146.28   103.62    81.81     0.33
11   110.43    91.20    81.81     0.33
11   121.84    76.16    81.81     0.33
11   135.20    87.60    81.81     0.33
11    97.07    55.89    81.81     0.33
11    84.35    76.49    81.81     0.33
11    89.90    63.41    81.81     0.33
11   129.33    60.14    81.81     0.33
11   138.46    66.68    81.81     0.33
11   162.25    84.01    81.81     0.33
11   160.62    91.85    81.81     0.33
11   168.44   106.24    81.81     0.33
11   165.19   113.10    81.81     0.33
11   110.43    98.39    81.81     0.33
11   130.64   110.82    81.81     0.33
11   111.73   109.83    81.81     0.33
11   101.63   118.66    81.81     0.33
11   110.75   127.49    81.81     0.33
11   110.43   162.47    81.81     0.33
11   167.14   162.80    81.81     0.33
11   170.07   143.84    81.81     0.33
11   150.84   145.47    81.81     0.33
11   133.57   101.66    81.81     0.33
11   125.42   100.68    81.81     0.33
11   121.51    92.18    81.81     0.33
11   128.68    68.64    81.81     0.33
11   103.58   105.58    81.81     0.33
11   149.87    59.81    81.81     0.33
11   140.74   121.28    84.16     0.33
11   152.47   121.60    84.16     0.33
11   121.84    84.01    84.16     0.33
11    85.01    88.58    84.16     0.33
11    93.15    78.12    84.16     0.33
11    98.70    73.54    84.16     0.33
11   172.36   135.01    84.16     0.33
11    88.59   131.74    84.16     0.33
11    79.47   137.63    84.16     0.33
11    72.95   119.32    84.16     0.33
11   114.67    84.99    84.16     0.33
11   144.65    92.83    84.16     0.33
11   141.39    98.06    84.16     0.33
11   104.56   126.18    88.48     0.33
11    82.72   113.43    88.48     0.33
11    83.05   125.53    88.48     0.33
11   111.08    70.93    88.48     0.33
11   143.02   111.14    88.48     0.33
11   128.36   128.47    88.48     0.33
11   119.56   121.28    88.48     0.33
11   120.86   110.16    88.48     0.33
11   109.78    58.83    88.48     0.33
11   118.58    64.06    88.48     0.33
11   129.66   118.66    88.48     0.33
11   168.44   187.65    88.48     0.33
11   108.47   175.22    88.48     0.33
11    97.72   166.07    88.48     0.33
11    86.31   145.47    88.48     0.33
11    92.83   112.45    88.48     0.33
11    93.48   125.86    88.48     0.33
11    99.02    99.05    88.48     0.33
11   101.63    88.91    88.48     0.33
11   103.91    78.12    88.48     0.33
11   158.99   177.84    88.48     0.33
11   153.78   109.83    88.48     0.33
11   169.10    76.49    88.48     0.33
11   175.61    94.14    88.48     0.33
11   134.87    76.81    88.48     0.33
11   143.02    82.04    88.48     0.33
11   158.34    53.27    88.48     0.33
11   120.86   148.09    88.48     0.33
11    91.20   101.66    88.48     0.33
11   132.92    52.62    88.48     0.33
11   115.32    50.98    88.48     0.33
11   109.45    52.62    88.48     0.33
11   188.00   104.28    90.14     0.33
11   181.81   117.68    90.14     0.33
11   190.28   114.74    90.14     0.33
11   101.30    62.75    90.14     0.33
11    92.50   138.93    90.14     0.33
11   181.48   148.41    90.14     0.33
11    75.88   129.12    90.14     0.33
11    89.57    84.66    90.14     0.33
11   122.16   174.90    90.14     0.33
11   121.84   165.09    90.14     0.33
11   153.13    70.93    90.14     0.33
11   184.42    93.49    90.14     0.33
11   155.73   134.68    91.20     0.33
11   158.99   157.24    91.20     0.33
11   133.90   155.93    91.20     0.33
11   155.73   100.68    91.20     0.33
11   189.96   125.53    91.20     0.33
11   191.26   140.89    91.20     0.33
11   191.59   133.70    91.20     0.33
11   182.13   141.55    91.20     0.33
11   176.27   170.97    91.20     0.33
11   150.84   159.53    91.20     0.33
11   142.37   149.39    91.20     0.33
11   138.13   140.24    91.20     0.33
11   143.02   132.39    91.20     0.33
11   164.21   123.57    91.20     0.33
11   170.07   126.18    91.20     0.33
11   142.70    50.33    91.20     0.33
11    80.77    98.72    91.20     0.33
11   117.93   154.30    91.20     0.33
11    99.02   152.01    91.20     0.33
11   104.56   158.88    91.20     0.33
11   161.27   142.86    91.20     0.33
11   175.94    80.08    91.20     0.33
11   182.79   130.43    91.20     0.33
11   141.39    61.12    91.20     0.33
11   116.30   160.18    91.20     0.33
11   121.18    74.85    96.96     0.33
11   135.53    86.95    96.96     0.33
11   133.57    96.10    96.96     0.33
11   128.36    90.22    96.96     0.33
11   161.93    91.53    96.96     0.33
11   174.31   104.93    96.96     0.33
11   167.47   111.47    96.96     0.33
11   193.87   104.28    96.96     0.33
11    95.11    60.79    96.96     0.33
11    96.74    53.93    96.96     0.33
11    85.01    77.14    96.96     0.33
11   110.43    90.22    96.96     0.33
11   112.38    96.76    96.96     0.33
11   109.45   110.49    96.96     0.33
11   113.04   137.95    96.96     0.33
11   106.52   144.49    96.96     0.33
11    99.67   145.80    96.96     0.33
11    92.18   154.95    96.96     0.33
11    85.98   139.26    96.96     0.33
11   132.92   165.09    96.96     0.33
11   142.70   165.09    96.96     0.33
11   150.52   172.61    96.96     0.33
11   166.49   174.24    96.96     0.33
11   173.99   160.84    96.96     0.33
11   169.75    83.35    96.96     0.33
11   131.29    66.68    96.96     0.33
11   125.10    57.20    96.96     0.33
11   151.50   147.11    96.96     0.33
11   166.49   157.57    96.96     0.33
11   135.85   179.47    96.96     0.33
11   149.87   185.03    96.96     0.33
11   142.70   186.34    96.96     0.33
11   129.66   148.09    96.96     0.33
11   129.01   139.91    96.96     0.33
11   125.42   100.68    96.96     0.33
11   133.90   109.18    96.96     0.33
11   119.88   132.07    96.96     0.33
11   152.15    93.81    96.96     0.33
11   158.34    79.76    96.96     0.33
11   151.82    84.01    96.96     0.33
11    76.53   106.24    96.96     0.33
11    91.85    71.91    96.96     0.33
11    80.44   119.32    99.54     0.33
11    85.33   132.39    99.54     0.33
11    85.33    90.87    99.54     0.33
11   112.38    83.03    99.54     0.33
11   120.86    83.35    99.54     0.33
11   144.65    90.22    99.54     0.33
11   146.61   102.64    99.54     0.33
11   176.59    70.60    99.54     0.33
11   178.87   108.20    99.54     0.33
11   199.41   121.93    99.54     0.33
11   190.28   119.97    99.54     0.33
11   153.78    61.45    99.54     0.33
11   137.48   121.93    99.54     0.33
11   156.39   118.99    99.54     0.33
11   142.37   157.24    99.54     0.33
11   165.51   165.74    99.54     0.33
11   157.69   165.74    99.54     0.33
11   141.07   172.93    99.54     0.33
11   102.93   134.03    99.54     0.33
11   100.98   106.89    99.54     0.33
11    99.02   117.03    99.54     0.33
11   123.79   114.74    99.54     0.33
11   146.61   124.55    99.54     0.33
11   157.04   125.53    99.54     0.33
11   147.59   140.57    99.54     0.33
11   168.44   149.72    99.54     0.33
11   169.75   139.59    99.54     0.33
11   174.64   132.72    99.54     0.33
11   100.00    71.58    99.54     0.33
11   164.21    69.29    99.54     0.33
11   176.59    94.14   104.99     0.33
11   170.40    98.06   104.99     0.33
11   169.42    76.49   104.99     0.33
11   147.26    75.51   104.99     0.33
11   135.20    77.47   104.99     0.33
11    80.44   125.86   104.99     0.33
11    98.70   163.45   104.99     0.33
11   109.78   170.97   104.99     0.33
11   107.50   178.49   104.99     0.33
11   127.38   180.78   104.99     0.33
11   157.69   174.57   104.99     0.33
11   171.38   184.05   104.99     0.33
11   154.76   107.22   104.99     0.33
11   142.37   115.39   104.99     0.33
11   142.04   108.20   104.99     0.33
11   110.43    69.95   104.99     0.33
11   113.04    61.12   104.99     0.33
11   105.87   124.87   104.99     0.33
11   122.16   123.89   104.99     0.33
11    90.87   111.80   104.99     0.33
11    96.09    99.05   104.99     0.33
11   101.63    99.05   104.99     0.33
11    97.72    88.91   104.99     0.33
11   103.26    77.79   104.99     0.33
11    96.41    81.72   104.99     0.33
11   132.59   130.43   104.99     0.33
11   149.87   112.45   104.99     0.33
11    93.81   131.09   104.99     0.33
11    91.20   123.24   104.99     0.33
11   121.84    66.68   104.99     0.33
11   117.27   103.62   104.99     0.33
11   118.90    92.51   104.99     0.33
11   122.49   147.76   104.99     0.33
11    75.55   116.05   104.99     0.33
11    84.35   144.82   104.99     0.33
11   112.06   119.64   104.99     0.33
11   175.29   118.99   104.99     0.33
11   126.40   158.55   104.99     0.33
11   111.41   148.74   104.99     0.33
11   149.87    67.99   105.90     0.33
11    86.31    84.33   105.90     0.33
11    72.95   126.18   105.90     0.33
11   118.25   167.70   105.90     0.33
11   178.55   151.03   105.90     0.33
11   152.47   158.22   106.88     0.33
11   179.85   143.18   106.88     0.33
11   192.24   139.59   106.88     0.33
11   181.81   118.66   106.88     0.33
11   184.42   132.07   106.88     0.33
11   133.57   156.26   106.88     0.33
11   127.05    79.76   106.88     0.33
11   154.10   134.03   106.88     0.33
11   169.75   123.89   106.88     0.33
11   162.90   134.36   106.88     0.33
11   159.32   146.45   106.88     0.33
11   143.35   148.41   106.88     0.33
11   139.11   133.37   106.88     0.33
11   115.32   155.28   106.88     0.33
11   103.26   155.28   106.88     0.33
11   141.07    65.04   106.88     0.33
11   138.13   141.55   106.88     0.33
11   110.10   162.47   106.88     0.33
11   157.04   100.35   106.88     0.33
11   143.35    55.89   106.88     0.33
11   132.92    58.50   106.88     0.33
11   174.96   171.95   106.88     0.33
11   188.98   110.16   109.76     0.33
11   189.30    97.08   111.66     0.33
11   103.91    57.85   111.66     0.33
11    94.46    60.14   112.56     0.33
11    89.90    74.52   112.56     0.33
11   132.27    96.43   112.56     0.33
11   108.47    96.10   112.56     0.33
11   152.47    92.18   112.56     0.33
11   153.13    74.85   112.56     0.33
11   173.33   102.97   112.56     0.33
11   168.44   112.12   112.56     0.33
11    85.66   138.28   112.56     0.33
11    92.18   152.01   112.56     0.33
11    92.18   157.24   112.56     0.33
11   136.18   178.17   112.56     0.33
11   143.67   166.72   112.56     0.33
11   166.49   175.22   112.56     0.33
11   149.21   179.80   112.56     0.33
11   174.64   159.86   112.56     0.33
11   165.19   158.55   112.56     0.33
11   160.95    90.22   112.56     0.33
11   130.31    86.95   112.56     0.33
11   106.19   140.57   112.56     0.33
11   123.47   139.26   112.56     0.33
11   114.99   133.05   112.56     0.33
11   130.64   146.13   112.56     0.33
11   129.66   105.26   112.56     0.33
11    77.18   107.22   112.56     0.33
11   119.23    76.16   112.56     0.33
11   133.57    69.62   112.56     0.33
11   159.97    81.06   112.56     0.33
11   178.55    84.33   112.56     0.33
11   169.10    64.39   112.56     0.33
11   135.53   162.47   112.56     0.33
11   126.73   168.03   112.56     0.33
11    95.44   139.26   112.56     0.33
11   109.13   108.85   113.47     0.33
11   110.43    83.68   115.22     0.33
11   106.19   116.05   115.22     0.33
11   121.51   115.39   115.22     0.33
11   139.76   121.28   115.22     0.33
11   154.76   126.18   115.22     0.33
11   179.20    69.29   115.22     0.33
11   144.33    98.06   115.22     0.33
11   141.07    89.24   115.22     0.33
11   148.56    61.45   115.22     0.33
11   181.81   106.89   115.22     0.33
11   190.28   119.32   115.22     0.33
11   189.30   133.05   115.22     0.33
11   183.11    93.81   115.22     0.33
11   142.04   157.90   115.22     0.33
11   167.14   146.78   115.22     0.33
11   174.31   133.05   115.22     0.33
11   104.24   131.09   115.22     0.33
11   152.47   119.32   115.22     0.33
11   163.88    96.43   115.22     0.33
11   160.62   121.93   115.22     0.33
11   159.64   111.47   115.22     0.33
11   149.87   143.84   115.22     0.33
11   146.93   130.11   115.22     0.33
11   100.98   147.43   115.22     0.33
11   131.61   120.62   115.22     0.33
11   143.02   175.55   115.22     0.33
11   198.76   123.24   115.22     0.33
11   170.40   139.26   115.22     0.33
11   120.21    55.56   115.22     0.33
11   115.64   178.82   115.22     0.33
11   100.00   170.32   115.22     0.33
11    86.64   130.43   115.22     0.33
11   160.62   163.13   115.22     0.33
11   110.75   147.76   120.14     0.33
11    91.53   108.53   120.14     0.33
11   123.14   123.57   120.14     0.33
11   155.41   173.26   120.14     0.33
11   174.96   166.40   120.14     0.33
11   168.12   166.40   120.14     0.33
11   197.45   142.53   120.14     0.33
11   169.75    78.12   120.14     0.33
11   165.19    73.87   120.14     0.33
11   132.59    76.16   120.14     0.33
11   125.75    71.26   120.14     0.33
11    77.84   120.30   120.14     0.33
11    77.84   127.49   120.14     0.33
11    98.04    87.93   120.14     0.33
11   141.72   113.76   120.14     0.33
11   150.52   109.18   120.14     0.33
11   173.33    94.14   120.14     0.33
11   142.70    74.85   120.14     0.33
11   119.56    91.20   120.14     0.33
11   120.86   103.95   120.14     0.33
11   113.69   100.35   120.14     0.33
11   123.14    65.37   120.14     0.33
11   118.90    62.43   120.14     0.33
11   116.62    70.60   120.14     0.33
11   108.15    74.52   120.14     0.33
11   100.98    69.95   120.14     0.33
11    98.37    78.78   120.14     0.33
11   112.06    58.18   120.14     0.33
11    96.41    99.05   120.14     0.33
11    89.90   121.28   120.14     0.33
11    97.07   128.14   120.14     0.33
11   100.65   120.30   120.14     0.33
11   110.43   122.59   120.14     0.33
11   130.64   133.37   120.14     0.33
11   126.07   155.61   120.14     0.33
11   112.06   169.99   120.14     0.33
11    96.74   162.47   120.14     0.33
11    85.33   113.76   120.14     0.33
11   132.27    54.91   123.78     0.33
11   124.12    81.72   123.78     0.33
11   157.04   101.01   123.78     0.33
11   181.81   144.49   123.78     0.33
11   151.82   155.61   123.78     0.33
11   138.46   153.65   123.78     0.33
11   141.07   144.82   123.78     0.33
11   138.78   136.32   123.78     0.33
11   157.04   144.49   123.78     0.33
11   181.16   118.01   123.78     0.33
11   167.14   130.43   123.78     0.33
11   156.39   135.01   123.78     0.33
11   134.22   111.80   123.78     0.33
11   139.11   103.95   123.78     0.33
11    87.29    86.29   123.78     0.33
11   172.68   124.55   123.78     0.33
11   113.36   155.28   123.78     0.33
11   107.50   161.16   123.78     0.33
11   101.30   156.26   123.78     0.33
11   189.96   109.18   126.50     0.33
11   103.26    84.33   126.50     0.33
11   134.87   172.93   127.87     0.33
11   155.73   178.82   127.87     0.33
11   165.84   173.26   127.87     0.33
11   173.99   158.22   127.87     0.33
11   172.68   148.09   127.87     0.33
11   151.50    94.14   127.87     0.33
11   156.71    78.12   127.87     0.33
11   151.50    77.47   127.87     0.33
11   172.68   100.35   127.87     0.33
11   165.51    85.97   127.87     0.33
11   130.64   100.68   127.87     0.33
11   130.31    94.47   127.87     0.33
11   127.70    86.95   127.87     0.33
11   107.50    95.12   127.87     0.33
11    84.03   137.63   127.87     0.33
11    90.22   148.74   127.87     0.33
11   103.91   135.99   127.87     0.33
11   103.26    58.50   127.87     0.33
11   120.53    75.18   127.87     0.33
11   165.19    65.04   127.87     0.33
11   126.73   146.45   127.87     0.33
11   128.03   164.43   127.87     0.33
11   160.30   155.93   127.87     0.33
11   105.87   105.91   129.76     0.33
11   114.34   134.03   129.76     0.33
11   124.44   138.61   129.76     0.33
11   171.38   112.45   129.76     0.33
11   184.42    96.76   130.74     0.33
11   181.81    87.28   130.74     0.33
11   187.35   131.09   130.74     0.33
11   193.87   120.30   130.74     0.33
11   171.38   139.26   130.74     0.33
11   145.96   173.92   130.74     0.33
11    85.98   130.76   130.74     0.33
11   138.46   158.55   130.74     0.33
11   153.45   184.05   130.74     0.33
11   156.71   127.82   130.74     0.33
11   146.28   131.74   130.74     0.33
11   104.89   115.07   130.74     0.33
11   122.81   116.70   130.74     0.33
11   149.54   115.07   130.74     0.33
11   161.93   105.91   130.74     0.33
11   140.09    95.12   130.74     0.33
11   147.59    64.06   130.74     0.33
11   176.27    68.64   130.74     0.33
11   164.21   115.39   130.74     0.33
11   156.39   118.99   130.74     0.33
11   136.18   120.62   130.74     0.33
11   142.04   124.87   130.74     0.33
11   113.69   111.14   130.74     0.33
11    99.02   144.82   130.74     0.33
11    94.13   137.30   130.74     0.33
11   148.56   146.45   130.74     0.33
11   144.98   163.13   130.74     0.33
11   137.48   182.74   130.74     0.33
11   111.08    84.66   130.74     0.33
11   146.28    86.29   130.74     0.33
11   105.21    65.70   130.74     0.33
11   163.23    93.16   130.74     0.33
11    91.85   106.24   135.82     0.33
11    77.84   123.24   135.82     0.33
11    92.83   125.20   135.82     0.33
11   106.19   121.93   135.82     0.33
11   108.80   127.16   135.82     0.33
11   125.75   122.91   135.82     0.33
11   130.64   132.07   135.82     0.33
11   120.86   129.78   135.82     0.33
11   110.10   144.82   135.82     0.33
11   116.30   148.09   135.82     0.33
11   124.77   157.24   135.82     0.33
11   114.67   169.01   135.82     0.33
11   151.82   161.16   135.82     0.33
11   167.79   161.82   135.82     0.33
11   194.52   133.70   135.82     0.33
11   188.98   142.20   135.82     0.33
11   197.78   143.84   135.82     0.33
11   171.38    88.91   135.82     0.33
11   171.70    76.81   135.82     0.33
11   132.27    74.52   135.82     0.33
11   127.05    70.93   135.82     0.33
11   139.76    80.08   135.82     0.33
11   136.50    87.93   135.82     0.33
11   148.56   102.64   135.82     0.33
11   154.10   109.18   135.82     0.33
11   122.16    95.12   135.82     0.33
11   120.21   107.22   135.82     0.33
11    98.37    98.39   135.82     0.33
11    86.64   117.68   135.82     0.33
11   117.27    65.04   135.82     0.33
11   111.08    71.91   135.82     0.33
11   102.28    74.52   135.82     0.33
11    92.50    92.51   135.82     0.33
11    79.14   105.91   135.82     0.33
11   135.85   110.16   139.46     0.33
11   173.33   124.22   139.46     0.33
11   166.16   131.74   139.46     0.33
11   156.06   141.22   139.46     0.33
11   136.83   142.86   139.46     0.33
11   135.20   152.99   139.46     0.33
11   113.69   157.24   139.46     0.33
11   104.56   155.28   139.46     0.33
11   181.81   146.45   139.46     0.33
11   164.21   123.57   141.80     0.33
11   188.33   108.20   141.80     0.33
11   142.04   100.35   141.80     0.33
11   118.25    84.01   141.80     0.33
11   124.44    79.43   141.80     0.33
11   102.93    89.24   141.80     0.33
11   145.30   108.85   141.80     0.33
11   131.29   101.66   143.62     0.33
11   127.38    90.55   143.62     0.33
11   158.67    81.06   143.62     0.33
11   166.16    66.68   143.62     0.33
11   171.70   101.66   143.62     0.33
11   156.06    97.74   143.62     0.33
11   151.82    90.22   143.62     0.33
11   170.73   146.45   143.62     0.33
11   166.81   172.28   143.62     0.33
11   136.83   173.59   143.62     0.33
11   125.10   146.78   143.62     0.33
11   127.70    84.33   143.62     0.33
11   132.59    80.74   143.62     0.33
11   109.45    97.74   143.62     0.33
11   103.26   135.01   143.62     0.33
11   158.34   152.34   143.62     0.33
11   137.81    69.95   146.27     0.33
11   164.53   106.24   146.27     0.33
11   144.98   131.09   146.27     0.33
11   155.41   126.18   146.27     0.33
11   160.30   131.74   146.27     0.33
11   173.33   116.70   146.27     0.33
11   175.29   142.20   146.27     0.33
11   140.74   161.16   146.27     0.33
11   145.96   172.28   146.27     0.33
11   153.45   178.82   146.27     0.33
11   139.76   123.24   146.27     0.33
11   148.56   116.05   146.27     0.33
11   147.91   142.86   146.27     0.33
11   133.24   119.32   146.27     0.33
11   117.60   118.99   146.27     0.33
11   109.45   106.89   146.27     0.33
11   101.30   112.12   146.27     0.33
11    96.41   117.68   146.27     0.33
11    96.09   138.28   146.27     0.33
11    87.61   129.78   146.27     0.33
11    97.07   146.13   146.27     0.33
11   117.27   139.26   146.27     0.33
11   110.43   121.60   157.48     0.33
11   123.79   126.51   157.48     0.33
11   133.90   132.39   157.48     0.33
11   135.20   152.01   157.48     0.33
11   143.67   153.97   157.48     0.33
11   150.52   160.84   157.48     0.33
11   168.12   162.47   157.48     0.33
11   173.99   128.14   157.48     0.33
11   155.41   110.16   157.48     0.33
11   144.33   102.64   157.48     0.33
11   137.81    93.81   157.48     0.33
11   125.10    70.93   157.48     0.33
11   133.90    86.95   157.48     0.33
11   168.12    74.52   157.48     0.33
11   159.32    74.85   157.48     0.33
11   189.30   136.64   159.61     0.33
11   165.19   144.16   159.61     0.33
11   156.71   151.68   159.61     0.33
11   165.19   172.28   159.61     0.33
11   128.36    84.33   159.61     0.33
11   153.45   127.49   169.91     0.33
11   162.25   133.05   169.91     0.33
11   174.96   106.24   169.91     0.33
11   155.41    93.16   169.91     0.33
11   160.62   103.30   169.91     0.33
11   173.01    94.14   169.91     0.33
11   152.80    84.01   169.91     0.33
11    90.87   152.01   158.70     0.33
11   107.17   151.36   158.70     0.33
11   112.71   163.45   158.70     0.33
11   116.95   150.05   160.74     0.33
11   124.77   145.47   160.74     0.33
11   104.56   139.59   159.83     0.33
11   102.28   129.45   159.83     0.33
11   123.47   170.32   159.00     0.33
11    88.27   140.24   159.00     0.33
11   128.03    99.70   159.00     0.33
11   121.18    93.81   159.00     0.33
11   117.27    80.74   159.00     0.33
11   109.13    88.26   159.00     0.33
11   128.03   111.80   158.24     0.33
11   117.27   108.53   158.24     0.33
11   114.99    99.37   158.24     0.33
11   136.50   141.88   158.24     0.33
12   128.09    66.04     0.00     0.33
12   114.73    84.68     0.00     0.33
12   116.36   111.81     0.00     0.33
12   125.75   137.95    18.03     0.33
12   119.56   137.30    18.03     0.33
12   152.47    55.56    25.75     0.33
12   153.13    49.68    34.85     0.33
12   163.23    53.93    35.98     0.33
12   165.84    64.06    35.22     0.33
12   165.84    84.01    31.89     0.33
12   150.19    83.03    47.50     0.33
12   149.54    92.51    53.48     0.33
12   176.27   131.74    63.25     0.33
12   169.75   131.74    63.25     0.33
12   171.70   145.80    51.13     0.33
12   139.76   170.97    52.34     0.33
12   101.95   159.86    43.25     0.33
12   109.45   160.84    46.28     0.33
12   161.60   174.24    65.45     0.33
12   122.81   181.76    82.64     0.33
12   157.36   187.97    83.48     0.33
12   149.87   180.45    75.90     0.33
12   143.02   177.84    76.81     0.33
12   178.55   170.97    74.39     0.33
12    93.81   158.22    79.46     0.33
12    87.61   153.97    82.11     0.33
12   124.44   170.97    74.99     0.33
12   117.93   169.67    74.99     0.33
12   147.26   161.16    75.14     0.33
12   173.01   166.40    57.95     0.33
12   145.96   151.03    25.98     0.33
12   140.41   143.51    25.98     0.33
12   151.82   144.49    25.98     0.33
12   144.98   137.63    25.98     0.33
12   182.79   162.47    81.51     0.33
12   198.43   135.01    83.17     0.33
12   199.08   125.53    83.17     0.33
12   198.43   148.41   102.57     0.33
12   195.82   153.65   102.57     0.33
12   186.04   167.05   103.40     0.33
12   181.16   176.53   103.40     0.33
12   159.64   183.40   114.23     0.33
12   151.50   186.67   114.23     0.33
12   190.61   147.76   116.96     0.33
12   160.62    59.81   119.15     0.33
12   131.94    56.22   142.33     0.33
12   128.68    59.81   142.33     0.33
12   150.84    70.60   142.33     0.33
12   146.93    73.22   142.33     0.33
12   177.24    82.04   142.33     0.33
12   180.83   106.89   142.33     0.33
12   181.16   115.39   142.33     0.33
12   180.83   126.84   142.33     0.33
12   129.01   164.43   151.05     0.33
12   190.93    95.12    96.13     0.33
12   180.50    84.33    93.63     0.33
12   175.94    72.24    81.96     0.33
12   162.25    69.62    83.10     0.33
12   160.95    59.81    73.17     0.33
12   117.60   154.30    44.16     0.33
12   147.26   169.67    59.77     0.33
12   188.00   152.01    75.90     0.33
12   123.79   186.01    99.69     0.33
12   199.41   133.05   100.67     0.33
12   202.34   135.34   120.29     0.33
12   196.15   132.72   120.29     0.33
12   154.43    56.87   117.56     0.33
12   166.81   183.72   126.05     0.33
12   170.73   178.49   131.73     0.33
12   174.96   167.70   142.71     0.33
12   144.65    91.53   148.77     0.33
12   147.59    81.72   152.48     0.33
12   143.02    84.66   152.11     0.33
12   164.86    94.47   155.44     0.33
12   166.81   115.07   160.44     0.33
12    97.07   161.82   146.12     0.33
12    85.33    98.06   114.53     0.33
12   162.58    61.12    96.88     0.33
12   147.26    67.66    87.79     0.33
