11   -79.85    24.19     0.38     0.33
11   -80.18    38.91     0.38     0.33
11   -63.56    21.25     0.38     0.33
11   -49.87    33.68     0.38     0.33
11   -58.67    40.21     0.38     0.33
11   -70.73    56.56     0.38     0.33
11   -77.57    57.87     0.38     0.33
11   -74.64    65.39     0.38     0.33
11   -75.94    75.52     0.38     0.33
11   -63.56    58.85     0.38     0.33
11   -59.97    47.41     0.38     0.33
11    -0.98    55.25     0.38     0.33
11   -10.43    41.85     0.38     0.33
11   -21.19    37.93     0.38     0.33
11   -28.36    79.12     0.38     0.33
11   -21.84    90.24     0.38     0.33
11   -10.10    89.58     0.38     0.33
11     1.30    98.74     0.38     0.33
11   -24.44   104.62     0.38     0.33
11   -12.71    97.10     0.38     0.33
11    12.71    91.22     0.38     0.33
11     9.45    70.95     0.38     0.33
11     8.15    81.74     0.38     0.33
11    -5.54    63.75     0.38     0.33
11    -1.63    73.24     0.38     0.33
11   -29.01    68.33     0.38     0.33
11   -37.48    60.81     0.38     0.33
11   -88.00    57.87     0.38     0.33
11   -96.48    44.79     0.38     0.33
11   -85.39    33.68     0.38     0.33
11   -22.49    50.35     2.12     0.33
11    -9.78    54.60     2.12     0.33
11   -15.97    68.33     2.12     0.33
11    -3.26    86.64     2.12     0.33
11    -6.84    79.77     2.95     0.33
11     4.89    54.27     2.95     0.33
11   -43.02    55.58     2.95     0.33
11   -55.73    57.22     2.95     0.33
11   -44.00    35.31     3.86     0.33
11   -67.14    34.98     3.86     0.33
11   -58.34    30.08     3.86     0.33
11   -74.96    42.18     3.86     0.33
11   -70.07    50.02     3.86     0.33
11   -84.09    47.41     4.70     0.33
11   -77.57    51.98     4.70     0.33
11   -91.59    52.96     4.70     0.33
11   -92.24    37.27     5.53     0.33
11   -87.35    64.73     5.53     0.33
11   -81.48    69.97     5.53     0.33
11   -43.67    46.10     5.53     0.33
11   -35.53    49.70     5.53     0.33
11   -28.68    57.54     5.53     0.33
11   -17.60    54.60     5.53     0.33
11    -2.28    45.77     5.53     0.33
11    11.41    58.52     5.53     0.33
11   -45.63    75.20     5.53     0.33
11   -55.41    75.20     5.53     0.33
11   -64.86    79.45     5.53     0.33
11   -53.78    65.06     5.53     0.33
11   -37.81    68.66     5.53     0.33
11   -36.50    78.47     5.53     0.33
11   -32.59    91.87     5.53     0.33
11   -42.04    93.18     5.53     0.33
11   -47.59    85.99     5.53     0.33
11   -51.50    91.87     5.53     0.33
11   -57.69    86.97     5.53     0.33
11   -33.57   100.37     6.36     0.33
11    10.10   102.99     7.20     0.33
11    18.25    81.08     7.20     0.33
11     1.96    65.39     7.20     0.33
11   -21.84    74.54     7.20     0.33
11   -29.99    43.81     7.20     0.33
11   -34.55    36.29     7.20     0.33
11   -26.73    29.10     7.20     0.33
11   -58.02    16.35     7.20     0.33
11   -42.04    20.27     7.20     0.33
11   -76.59    34.66     8.03     0.33
11   -70.73    15.04     8.03     0.33
11   -89.30    19.94     8.03     0.33
11   -21.84    97.43     8.86     0.33
11     3.91    89.91     8.86     0.33
11   -10.76   102.01     8.86     0.33
11   -45.63    65.39     8.86     0.33
11   -11.08    33.35    11.36     0.33
11    -4.89    39.89    11.36     0.33
11   -19.56    29.10    11.36     0.33
11   -35.53    21.58    11.36     0.33
11   -52.47    41.52    10.07     0.33
11   -11.08    73.56    10.07     0.33
11   -37.48    85.66    10.98     0.33
11   -26.40    85.33    10.98     0.33
11   -48.24    25.83    12.65     0.33
11   -81.81    39.23    15.53     0.33
11   -62.90    25.50    15.53     0.33
11   -51.82    34.66    16.51     0.33
11   -62.58    39.89    16.51     0.33
11   -58.34    47.41    17.35     0.33
11   -64.86    58.20    16.36     0.33
11   -74.31    58.85    16.36     0.33
11   -30.31    63.43    16.36     0.33
11   -10.76    63.75    16.36     0.33
11    -2.61    58.52    16.36     0.33
11     7.82    73.89    16.36     0.33
11     0.33    75.52    16.36     0.33
11     3.91    82.72    16.36     0.33
11   -12.71    89.91    16.36     0.33
11   -21.51    82.06    16.36     0.33
11    -4.89    94.16    16.36     0.33
11     2.61    98.74    16.36     0.33
11    11.73    85.01    17.20     0.33
11    14.67    77.16    17.20     0.33
11    -9.78    53.62    18.03     0.33
11   -18.90    40.54    18.03     0.33
11   -21.19    47.08    18.03     0.33
11   -20.86    63.75    18.03     0.33
11   -28.68    69.31    18.86     0.33
11   -29.66    76.18    18.86     0.33
11    -8.47    79.12    18.86     0.33
11    -5.21    85.33    18.86     0.33
11   -26.73   105.60    18.86     0.33
11   -12.39   111.16    18.86     0.33
11    15.97    93.51    18.86     0.33
11     3.59    52.31    18.86     0.33
11   -40.42    59.18    18.86     0.33
11   -55.73    55.58    18.86     0.33
11   -71.70    65.39    18.86     0.33
11   -83.11    59.18    18.86     0.33
11   -38.13    31.39    18.86     0.33
11   -26.73    37.27    18.86     0.33
11   -47.91    52.31    18.86     0.33
11   -63.23    68.00    18.86     0.33
11   -46.93    14.71    18.86     0.33
11   -80.83     6.87    18.86     0.33
11   -97.78    17.33    18.86     0.33
11   -56.06     6.21    18.86     0.33
11   -99.41    29.10    19.69     0.33
11   -58.34    33.68    19.69     0.33
11   -73.99    40.87    19.69     0.33
11   -68.45    51.00    19.69     0.33
11   -68.77    32.37    19.69     0.33
11   -93.87    44.79    19.69     0.33
11     8.80    66.70    19.69     0.33
11   -44.98    33.35    19.69     0.33
11   -86.70    33.35    19.69     0.33
11   -78.55    77.49    19.69     0.33
11   -20.21    90.24    19.69     0.33
11   -31.29    91.22    20.60     0.33
11   -35.53    75.52    20.60     0.33
11   -39.11    69.31    20.60     0.33
11   -18.25    53.62    20.60     0.33
11   -25.75    53.62    20.60     0.33
11   -34.22    55.58    20.60     0.33
11   -39.76    40.54    20.60     0.33
11   -40.42    49.04    20.60     0.33
11    -4.24    48.06    20.60     0.33
11   -79.20    66.70    20.60     0.33
11   -79.20    52.31    20.60     0.33
11   -84.09    46.43    20.60     0.33
11   -89.30    51.00    20.60     0.33
11   -87.35    64.73    20.60     0.33
11   -41.07    95.47    20.60     0.33
11   -47.26    85.33    20.60     0.33
11   -44.98    76.83    20.60     0.33
11   -51.50    71.93    20.60     0.33
11   -55.08    78.79    20.60     0.33
11   -63.23    77.49    20.60     0.33
11   -55.41    64.41    20.60     0.33
11   -59.97    86.64    20.60     0.33
11   -54.43    91.54    20.60     0.33
11   -49.54    97.43    20.60     0.33
11   -68.45    84.68    20.60     0.33
11   -34.22   107.89    20.60     0.33
11   -13.04    97.10    20.60     0.33
11   -17.60   104.62    20.60     0.33
11   -31.62    99.72    21.51     0.33
11     1.96   111.49    21.51     0.33
11   -21.19    73.89    22.35     0.33
11    -3.26    68.66    22.35     0.33
11     2.93    62.12    22.35     0.33
11   -32.92    45.77    22.35     0.33
11   -62.58    18.64    22.35     0.33
11   -29.01    28.77    22.35     0.33
11   -30.31     7.85    22.35     0.33
11   -22.16    17.00    22.35     0.33
11   -12.71    23.21    22.35     0.33
11    -3.26    29.75    22.35     0.33
11     4.56    39.89    22.35     0.33
11    11.08    50.35    22.35     0.33
11    17.27    56.89    22.35     0.33
11    22.82    79.77    22.35     0.33
11    24.44    87.62    22.35     0.33
11    13.04   101.03    22.35     0.33
11    12.39   108.55    22.35     0.33
11    -0.00   121.30    22.35     0.33
11   -96.80    51.00    22.35     0.33
11   -76.92    34.33    24.09     0.33
11   -46.93    65.06    24.09     0.33
11   -23.14    96.45    24.09     0.33
11    -7.50   102.66    24.09     0.33
11     3.91    89.91    24.09     0.33
11     9.45    90.24    24.09     0.33
11   -53.45    42.18    25.98     0.33
11   -14.01    71.93    25.98     0.33
11   -77.90    25.83    25.98     0.33
11   -37.81    14.06    25.98     0.33
11   -73.33    14.71    25.98     0.33
11   -86.05    21.25    25.98     0.33
11   -55.41    20.60    25.98     0.33
11   -28.36    83.04    28.10     0.33
11   -35.20    82.72    28.10     0.33
11   -41.07    87.29    28.10     0.33
11    -7.82    34.98    28.10     0.33
11   -14.99    31.39    28.10     0.33
11   -21.19    29.10    28.10     0.33
11   -32.92    21.58    28.10     0.33
11   -51.82    26.48    28.10     0.33
11   -63.88    26.48    30.60     0.33
11   -81.48    40.21    30.60     0.33
11     2.93    74.87    31.51     0.33
11     3.91    81.41    31.51     0.33
11    -1.96    58.52    31.51     0.33
11   -10.43    63.43    31.51     0.33
11     2.61    97.10    31.51     0.33
11    -4.56    93.51    31.51     0.33
11    -9.45    90.24    31.51     0.33
11   -15.64    83.04    31.51     0.33
11   -62.58    58.85    31.51     0.33
11   -73.01    57.54    31.51     0.33
11   -73.99    48.39    31.51     0.33
11    12.39    73.56    32.35     0.33
11    13.04    79.77    32.35     0.33
11    14.34    85.33    32.35     0.33
11   -52.15    35.31    32.35     0.33
11   -63.88    40.87    32.35     0.33
11   -70.73    21.25    32.35     0.33
11    -3.91    41.85    32.35     0.33
11   -13.69    43.81    33.25     0.33
11   -10.43    52.96    33.25     0.33
11   -21.51    45.45    33.25     0.33
11   -20.53    59.50    33.25     0.33
11   -31.94    62.77    33.25     0.33
11   -21.19    67.02    33.25     0.33
11   -60.30    48.06    33.25     0.33
11   -91.26    57.22    33.25     0.33
11   -71.38    71.93    33.25     0.33
11    18.25    68.66    33.25     0.33
11   -94.85    36.29    33.25     0.33
11   -89.30    39.23    33.25     0.33
11   -66.49    13.40    33.25     0.33
11   -89.63    12.75    33.25     0.33
11   -93.22    24.19    33.25     0.33
11   -25.42   112.14    33.25     0.33
11   -41.72   103.97    33.25     0.33
11    22.16    97.76    33.25     0.33
11    -7.82    79.45    34.39     0.33
11   -27.38    73.24    34.39     0.33
11   -41.07    59.18    34.39     0.33
11   -53.78    55.91    34.39     0.33
11   -50.85    48.39    34.39     0.33
11   -14.67    39.23    34.39     0.33
11   -23.14    38.25    34.39     0.33
11   -37.81    33.68    34.39     0.33
11   -64.21    65.72    34.39     0.33
11   -73.99    63.75    34.39     0.33
11    10.43    62.45    35.22     0.33
11     2.93    52.64    35.22     0.33
11   -45.96    33.02    35.22     0.33
11   -47.26    40.21    35.22     0.33
11   -58.99    34.00    35.22     0.33
11   -68.12    34.98    35.22     0.33
11   -66.82    54.93    35.22     0.33
11   -75.94    76.18    35.22     0.33
11   -82.46    59.18    35.22     0.33
11   -21.84    88.60    35.22     0.33
11   -78.55    52.64    36.81     0.33
11   -86.37    52.31    36.81     0.33
11   -94.19    44.79    36.81     0.33
11   -74.31    41.52    36.81     0.33
11   -67.47    48.06    36.81     0.33
11    -5.54    51.00    36.81     0.33
11   -23.47    52.31    36.81     0.33
11   -30.64    55.25    36.81     0.33
11   -41.72    51.33    36.81     0.33
11   -40.42    41.52    36.81     0.33
11   -38.46    65.39    36.81     0.33
11   -34.55    71.93    36.81     0.33
11    -4.89    85.99    36.81     0.33
11   -14.34    95.14    36.81     0.33
11   -22.82   103.31    36.81     0.33
11   -29.66    93.18    36.81     0.33
11   -30.31   102.99    36.81     0.33
11   -37.81    96.12    36.81     0.33
11   -38.13    76.18    36.81     0.33
11   -44.00    70.62    36.81     0.33
11   -46.61    78.47    36.81     0.33
11   -56.71    64.73    36.81     0.33
11   -58.02    79.45    36.81     0.33
11   -52.15    71.27    36.81     0.33
11   -61.93    71.93    36.81     0.33
11   -69.75    78.14    36.81     0.33
11   -48.56    92.53    36.81     0.33
11   -54.10    86.64    36.81     0.33
11   -52.47   101.35    36.81     0.33
11   -59.65    94.16    36.81     0.33
11   -65.84    87.62    36.81     0.33
11   -80.83    68.99    36.81     0.33
11   -86.37    64.73    36.81     0.33
11   -30.31    35.31    36.81     0.33
11   -44.65     8.83    36.81     0.33
11   -85.07    29.10    36.81     0.33
11     6.19    68.99    36.81     0.33
11    15.64    94.16    36.81     0.33
11   -35.85   113.78    36.81     0.33
11     4.56   114.76    36.81     0.33
11   -30.64    44.46    37.65     0.33
11   -34.87    51.66    37.65     0.33
11     1.63    64.08    37.65     0.33
11    -3.59    69.97    37.65     0.33
11   -20.53    77.16    37.65     0.33
11   -83.11     8.50    37.65     0.33
11   -10.78    25.44    39.47     0.33
11   -33.59    13.35    39.47     0.33
11     4.54    46.04    39.47     0.33
11    12.69    54.54    39.47     0.33
11    23.45    61.41    39.47     0.33
11    24.10    74.81    39.47     0.33
11    23.12    90.83    39.47     0.33
11     8.78   105.87    39.47     0.33
11    -4.26   111.76    39.47     0.33
11   -19.90   119.60    39.47     0.33
11    -1.65   127.12    39.47     0.33
11     2.26   119.93    39.47     0.33
11    16.27   118.62    39.47     0.33
11    22.47   111.76    39.47     0.33
11   -50.87   107.18    39.47     0.33
11   -72.38    84.29    39.47     0.33
11   -83.79    77.75    39.47     0.33
11  -100.41    34.92    39.47     0.33
11   -98.45    48.66    39.47     0.33
11   -83.13    47.35    39.47     0.33
11   -98.13    21.19    39.47     0.33
11   -46.63     4.19    39.47     0.33
11   -16.97    24.14    39.47     0.33
11   -28.05    28.39    39.47     0.33
11   -24.14    21.19    39.47     0.33
11    -5.89    99.99    39.47     0.33
11     6.17    88.22    39.47     0.33
11    28.99    93.45    39.47     0.33
11    27.03    84.62    39.47     0.33
11    19.86   104.89    39.47     0.33
11   -75.64    32.31    39.47     0.33
11   -60.64    18.58    39.47     0.33
11   -17.30    51.60    39.47     0.33
11   -48.26    63.04    39.47     0.33
11   -27.07    65.98    39.47     0.33
11   -62.27   103.58    39.47     0.33
11   -64.23    96.72    39.47     0.33
11   -36.53    27.41    39.47     0.33
11   -80.85    33.94    39.47     0.33
11   -76.62    25.77    41.21     0.33
11   -79.22    17.27    41.21     0.33
11   -40.76    19.89    41.21     0.33
11   -53.15    18.90    41.21     0.33
11   -47.61    55.85    41.21     0.33
11   -10.45    72.52    41.21     0.33
11   -16.97    70.89    41.21     0.33
11     9.76    97.70    41.21     0.33
11   -15.99   101.95    41.21     0.33
11   -45.00   112.08    41.21     0.33
11     8.45   120.58    41.21     0.33
11    12.04   110.78    41.21     0.33
11   -88.02    72.85    41.21     0.33
11   -55.43    41.46    41.21     0.33
11   -41.09    86.58    43.33     0.33
11   -29.03    84.29    43.33     0.33
11   -30.99    79.06    43.33     0.33
11   -71.07    97.04    43.33     0.33
11   -50.21    23.81    43.33     0.33
11   -55.76    29.37    43.33     0.33
11   -17.30    31.00    43.33     0.33
11   -10.13    32.96    43.33     0.33
11    -2.96    34.60    43.33     0.33
11    16.27    59.45    43.33     0.33
11   -21.86    96.72    43.33     0.33
11    14.97   102.60    43.33     0.33
11   -17.62   111.76    45.53     0.33
11   -91.93    50.29    46.51     0.33
11   -65.53    29.69    46.51     0.33
11   -61.62    25.77    46.51     0.33
11    30.94    75.47    47.50     0.33
11    19.21    80.70    47.50     0.33
11    11.06    80.37    47.50     0.33
11    -4.58    60.10    47.50     0.33
11   -13.06    62.06    47.50     0.33
11    -6.21    41.46    47.50     0.33
11   -32.94    20.54    47.50     0.33
11     1.28    97.37    47.50     0.33
11   -12.41    89.20    47.50     0.33
11   -18.27    83.64    47.50     0.33
11    -4.58    92.14    47.50     0.33
11     3.89    75.79    47.50     0.33
11     0.63    82.33    47.50     0.33
11   -42.39   104.89    49.62     0.33
11   -27.07   110.45    49.62     0.33
11   -66.51    63.70    49.62     0.33
11   -69.77    68.60    49.62     0.33
11   -74.99    67.29    49.62     0.33
11   -75.64    58.79    49.62     0.33
11   -56.08    55.52    49.62     0.33
11   -88.35    40.16    49.62     0.33
11   -89.33    57.81    49.62     0.33
11   -17.30    38.85    49.62     0.33
11   -17.62    44.08    49.62     0.33
11   -21.21    58.46    49.62     0.33
11   -52.50    48.33    49.62     0.33
11   -59.67    48.66    49.62     0.33
11    13.34    69.91    49.62     0.33
11    26.38    99.01    49.62     0.33
11    14.65    87.24    49.62     0.33
11    21.16    66.97    49.62     0.33
11    -5.24    76.77    49.62     0.33
11    12.04    42.12    49.62     0.33
11    16.93    48.00    49.62     0.33
11    19.86    52.58    49.62     0.33
11   -23.81    35.25    49.62     0.33
11   -39.13    35.58    49.62     0.33
11   -67.16    21.85    49.62     0.33
11    19.86    98.02    49.62     0.33
11   -57.71    36.23    50.75     0.33
11   -71.40    36.23    50.75     0.33
11   -81.50    60.10    50.75     0.33
11   -67.82    55.85    50.75     0.33
11   -75.64    77.75    50.75     0.33
11     1.61    52.58    50.75     0.33
11     7.47    60.43    50.75     0.33
11   -37.83    58.79    50.75     0.33
11   -47.28    29.69    52.42     0.33
11   -48.26    39.83    52.42     0.33
11   -32.61    38.19    52.42     0.33
11   -39.79    69.91    52.42     0.33
11   -55.76    93.77    52.42     0.33
11   -26.42   100.64    52.42     0.33
11   -22.51   105.54    52.42     0.33
11   -34.24    99.99    52.42     0.33
11   -58.36    74.48    52.42     0.33
11   -70.42    45.39    52.42     0.33
11   -86.39    66.64    52.42     0.33
11   -79.22    68.93    52.42     0.33
11   -71.40    73.50    52.42     0.33
11   -42.39    92.79    52.42     0.33
11     2.26   109.47    52.42     0.33
11     4.87    39.18    53.25     0.33
11    -6.54    48.98    53.25     0.33
11   -11.10    55.85    53.25     0.33
11    -2.63    67.62    53.25     0.33
11   -43.70    46.69    53.25     0.33
11   -28.70    54.54    53.25     0.33
11   -29.36    44.08    53.25     0.33
11   -63.90    40.81    53.25     0.33
11   -76.29    50.29    53.25     0.33
11   -77.59    40.48    53.25     0.33
11   -59.02    62.72    53.25     0.33
11   -52.50    72.85    53.25     0.33
11   -62.60    83.97    53.25     0.33
11   -68.47    89.85    53.25     0.33
11   -52.82    79.39    53.25     0.33
11   -42.07    80.04    53.25     0.33
11   -22.19    76.45    53.25     0.33
11   -31.96    91.49    53.25     0.33
11   -23.49    88.87    53.25     0.33
11   -49.89    87.89    53.25     0.33
11   -48.26    98.02    53.25     0.33
11   -66.51    76.77    53.25     0.33
11   -13.06    95.41    53.25     0.33
11    -5.89   121.56    53.25     0.33
11   -33.27    71.22    53.25     0.33
11   -35.87    12.04    55.07     0.33
11   -48.91     5.17    55.07     0.33
11   -59.67    15.96    55.07     0.33
11   -74.01    29.37    55.07     0.33
11   -79.55    32.96    55.07     0.33
11   -92.91    37.54    55.07     0.33
11   -38.48    53.23    55.07     0.33
11   -26.75    66.31    55.07     0.33
11     9.10    74.48    55.07     0.33
11   -17.95    50.95    55.07     0.33
11   -11.76    23.81    55.07     0.33
11    24.42    62.06    55.07     0.33
11     7.15    89.85    55.07     0.33
11    23.12   112.41    55.07     0.33
11    13.34   120.58    55.07     0.33
11     3.24   119.93    55.90     0.33
11   -41.09   114.37    55.90     0.33
11   -53.47   106.53    55.90     0.33
11   -63.58    98.02    56.81     0.33
11    -6.54   128.10    56.81     0.33
11     0.30   128.10    56.81     0.33
11    10.73   109.47    56.81     0.33
11    -2.30   114.05    56.81     0.33
11     3.24   104.56    56.81     0.33
11     9.10    95.08    56.81     0.33
11    22.79    83.97    56.81     0.33
11    19.86   104.89    56.81     0.33
11    -8.82    71.54    56.81     0.33
11    -5.56    26.75    56.81     0.33
11   -46.96    57.16    56.81     0.33
11   -24.47    19.89    56.81     0.33
11   -31.96    30.35    56.81     0.33
11   -39.46    27.08    56.81     0.33
11   -50.54    65.33    56.81     0.33
11   -81.83    81.35    56.81     0.33
11   -84.44    73.18    56.81     0.33
11    -6.87   101.62    58.93     0.33
11   -32.61    80.37    58.93     0.33
11    -5.89    31.66    58.93     0.33
11   -15.67    31.98    58.93     0.33
11   -52.82    22.83    58.93     0.33
11   -42.72    14.33    58.93     0.33
11    16.60    58.14    58.93     0.33
11    31.27    85.93    58.93     0.33
11   -18.93    96.06    58.93     0.33
11   -17.62    69.58    58.93     0.33
11     9.43    51.27    58.93     0.33
11   -26.75   120.26    61.81     0.33
11   -15.67   126.80    61.81     0.33
11   -14.36   101.62    61.81     0.33
11    -5.24   106.20    61.81     0.33
11    -7.84   112.74    61.81     0.33
11   -11.76    78.08    61.81     0.33
11   -72.05    94.76    61.81     0.33
11   -64.23    28.06    61.81     0.33
11   -82.16    47.02    61.81     0.33
11   -44.67    19.23    61.81     0.33
11   -22.19    27.41    61.81     0.33
11    23.12    74.81    61.81     0.33
11    29.64    56.50    61.81     0.33
11    18.23   115.35    61.81     0.33
11    -4.58    87.56    63.55     0.33
11   -14.04    87.24    63.55     0.33
11   -18.60    82.99    63.55     0.33
11     5.84    79.72    63.55     0.33
11     2.91    71.87    63.55     0.33
11    -1.33    59.77    63.55     0.33
11   -10.78    62.39    63.55     0.33
11    32.57    73.50    63.55     0.33
11   -15.01   108.16    63.55     0.33
11   -18.60   116.99    63.55     0.33
11     2.26    45.06    63.55     0.33
11    -7.19    38.52    63.55     0.33
11   -10.45    43.10    63.55     0.33
11   -35.55    18.25    63.55     0.33
11   -27.73    34.27    65.30     0.33
11   -18.93    36.23    65.30     0.33
11   -19.90    41.14    65.30     0.33
11    21.82    66.97    65.30     0.33
11    27.36   100.64    65.30     0.33
11    -2.63    78.74    65.30     0.33
11    15.30    65.98    65.30     0.33
11    21.82    49.96    65.30     0.33
11   -66.51    63.37    65.30     0.33
11   -64.56    49.31    65.30     0.33
11   -84.11    40.48    65.30     0.33
11   -64.56    20.54    65.30     0.33
11   -38.16   103.91    65.30     0.33
11    22.14    94.43    65.30     0.33
11   -41.09    37.21    65.30     0.33
11   -56.41    52.25    65.30     0.33
11   -30.01   107.51    65.30     0.33
11   -21.21    60.10    65.30     0.33
11   -76.94    58.46    65.30     0.33
11   -89.65    57.81    65.30     0.33
11    13.34    82.99    65.30     0.33
11     1.28    98.02    65.30     0.33
11    13.02   100.97    65.30     0.33
11   -64.88    57.16    66.96     0.33
11   -58.69    34.60    66.96     0.33
11   -72.70    36.23    66.96     0.33
11   -74.33    78.74    66.96     0.33
11   -45.33    68.93    66.96     0.33
11   -33.92    56.83    66.96     0.33
11     1.61    55.85    66.96     0.33
11   -46.30    91.81    68.93     0.33
11   -23.16   104.24    68.93     0.33
11   -56.41    91.81    68.93     0.33
11   -58.69    73.83    68.93     0.33
11   -32.29    69.91    68.93     0.33
11   -60.97    40.48    68.93     0.33
11   -73.03    44.41    68.93     0.33
11   -71.07    53.89    68.93     0.33
11   -63.90    67.95    68.93     0.33
11   -37.83    84.62    68.93     0.33
11   -28.70    83.64    68.93     0.33
11   -27.73    89.85    68.93     0.33
11   -32.61    39.18    68.93     0.33
11   -46.30    30.67    68.93     0.33
11   -49.56    41.14    68.93     0.33
11   -89.98    68.27    68.93     0.33
11   -69.44    73.83    68.93     0.33
11   -63.58    85.60    68.93     0.33
11   -37.18    95.08    68.93     0.33
11   -10.45    92.79    68.93     0.33
11    -7.84    50.95    68.93     0.33
11   -41.74    72.20    68.93     0.33
11   -21.21    74.81    68.93     0.33
11    34.53    62.06    68.93     0.33
11   -49.89    74.48    68.93     0.33
11   -55.10    79.06    68.93     0.33
11   -81.18    66.97    68.93     0.33
11   -43.70    80.70    68.93     0.33
11   -57.71    62.06    68.93     0.33
11   -27.73    45.71    68.93     0.33
11   -27.07    54.87    68.93     0.33
11    11.06    45.39    68.93     0.33
11    -2.63    66.97    68.93     0.33
11   -45.65    99.99    68.93     0.33
11   -51.19   107.18    72.34     0.33
11   -44.35   113.39    72.34     0.33
11   -62.93    99.66    72.34     0.33
11   -89.33    39.18    72.34     0.33
11   -60.32    16.62    72.34     0.33
11   -51.84    17.60    72.34     0.33
11   -82.16    28.39    72.34     0.33
11   -34.57     9.10    72.34     0.33
11   -23.49    19.89    72.34     0.33
11   -15.34    24.14    73.48     0.33
11    -7.19    24.79    73.48     0.33
11   -39.13    51.93    73.48     0.33
11   -47.28    57.16    73.48     0.33
11    -6.87    73.18    73.48     0.33
11    11.06    94.10    73.48     0.33
11     5.52   103.58    73.48     0.33
11    10.41   113.72    73.48     0.33
11    -0.02   114.37    73.48     0.33
11    -4.58   118.62    73.48     0.33
11     0.30   127.45    73.48     0.33
11    -5.56   130.39    73.48     0.33
11    23.45   108.81    73.48     0.33
11    15.95   107.83    73.48     0.33
11   -30.66    97.70    73.48     0.33
11   -40.44    62.39    73.48     0.33
11   -15.34    51.93    73.48     0.33
11   -40.11    29.37    73.48     0.33
11   -33.59    23.15    73.48     0.33
11    23.45    59.77    74.99     0.33
11    15.62    59.12    74.99     0.33
11   -15.67    29.04    74.99     0.33
11   -56.41    96.72    74.99     0.33
11     9.76   122.55    74.99     0.33
11   -24.14    68.27    74.99     0.33
11   -17.62    69.58    74.99     0.33
11    25.40    82.33    74.99     0.33
11    29.31    88.22    74.99     0.33
11   -81.83    82.99    74.99     0.33
11   -41.74     6.81    74.99     0.33
11   -39.46    44.08    74.99     0.33
11    -1.98    29.69    74.99     0.33
11   -21.53    92.79    74.99     0.33
11     9.43    53.23    74.99     0.33
11    13.99    74.81    74.99     0.33
11     6.17    87.89    74.99     0.33
11   -52.17    24.14    74.99     0.33
11   -39.46   117.31    74.99     0.33
11   -21.53    49.31    74.99     0.33
11   -78.24    38.85    74.99     0.33
11   -50.21    84.29    77.11     0.33
11   -69.12    91.16    77.11     0.33
11   -74.66    94.76    77.11     0.33
11    -3.93   109.14    77.11     0.33
11    17.58   118.62    77.11     0.33
11   -14.36   101.29    77.11     0.33
11   -12.73    79.06    77.11     0.33
11   -24.79    26.10    77.11     0.33
11   -78.24    49.64    77.11     0.33
11   -13.06   129.41    77.11     0.33
11   -26.10   122.55    77.11     0.33
11   -28.70    75.79    77.11     0.33
11   -33.92    63.70    77.11     0.33
11   -66.84    28.71    77.11     0.33
11   -40.44    15.96    77.11     0.33
11   -11.10    60.75    78.93     0.33
11     4.54    69.91    78.93     0.33
11     6.17    79.06    78.93     0.33
11   -13.38    44.73    78.93     0.33
11     2.91    46.37    78.93     0.33
11    30.94    70.56    78.93     0.33
11    26.70    76.12    78.93     0.33
11   -13.38   108.49    78.93     0.33
11   -10.13   122.55    78.93     0.33
11   -17.30   117.64    78.93     0.33
11   -22.84   112.74    78.93     0.33
11   -49.56   116.33    78.93     0.33
11   -63.25   106.85    78.93     0.33
11   -41.74    23.81    78.93     0.33
11     7.15    63.04    78.93     0.33
11    -3.61    59.45    78.93     0.33
11    -8.82    32.64    78.93     0.33
11    -4.91    45.06    78.93     0.33
11   -20.56    83.97    78.93     0.33
11     6.82    30.35    78.93     0.33
11    22.14    42.77    78.93     0.33
11   -93.89    44.73    78.93     0.33
11   -48.26    13.35    78.93     0.33
11    -9.15    17.92    78.93     0.33
11    -7.52    84.62    78.93     0.33
11   -37.83   109.14    78.93     0.33
11    20.19    87.89    78.93     0.33
11     3.56   109.14    78.93     0.33
11   -85.74    31.00    78.93     0.33
11   -81.83    23.81    78.93     0.33
11   -57.06    29.69    78.93     0.33
11   -57.06    44.08    78.93     0.33
11   -32.94    30.02    78.93     0.33
11    29.31    52.58    78.93     0.33
11    38.44    73.83    78.93     0.33
11    25.73    99.01    80.83     0.33
11    14.32   101.62    80.83     0.33
11    20.51    94.43    80.83     0.33
11     0.30    82.00    80.83     0.33
11    15.30    49.64    80.83     0.33
11    24.10    49.96    80.83     0.33
11   -17.62    40.16    80.83     0.33
11   -26.10    35.91    80.83     0.33
11   -67.49    62.06    80.83     0.33
11   -66.19    47.35    80.83     0.33
11   -78.90    60.43    80.83     0.33
11    -1.00    90.18    80.83     0.33
11    -4.26    97.70    80.83     0.33
11    18.56    69.91    80.83     0.33
11    13.67    66.31    80.83     0.33
11    13.67    82.00    80.83     0.33
11    26.05    67.62    80.83     0.33
11    30.29   104.89    80.83     0.33
11   -58.36    52.91    80.83     0.33
11   -41.41    36.23    80.83     0.33
11   -88.02    58.14    80.83     0.33
11   -85.74    42.12    80.83     0.33
11   -59.67    35.25    83.63     0.33
11   -63.58    24.46    83.63     0.33
11   -73.03    35.25    83.63     0.33
11   -65.86    55.85    83.63     0.33
11   -75.31    77.75    83.63     0.33
11   -46.63    68.27    83.63     0.33
11   -21.86    58.79    83.63     0.33
11   -70.10    83.64    83.63     0.33
11    -1.00    23.15    83.63     0.33
11   -29.03    85.27    85.60     0.33
11   -10.45    90.83    85.60     0.33
11   -27.07   104.89    85.60     0.33
11   -45.33    92.79    85.60     0.33
11   -54.13    79.06    85.60     0.33
11   -65.86    71.54    85.60     0.33
11    -0.02    54.21    85.60     0.33
11   -80.20    67.29    85.60     0.33
11   -88.02    68.27    85.60     0.33
11   -94.87    54.54    85.60     0.33
11   -65.53    40.16    85.60     0.33
11   -46.63    32.31    85.60     0.33
11    10.73    43.10    85.60     0.33
11    33.22    63.37    85.60     0.33
11    35.50    56.83    85.60     0.33
11   -37.50    90.83    85.60     0.33
11   -35.55    71.54    85.60     0.33
11   -44.02   104.56    85.60     0.33
11   -48.91    96.06    85.60     0.33
11   -40.11    82.00    85.60     0.33
11   -55.10    61.08    85.60     0.33
11   -50.87    42.12    85.60     0.33
11   -28.38    44.73    85.60     0.33
11   -30.01    54.21    85.60     0.33
11   -85.42    50.62    85.60     0.33
11   -45.98    76.77    85.60     0.33
11    -2.63    66.31    85.60     0.33
11   -51.19   106.20    87.57     0.33
11   -63.25    97.37    87.57     0.33
11   -25.12    17.60    88.78     0.33
11   -36.20    49.96    88.78     0.33
11   -40.76    57.16    88.78     0.33
11    -1.33    76.45    88.78     0.33
11    -7.52    71.87    88.78     0.33
11     8.45    93.45    88.78     0.33
11    24.42   108.16    88.78     0.33
11    11.71   111.76    88.78     0.33
11    -1.65   115.68    88.78     0.33
11     1.93   125.16    88.78     0.33
11   -30.66    96.06    88.78     0.33
11   -51.84    89.85    88.78     0.33
11   -62.60    77.43    88.78     0.33
11   -93.89    34.60    88.78     0.33
11    -7.84    25.12    88.78     0.33
11   -16.32    20.87    88.78     0.33
11   -12.08    51.60    88.78     0.33
11   -18.60    69.91    90.22     0.33
11    26.38    82.66    90.22     0.33
11    31.27    94.76    90.22     0.33
11   -46.63    50.29    90.22     0.33
11   -41.09    30.02    90.22     0.33
11   -40.76     7.13    90.22     0.33
11   -34.24    12.37    90.22     0.33
11   -52.82    18.58    90.22     0.33
11   -79.22    39.83    90.22     0.33
11   -72.38    55.20    90.22     0.33
11   -40.44   116.01    90.22     0.33
11   -56.08    94.76    90.22     0.33
11    19.21    60.75    91.05     0.33
11    13.34    56.83    91.05     0.33
11   -14.69    28.71    91.05     0.33
11   -28.05    74.16    93.10     0.33
11   -28.38    63.70    93.10     0.33
11   -17.30    99.01    93.10     0.33
11    20.84   115.68    93.10     0.33
11    -3.93   107.18    93.10     0.33
11    18.88    76.12    93.10     0.33
11   -69.12    91.16    93.10     0.33
11   -78.90    47.35    93.10     0.33
11   -76.29    29.04    93.10     0.33
11   -40.11    18.25    93.10     0.33
11   -25.77    26.42    93.10     0.33
11   -55.10   118.62    93.10     0.33
11   -69.77    76.45    93.10     0.33
11    -1.33    31.00    93.10     0.33
11    13.34    33.29    93.10     0.33
11   -10.78    77.10    94.01     0.33
11     5.84    67.62    94.01     0.33
11     9.43    71.87    94.01     0.33
11    30.94    48.66    94.01     0.33
11    -5.56    46.04    94.01     0.33
11   -80.53    24.79    94.01     0.33
11   -58.69    30.35    94.01     0.33
11   -43.04    13.67    94.01     0.33
11    -9.80    64.35    94.01     0.33
11   -11.76    57.48    94.01     0.33
11   -38.81   109.47    95.75     0.33
11   -55.10   112.08    95.75     0.33
11   -60.97   105.87    95.75     0.33
11   -74.99    87.24    96.58     0.33
11   -66.51    63.37    97.49     0.33
11   -71.73    69.25    97.49     0.33
11   -83.46    30.35    97.49     0.33
11   -84.11    40.81    97.49     0.33
11   -28.05    34.92    98.32     0.33
11   -18.60    39.18    98.32     0.33
11   -12.08    41.79    98.32     0.33
11    -5.24    35.58    98.32     0.33
11    19.21    49.96    98.32     0.33
11    24.75    53.89    98.32     0.33
11    -1.00    81.68    98.32     0.33
11    22.79    92.79    98.32     0.33
11    28.66   103.58    98.32     0.33
11   -24.14    79.39    98.32     0.33
11   -35.55    61.73    98.32     0.33
11    -2.63    97.70    98.32     0.33
11    13.34   104.56    98.32     0.33
11    16.60    97.04    98.32     0.33
11    13.02    82.33    98.32     0.33
11   -19.25   108.49    98.32     0.33
11   -57.39    50.62    98.32     0.33
11   -69.12    46.69    98.32     0.33
11   -38.81    40.81    98.32     0.33
11   -47.61    24.14    98.32     0.33
11   -14.69    14.98    98.32     0.33
11    21.49    37.87    98.32     0.33
11     2.26    38.52    98.32     0.33
11    14.97    68.27    98.32     0.33
11    38.11    67.29    98.32     0.33
11   -22.19    90.18    98.32     0.33
11   -17.30    82.99    98.32     0.33
11   -80.53    58.14    99.16     0.33
11   -91.28    60.43    99.16     0.33
11   -77.92    75.79    99.16     0.33
11   -63.90    24.46    99.16     0.33
11   -58.04    39.50    99.16     0.33
11   -50.87    67.95    99.16     0.33
11   -44.35    61.41    99.16     0.33
11   -19.25    48.00    99.16     0.33
11   -19.25    60.43    99.16     0.33
11     6.82    49.96    99.16     0.33
11     6.82    59.77    99.16     0.33
11    33.22    86.25    99.16     0.33
11    -0.35    22.17    99.16     0.33
11    -8.50    91.81   100.90     0.33
11    21.16   103.91   100.90     0.33
11    31.92    63.04   101.96     0.33
11   -50.54    79.72   101.35     0.33
11   -39.46    89.52   101.35     0.33
11   -40.44    72.85   101.35     0.33
11   -27.73    83.97   101.35     0.33
11   -32.61    90.18   101.35     0.33
11   -30.33   104.56   101.35     0.33
11   -24.14   113.39   101.35     0.33
11    11.06   118.30   101.35     0.33
11   -30.01    55.52   101.35     0.33
11   -27.40    41.46   101.35     0.33
11     0.63    52.25   101.35     0.33
11    -1.33    61.73   101.35     0.33
11    12.36    43.43   101.35     0.33
11   -56.73    56.83   102.19     0.33
11   -56.73    75.47   102.19     0.33
11   -42.39   102.93   102.19     0.33
11   -41.41    81.35   102.19     0.33
11   -11.43   110.45   102.19     0.33
11     6.17    85.27   102.19     0.33
11   -52.82    33.62   102.19     0.33
11   -64.56    52.58   102.19     0.33
11   -71.73    38.85   102.19     0.33
11   -81.50    65.00   102.19     0.33
11   -86.39    50.62   102.19     0.33
11   -92.26    43.10   102.19     0.33
11   -54.45   100.64   103.02     0.33
11   -47.61   109.14   103.02     0.33
11   -12.73    21.19   103.85     0.33
11    -5.56    15.64   103.85     0.33
11   -36.53    48.33   103.85     0.33
11   -40.76    55.20   103.85     0.33
11     1.61    71.22   103.85     0.33
11     4.54    75.47   103.85     0.33
11     8.78    95.74   103.85     0.33
11     9.76   110.45   103.85     0.33
11     1.93   120.91   103.85     0.33
11    -3.28   115.35   103.85     0.33
11   -49.24    93.12   103.85     0.33
11   -61.62    78.08   103.85     0.33
11   -25.77    19.89   103.85     0.33
11    -6.87    25.77   103.85     0.33
11   -21.21    12.04   103.85     0.33
11   -26.10    13.35   103.85     0.33
11    37.46    55.85   104.76     0.33
11    -9.15    84.62   105.60     0.33
11    19.53    85.60   105.60     0.33
11    25.40    81.02   105.60     0.33
11   -12.73    69.58   105.60     0.33
11   -20.23    70.89   105.60     0.33
11   -42.07    30.02   105.60     0.33
11   -45.65    47.68   105.60     0.33
11   -50.87    55.85   105.60     0.33
11   -64.23    43.43   105.60     0.33
11     8.78    27.73   105.60     0.33
11   -26.75    96.39   105.60     0.33
11   -37.18    96.39   105.60     0.33
11     3.56   101.95   105.60     0.33
11    -8.50   100.64   105.60     0.33
11   -42.07   113.06   105.60     0.33
11   -60.64    98.35   105.60     0.33
11   -55.10    91.16   105.60     0.33
11   -70.75    82.66   105.60     0.33
11   -49.24    85.93   105.60     0.33
11    31.59    98.02   105.60     0.33
11    27.03   109.79   105.60     0.33
11    20.19   110.78   105.60     0.33
11    -6.87    52.91   105.60     0.33
11   -19.90    33.62   105.60     0.33
11   -42.72    35.91   105.60     0.33
11   -52.17    44.08   105.60     0.33
11   -71.73    54.87   105.60     0.33
11   -77.92    36.89   105.60     0.33
11   -34.24    79.72   105.60     0.33
11    11.06    56.50   107.26     0.33
11    18.23    57.48   107.26     0.33
11   -14.36    30.67   107.26     0.33
11   -25.12    26.10   109.08     0.33
11    -1.33    29.37   109.08     0.33
11    10.41    34.92   109.08     0.33
11    29.31    50.29   109.08     0.33
11    29.31    41.46   109.08     0.33
11    34.53    47.35   109.08     0.33
11    24.10    63.70   109.08     0.33
11     9.43    74.48   109.08     0.33
11    18.88    78.08   109.08     0.33
11     9.43    66.31   109.08     0.33
11     6.50    69.91   109.08     0.33
11    10.41    89.52   109.08     0.33
11   -15.99    91.16   109.08     0.33
11   -12.73    63.70   109.08     0.33
11   -11.76    75.14   109.08     0.33
11   -28.38    66.97   109.08     0.33
11   -32.94    72.85   109.08     0.33
11   -69.44    74.16   109.08     0.33
11   -70.42    90.18   109.08     0.33
11   -52.82   119.60   109.08     0.33
11   -40.44   118.62   109.08     0.33
11   -60.64   114.37   109.08     0.33
11   -77.59    43.43   109.08     0.33
11   -77.59    50.29   109.08     0.33
11   -73.03    31.66   109.08     0.33
11   -31.31    22.17   109.08     0.33
11   -41.74    24.14   109.08     0.33
11   -57.39    28.06   109.08     0.33
11   -46.30    14.00   109.08     0.33
11    -9.47    45.06   109.08     0.33
11    -1.65    45.06   109.08     0.33
11    16.27    31.98   109.08     0.33
11    -5.24    67.95   109.08     0.33
11   -15.67    53.89   109.08     0.33
11   -26.75    50.95   109.08     0.33
11    32.25    69.25   109.08     0.33
11    -1.98   105.87   109.08     0.33
11   -17.95   100.64   109.08     0.33
11   -58.36    81.35   109.08     0.33
11   -63.90    92.47   109.08     0.33
11     1.93    91.49   109.08     0.33
11   -54.13   113.06   111.81     0.33
11   -62.60   107.18   111.81     0.33
11   -63.90    60.75   113.47     0.33
11   -72.38    68.60   113.47     0.33
11   -23.49    77.10   113.47     0.33
11   -33.59    60.43   113.47     0.33
11    -4.58    38.85   113.47     0.33
11    20.51    49.64   113.47     0.33
11    15.95    71.87   114.38     0.33
11    24.10    94.10   114.38     0.33
11    30.94    85.27   114.38     0.33
11    28.01   102.93   114.38     0.33
11    43.33    70.56   114.38     0.33
11    -1.33    82.33   114.38     0.33
11   -17.95    82.00   114.38     0.33
11   -30.33    34.27   115.29     0.33
11   -16.64    46.04   115.29     0.33
11    -1.65    22.50   115.29     0.33
11   -51.19    64.68   115.29     0.33
11   -58.69    67.29   115.29     0.33
11   -76.62    74.81   115.29     0.33
11   -77.92    62.39   115.29     0.33
11     4.22    36.23   115.29     0.33
11    -6.21    92.47   116.20     0.33
11    21.82   100.64   116.20     0.33
11    12.36   103.26   116.20     0.33
11    11.39    81.35   116.20     0.33
11   -24.79   112.41   117.26     0.33
11   -13.06   113.72   117.26     0.33
11    11.71   116.99   117.26     0.33
11    31.92    63.70   117.26     0.33
11     5.84    54.21   117.26     0.33
11    15.95    45.71   117.26     0.33
11    21.82    36.23   117.26     0.33
11   -26.75    40.48   117.26     0.33
11   -24.47    85.27   117.26     0.33
11   -32.61    91.49   117.26     0.33
11    -1.65    53.56   117.26     0.33
11   -17.30    38.85   117.26     0.33
11   -35.55    39.50   117.26     0.33
11   -51.19    27.41   117.26     0.33
11   -54.45    34.60   117.26     0.33
11   -62.27    48.98   117.26     0.33
11   -43.37    70.23   117.26     0.33
11   -46.96    77.43   117.26     0.33
11   -56.08    74.81   117.26     0.33
11   -41.09    87.56   117.26     0.33
11   -24.47   103.91   117.26     0.33
11   -31.31   105.22   117.26     0.33
11   -12.41   105.87   117.26     0.33
11    -2.30    63.04   117.26     0.33
11   -22.51    58.14   117.26     0.33
11     5.19    46.37   117.26     0.33
11   -69.77    47.35   119.15     0.33
11   -70.75    40.16   119.15     0.33
11   -34.90    51.93   119.15     0.33
11   -41.74    54.87   119.15     0.33
11   -42.07    63.70   119.15     0.33
11   -11.76    22.17   119.15     0.33
11    22.79    70.56   119.15     0.33
11     8.78   108.49   119.15     0.33
11     2.91   118.30   119.15     0.33
11    -6.21   119.93   119.15     0.33
11    -3.61   111.10   119.99     0.33
11    40.39    60.75   119.99     0.33
11    -0.35    73.83   119.99     0.33
11   -48.59    46.37   120.82     0.33
11   -70.10    82.33   120.82     0.33
11   -49.56    88.22   121.65     0.33
11   -56.41    90.83   121.65     0.33
11   -47.93   105.54   121.65     0.33
11   -39.79   113.39   121.65     0.33
11   -52.17    96.06   121.65     0.33
11    13.02   110.78   121.65     0.33
11    19.53   108.16   121.65     0.33
11    18.56    55.52   122.49     0.33
11    10.41    58.46   122.49     0.33
11    12.36    50.62   122.49     0.33
11   -15.99    32.64   122.49     0.33
11   -18.27    21.52   122.49     0.33
11     9.76    29.04   122.49     0.33
11    -9.80    32.96   122.49     0.33
11     5.19    97.70   122.49     0.33
11    16.27    95.74   122.49     0.33
11    -2.63    98.35   122.49     0.33
11   -24.79    96.06   122.49     0.33
11   -34.57    82.00   122.49     0.33
11   -45.00    38.52   122.49     0.33
11   -53.15    56.83   122.49     0.33
11   -60.64    56.18   122.49     0.33
11   -64.88    79.06   122.49     0.33
11   -38.16    32.31   122.49     0.33
11   -62.60    37.87   122.49     0.33
11   -63.90    26.10   123.40     0.33
11   -68.47    33.29   123.40     0.33
11   -15.01    66.64   124.23     0.33
11    11.06    64.68   124.23     0.33
11    21.82    65.33   124.23     0.33
11     6.82    74.81   124.23     0.33
11   -14.69    93.45   124.23     0.33
11    -0.67   104.89   124.23     0.33
11    15.30    87.89   124.23     0.33
11     9.43    90.18   124.23     0.33
11    36.48    71.54   124.23     0.33
11    32.57    77.10   124.23     0.33
11    31.27    48.66   124.23     0.33
11    25.07    41.79   124.23     0.33
11    -1.98    31.98   124.23     0.33
11    14.65    33.62   124.23     0.33
11    -1.33    46.69   124.23     0.33
11   -12.73    86.25   124.23     0.33
11   -10.78    79.39   124.23     0.33
11    -8.17    69.58   124.23     0.33
11   -61.30    92.14   124.23     0.33
11   -58.04    81.68   124.23     0.33
11   -69.77    87.24   124.23     0.33
11   -25.77    48.33   125.06     0.33
11   -11.76    54.87   125.06     0.33
11   -39.46    45.39   125.06     0.33
11   -21.53    27.73   125.06     0.33
11   -25.44    65.66   125.06     0.33
11   -33.92    70.23   125.06     0.33
11   -63.25    69.91   125.06     0.33
11   -68.79    75.79   125.90     0.33
11   -70.42    61.08   125.90     0.33
11   -24.47    78.74   128.55     0.33
11   -22.84    72.20   128.55     0.33
11   -35.87    61.41   128.55     0.33
11   -31.96    56.18   128.55     0.33
11    -4.26    41.46   128.55     0.33
11   -10.78    45.71   128.55     0.33
11   -23.16    37.21   128.55     0.33
11    27.03    67.62   128.55     0.33
11   -18.27    86.91   128.55     0.33
11   -23.81    90.51   128.55     0.33
11     5.19    67.95   128.55     0.33
11   -16.97    99.66   128.55     0.33
11     3.56    86.58   128.55     0.33
11   -56.41   109.47   128.55     0.33
11    15.30    76.12   130.59     0.33
11   -16.97    47.35   130.59     0.33
11    -0.67    21.85   130.59     0.33
11     8.78    23.81   130.59     0.33
11    -7.52    28.06   130.59     0.33
11   -16.97    79.39   130.59     0.33
11   -46.96    82.33   130.59     0.33
11   -48.59    69.25   130.59     0.33
11   -47.93    62.06   130.59     0.33
11   -34.90    98.35   130.59     0.33
11    15.30    69.25   130.59     0.33
11    24.42   103.91   130.59     0.33
11    29.31   100.31   130.59     0.33
11    29.31    86.25   130.59     0.33
11    42.68    71.22   130.59     0.33
11    34.20    82.66   130.59     0.33
11    21.49    89.52   130.59     0.33
11    30.29    96.06   130.59     0.33
11     0.63    91.16   130.59     0.33
11    -3.61    77.43   130.59     0.33
11    28.66    58.46   130.59     0.33
11    21.16    49.31   130.59     0.33
11     2.26    34.60   131.43     0.33
11    19.86    99.33   131.43     0.33
11    12.69   101.62   131.43     0.33
11     6.82   101.95   131.43     0.33
11    -6.54    90.18   131.43     0.33
11    -8.50    98.02   131.43     0.33
11    12.04    82.66   131.43     0.33
11     3.89    81.02   131.43     0.33
11    25.73    76.12   131.43     0.33
11   -40.11    76.45   131.43     0.33
11   -30.01    76.77   131.43     0.33
11   -29.36    34.27   131.43     0.33
11   -56.41    63.04   131.43     0.33
11   -64.56    64.68   131.43     0.33
11   -68.47    56.50   131.43     0.33
11    18.23    61.08   131.43     0.33
11   -19.90    52.58   131.43     0.33
11    -1.00    57.48   132.41     0.33
11     5.84    53.89   132.41     0.33
11     8.13    45.06   133.24     0.33
11    14.32    44.08   133.24     0.33
11    34.85    62.39   133.24     0.33
11    -2.63    62.72   133.24     0.33
11   -29.03    41.14   133.24     0.33
11   -38.16    38.52   133.24     0.33
11   -34.24    43.43   133.24     0.33
11   -45.00    74.81   133.24     0.33
11   -36.20    90.18   133.24     0.33
11   -42.72    89.20   133.24     0.33
11   -26.10   103.58   133.24     0.33
11   -26.42   111.43   133.24     0.33
11   -14.69   115.03   133.24     0.33
11   -19.58    60.10   133.24     0.33
11   -15.34    40.48   133.24     0.33
11   -42.07    24.14   133.24     0.33
11   -38.48    17.27   133.24     0.33
11   -45.33    18.58   133.24     0.33
11   -31.96    22.50   133.24     0.33
11   -51.84    30.35   133.24     0.33
11   -46.30    32.31   133.24     0.33
11   -62.93    49.31   133.24     0.33
11   -17.30   105.22   133.24     0.33
11   -15.34   108.81   133.24     0.33
11     3.56   112.74   133.24     0.33
11    21.82    36.23   133.24     0.33
11   -50.87   116.01   133.24     0.33
11   -41.74    69.58   133.24     0.33
11   -42.39    53.56   134.23     0.33
11   -35.55    50.62   134.23     0.33
11    37.13   100.31   135.29     0.33
11     7.47   106.20   135.29     0.33
11   -10.13   105.22   135.29     0.33
11    -6.21   111.76   135.29     0.33
11   -34.90   105.87   136.12     0.33
11   -49.24    52.91   136.12     0.33
11   -47.93    46.04   136.12     0.33
11   -61.62    86.91   136.12     0.33
11   -48.26   105.22   137.03     0.33
11    14.97   106.85   137.03     0.33
11   -49.56    88.22   137.03     0.33
11   -25.12    57.16   137.03     0.33
11   -29.03    29.04   137.03     0.33
11    -6.21    52.25   137.03     0.33
11   -42.72    62.72   137.03     0.33
11   -51.19    96.72   137.03     0.33
11   -60.32   101.29   137.03     0.33
11   -39.46   116.33   137.03     0.33
11    14.32   115.35   137.03     0.33
11    -1.98   120.58   137.03     0.33
11    11.06    57.48   138.62     0.33
11    10.41    50.95   138.62     0.33
11    16.27    54.54   138.62     0.33
11   -17.95    23.48   138.62     0.33
11   -23.81    23.48   138.62     0.33
11   -24.14    95.74   138.62     0.33
11    -1.98    96.06   138.62     0.33
11     4.54    96.06   138.62     0.33
11   -34.57    80.37   138.62     0.33
11   -63.90    81.35   138.62     0.33
11   -54.45    58.14   138.62     0.33
11   -61.95    58.14   138.62     0.33
11   -18.60    32.64   138.62     0.33
11   -50.21    37.87   138.62     0.33
11    14.97    94.10   138.62     0.33
11    22.79    56.18   138.62     0.33
11    34.53    76.45   139.76     0.33
11   -13.06    91.81   139.76     0.33
11    -0.35   104.56   139.76     0.33
11   -59.67    92.79   139.76     0.33
11    -0.02    48.98   139.76     0.33
11    23.77    42.44   139.76     0.33
11    19.86    31.00   139.76     0.33
11     6.82    32.64   139.76     0.33
11     8.78    63.70   139.76     0.33
11     4.22    75.14   139.76     0.33
11   -11.43    84.62   139.76     0.33
11    -7.52    67.95   139.76     0.33
11     8.78    90.18   139.76     0.33
11    10.08    72.20   139.76     0.33
11   -22.84    45.39   140.74     0.33
11   -29.36    49.31   140.74     0.33
11   -40.76    46.04   140.74     0.33
11   -38.16    31.66   140.74     0.33
11   -44.35    41.79   140.74     0.33
11    -3.93    34.92   140.74     0.33
11    16.60    39.50   140.74     0.33
11   -32.61    66.97   140.74     0.33
11   -35.22    72.52   140.74     0.33
11    -2.30    45.06   144.38     0.33
11    -5.56    58.79   144.38     0.33
11   -21.86    79.06   144.38     0.33
11   -20.23    87.24   144.38     0.33
11   -28.05    93.45   144.38     0.33
11   -57.06    81.68   144.38     0.33
11   -70.42    78.74   144.38     0.33
11    -9.80    46.69   144.38     0.33
11    28.66    64.35   144.38     0.33
11    21.49    69.91   144.38     0.33
11   -21.21    36.89   144.38     0.33
11   -13.38    28.06   144.38     0.33
11   -36.53    59.45   144.38     0.33
11   -19.58    69.58   144.38     0.33
11    -8.17    27.08   146.12     0.33
11    11.06    28.71   146.12     0.33
11    -4.26    77.43   146.12     0.33
11     2.26    88.22   146.12     0.33
11    14.32    74.48   146.12     0.33
11    13.34    65.66   146.12     0.33
11    23.45    49.96   146.12     0.33
11   -47.93    80.37   146.12     0.33
11   -47.61    66.64   146.12     0.33
11   -52.50    71.87   146.12     0.33
11   -17.95    97.70   146.12     0.33
11   -13.38    53.89   146.12     0.33
11   -16.64    47.68   146.12     0.33
11    13.67   101.29   147.11     0.33
11    19.86    99.99   147.11     0.33
11    32.90    92.79   147.11     0.33
11    39.09    72.85   147.11     0.33
11    13.67    82.00   147.11     0.33
11   -69.12    73.18   147.11     0.33
11   -63.25    69.58   147.11     0.33
11   -30.99    34.92   147.11     0.33
11     1.61    29.69   147.11     0.33
11    21.16    63.37   147.11     0.33
11   -40.11   100.97   149.99     0.33
11   -27.07   103.26   149.99     0.33
11   -36.53    94.76   149.99     0.33
11   -45.98    89.52   149.99     0.33
11     0.30    58.14   149.99     0.33
11     3.89    53.56   149.99     0.33
11     9.10    46.69   149.99     0.33
11    16.60    47.35   149.99     0.33
11    26.38    73.18   149.99     0.33
11    27.68    80.70   149.99     0.33
11   -17.62    41.46   149.99     0.33
11     2.26    41.14   149.99     0.33
11   -34.24    41.14   149.99     0.33
11   -35.22    50.62   149.99     0.33
11   -43.70    56.50   149.99     0.33
11   -38.81    68.27   149.99     0.33
11   -46.63    75.47   149.99     0.33
11   -28.05    73.83   149.99     0.33
11   -17.62    58.79   149.99     0.33
11     1.61    63.70   149.99     0.33
11   -10.13    98.02   149.99     0.33
11    -7.19    86.91   149.99     0.33
11     1.61    82.33   149.99     0.33
11   -15.99    80.04   149.99     0.33
11   -37.83    88.22   149.99     0.33
11   -31.64    54.21   153.17     0.33
11   -23.81    52.91   153.17     0.33
11    -5.89    53.23   153.17     0.33
11   -11.76    60.10   153.17     0.33
11   -47.93    50.62   153.17     0.33
11   -43.70    34.92   153.17     0.33
11   -25.44    33.62   153.17     0.33
11    30.29    57.48   153.17     0.33
11    14.97    57.16   154.23     0.33
11    10.73    53.23   154.23     0.33
11    21.16    56.83   154.23     0.33
11   -13.71    34.27   154.23     0.33
11   -20.88    30.02   154.23     0.33
11   -21.21    23.15   154.23     0.33
11    -1.33    23.81   154.23     0.33
11   -61.95    81.35   154.23     0.33
11   -54.13    88.22   154.23     0.33
11   -27.07    83.64   154.23     0.33
11    -3.61    94.43   154.23     0.33
11     2.26    98.35   154.23     0.33
11    14.32    96.39   154.23     0.33
11     6.82   104.89   154.23     0.33
11    35.18    84.95   154.23     0.33
11   -52.82    63.04   154.23     0.33
11   -48.91    59.77   154.23     0.33
11   -56.41    66.31   154.23     0.33
11    16.93    32.96   155.14     0.33
11    21.82    44.41   155.14     0.33
11     4.54    35.25   155.14     0.33
11     8.78    61.73   155.14     0.33
11     8.78    73.18   155.14     0.33
11   -15.34    91.49   155.14     0.33
11    -8.17    66.97   155.14     0.33
11   -60.64    92.79   155.14     0.33
11   -23.81    44.73   156.88     0.33
11   -39.46    48.66   156.88     0.33
11   -32.29    66.64   156.88     0.33
11   -12.08    85.93   156.88     0.33
11    10.73    89.85   156.88     0.33
11     7.80    96.72   156.88     0.33
11    26.70    49.64   156.88     0.33
11    17.58    41.46   156.88     0.33
11    -4.91    31.98   156.88     0.33
11     5.19    27.08   156.88     0.33
11    -9.15    81.02   158.09     0.33
11    24.42    96.06   158.09     0.33
11    27.36    85.27   158.09     0.33
11    34.53    76.77   158.09     0.33
11    -1.98    50.95   158.09     0.33
11    -4.91    40.48   158.09     0.33
11   -10.78    40.16   158.09     0.33
11   -29.68    47.02   158.09     0.33
11   -59.02    87.89   158.09     0.33
11   -31.96    99.33   158.09     0.33
11    -3.93   100.97   158.09     0.33
11    40.07    96.72   158.09     0.33
11    37.79    90.83   158.09     0.33
11   -19.90   102.60   158.09     0.33
11    22.47    35.91   158.09     0.33
11    -7.84    48.00   160.14     0.33
11    -2.63    46.04   160.14     0.33
11    30.62    65.00   160.14     0.33
11    20.19    69.25   160.14     0.33
11   -18.60    85.27   160.14     0.33
11   -22.51    77.43   160.14     0.33
11   -28.70    90.51   160.14     0.33
11   -22.19    90.83   160.14     0.33
11   -21.53    68.93   160.14     0.33
11    -7.84    72.20   160.14     0.33
11   -10.45    75.79   160.14     0.33
11     3.24    75.79   160.14     0.33
11    -6.21    59.77   160.14     0.33
11   -56.73    82.00   160.14     0.33
11   -64.88    75.79   160.14     0.33
11   -34.90    74.81   160.14     0.33
11   -36.85    59.77   160.14     0.33
11   -15.99    26.10   160.14     0.33
11   -20.88    36.56   160.14     0.33
11   -49.24    70.89   161.88     0.33
11    -3.28    83.31   161.88     0.33
11    13.99    73.18   161.88     0.33
11    12.69    64.35   161.88     0.33
11   -11.10    54.21   161.88     0.33
11   -17.95    47.35   161.88     0.33
11    13.67    29.69   161.88     0.33
11    -8.82    24.46   161.88     0.33
11    10.73    35.58   161.88     0.33
11     7.15    68.27   161.88     0.33
11   -47.61    83.31   161.88     0.33
11   -54.78    75.79   161.88     0.33
11   -24.47    97.37   161.88     0.33
11     0.63    92.14   161.88     0.33
11     3.89    87.56   161.88     0.33
11    20.19    75.79   161.88     0.33
11    40.39    81.68   161.88     0.33
11   -16.97    52.58   161.88     0.33
11   -13.06    45.71   161.88     0.33
11    18.56    63.37   163.62     0.33
11    13.67    45.71   165.44     0.33
11     5.52    48.00   165.44     0.33
11     0.96    55.20   165.44     0.33
11    17.25    52.91   165.44     0.33
11    24.42    73.18   165.44     0.33
11    11.06    82.00   165.44     0.33
11    -6.21    87.56   165.44     0.33
11   -15.01    82.00   165.44     0.33
11   -33.59    86.58   165.44     0.33
11   -37.50    66.64   165.44     0.33
11   -19.58    59.77   165.44     0.33
11   -43.37    57.48   165.44     0.33
11   -36.20    46.37   165.44     0.33
11   -44.67    77.75   165.44     0.33
11   -41.09    87.89   165.44     0.33
11   -38.81    93.12   165.44     0.33
11   -46.96    90.83   165.44     0.33
11    -0.02    64.02   165.44     0.33
11     5.52    55.85   165.44     0.33
11    25.73    61.73   165.44     0.33
11    32.57    70.89   165.44     0.33
11    28.01    78.74   165.44     0.33
11    28.01    92.14   165.44     0.33
11     2.91    43.10   165.44     0.33
11   -17.95    42.44   165.44     0.33
11   -29.68    39.50   165.44     0.33
11   -39.46    41.14   165.44     0.33
11   -32.94    35.58   165.44     0.33
11   -27.07    28.06   165.44     0.33
11    -0.35    30.02   165.44     0.33
11     0.30    37.87   165.44     0.33
11    30.94    44.08   165.44     0.33
11    39.74    72.52   165.44     0.33
11    18.88    99.66   165.44     0.33
11   -13.38    95.41   165.44     0.33
11     1.28    81.35   165.44     0.33
11   -28.70    70.23   165.44     0.33
11   -29.36    77.43   165.44     0.33
11    -9.15    29.04   165.44     0.33
11    32.90    97.70   165.44     0.33
11    12.04    55.52   169.53     0.33
11    19.21    58.46   169.53     0.33
11    28.66    53.89   169.53     0.33
11    32.57    61.73   169.53     0.33
11    32.57    85.60   169.53     0.33
11    14.97    95.41   169.53     0.33
11    18.88    81.68   169.53     0.33
11    15.30    86.25   169.53     0.33
11    -7.52    94.43   169.53     0.33
11   -25.77    82.33   169.53     0.33
11   -15.01    67.95   169.53     0.33
11   -14.69    60.10   169.53     0.33
11   -22.51    52.58   169.53     0.33
11   -30.01    52.91   169.53     0.33
11   -38.48    54.87   169.53     0.33
11   -30.66    62.39   169.53     0.33
11   -45.00    67.95   169.53     0.33
11   -47.28    63.70   169.53     0.33
11   -53.47    93.12   169.53     0.33
11   -43.37    98.35   169.53     0.33
11   -12.73   101.29   169.53     0.33
11     3.24   101.62   169.53     0.33
11    13.02   102.28   169.53     0.33
11   -13.71    35.25   169.53     0.33
11   -20.23    30.02   169.53     0.33
11   -20.23    23.81   169.53     0.33
11    -0.67    24.46   169.53     0.33
11   -25.12    35.25   169.53     0.33
11   -64.23    83.64   169.53     0.33
11   -55.76    66.31   169.53     0.33
11    23.12    53.23   169.53     0.33
11    20.19    45.39   171.73     0.33
11     6.17    38.19   171.73     0.33
11    -4.26    77.10   171.73     0.33
11   -15.67    89.20   171.73     0.33
11   -19.90    94.76   171.73     0.33
11   -10.78    65.00   171.73     0.33
11     5.84    60.43   171.73     0.33
11   -38.81    79.72   171.73     0.33
12   -67.47     8.17     0.00     0.33
12   -47.26    14.06     0.00     0.33
12   -51.50    21.58     0.00     0.33
12   -38.46    27.14     0.00     0.33
12   -71.05    30.08     0.00     0.33
12   -49.87    50.02     0.00     0.33
12   -18.58    62.45     0.00     0.33
12   -15.97    81.08     0.00     0.33
12   -65.19    67.35     0.00     0.33
12   -90.61    58.52    16.66     0.33
12   -71.70    76.83    16.66     0.33
12  -100.39    38.91    16.66     0.33
12   -78.55    18.31    16.66     0.33
12   -70.73    22.23    16.66     0.33
12   -82.79    26.48    16.66     0.33
12   -91.59    26.81    16.66     0.33
12    -0.65   105.28    16.66     0.33
12    16.62    65.72    16.66     0.33
12   -12.39    41.52    17.50     0.33
12   -70.40     2.62    19.32     0.33
12   -66.49     6.87    22.95     0.33
12   -56.71    12.75    25.30     0.33
12   -80.83    14.06    24.32     0.33
12   -91.59     5.89    28.33     0.33
12   -42.70    23.21    30.00     0.33
12   -17.93   113.12    30.00     0.33
12   -10.10   117.70    30.00     0.33
12     0.65   106.91    36.89     0.33
12   -52.47    10.14    43.86     0.33
12   -84.42    17.00    43.86     0.33
12   -94.52     5.23    43.86     0.33
12   -58.02     1.96    43.86     0.33
12   -76.27     5.56    43.86     0.33
12   -91.59    31.06    46.43     0.33
12   -44.33    20.60    46.43     0.33
12   -10.76   107.24    46.43     0.33
12   -12.06   118.68    46.43     0.33
12   -14.99   125.55    46.43     0.33
12   -29.01   119.99    46.43     0.33
12   -90.28    22.56    57.19     0.33
12   -99.08    11.77    57.19     0.33
12  -100.39    24.52    57.19     0.33
12   -72.68    17.65    57.19     0.33
12   -35.20   111.16    59.08     0.33
12   -49.22    12.42    59.08     0.33
12   -59.32     8.83    59.08     0.33
12   -88.00    11.12    59.08     0.33
12   -97.13    45.77    59.08     0.33
12     6.19    66.70    62.42     0.33
12   -33.57    49.70    66.58     0.33
12   -96.80    55.91    68.86     0.33
12   -88.33    51.33    68.86     0.33
12   -93.87    29.42    69.77     0.33
12   -59.65   114.10    75.52     0.33
12   -29.99   114.43    75.52     0.33
12   -75.94    28.12    75.52     0.33
12   -77.57    18.96    75.52     0.33
12   -87.68    16.02    75.52     0.33
12   -67.14    15.37    80.90     0.33
12   -49.54    49.70    74.84     0.33
12     6.52    36.29    80.29     0.33
12    15.97    38.91    80.29     0.33
12    -4.89    37.27    80.29     0.33
12   -30.64   114.76    93.02     0.33
12   -82.79    86.97    98.25     0.33
12   -59.65    88.27    98.25     0.33
12   -59.32    68.66    98.25     0.33
12   -70.73    24.19    94.76     0.33
12   -36.18    27.79   103.17     0.33
12    -8.80   120.64   103.17     0.33
12     3.59   109.85   103.17     0.33
12    36.18    75.85   103.17     0.33
12    26.40    70.29   103.17     0.33
12   -65.84    33.35   104.53     0.33
12   -48.24    40.87   107.34     0.33
12    37.81    86.97   116.81     0.33
12   -32.92   114.43   116.81     0.33
12   -70.73    99.06   116.81     0.33
12    24.77    53.29   116.81     0.33
12   -45.96    20.27   116.81     0.33
12   -45.63    27.46   117.64     0.33
12   -39.11    19.29   117.64     0.33
12   -57.04   102.01   121.65     0.33
12    35.20    55.58   121.65     0.33
12   -31.94    28.77   121.65     0.33
12   -54.76    42.50   121.65     0.33
12   -58.67    26.81   125.29     0.33
12   -55.08    17.33   116.43     0.33
12   -64.53    84.68   116.43     0.33
12    35.85    98.41   119.68     0.33
12   -41.07   101.03   130.82     0.33
12   -40.09   108.87   130.82     0.33
12    35.20    89.58   131.96     0.33
12    24.77    80.76   134.68     0.33
12   -44.65    94.81   133.85     0.33
12     9.45    37.93   136.96     0.33
12    34.87    54.93   136.96     0.33
12   -54.43    47.73   136.96     0.33
12   -11.41    61.14   136.43     0.33
12    -9.13    37.93   142.03     0.33
12    -9.13    73.89   143.02     0.33
12   -29.66    87.95   143.02     0.33
12    -4.24    83.70   143.02     0.33
12    25.10    96.78   143.02     0.33
12    26.07    86.31   143.02     0.33
12     0.98    69.31   144.30     0.33
12   -60.62    72.58   145.29     0.33
12   -57.04    76.18   145.29     0.33
12    37.81    64.73   151.88     0.33
12   -28.36    62.77   152.86     0.33
12   -14.67    65.39   152.86     0.33
12   -15.32    74.54   152.86     0.33
12   -42.37    63.10   152.86     0.33
12     8.15    81.74   152.86     0.33
12    20.53    81.08   152.86     0.33
12    38.13    57.87   152.86     0.33
12   -36.83    82.06   154.68     0.33
12     9.13    40.21   154.68     0.33
12    20.86    89.26   160.29     0.33
12   -40.42    71.93   161.12     0.33
12   -58.67    71.93   161.12     0.33
12     0.33    74.22   158.09     0.33
12   -24.77    59.83   164.91     0.33
12    -3.59    72.25   168.39     0.33
