11   127.53   158.87    37.57     0.33
11   117.75   171.94    37.57     0.33
11   119.06   183.06    37.57     0.33
11   138.94   183.71    37.57     0.33
11   136.66   175.21    37.57     0.33
11   159.47   139.90    37.57     0.33
11   175.77   140.88    37.57     0.33
11   171.53   132.38    37.57     0.33
11   192.39   120.94    34.31     0.33
11   188.16    93.81    34.31     0.33
11   163.39   115.06    34.31     0.33
11   156.21   108.52    34.31     0.33
11   152.63   129.12    34.31     0.33
11   131.77   140.23    34.31     0.33
11   131.12   132.71    34.31     0.33
11   118.08   142.19    34.31     0.33
11   178.05   155.27    30.91     0.33
11   191.41   144.81    30.91     0.33
11   198.59   155.60    30.91     0.33
11   188.16   165.73    30.91     0.33
11   145.46   152.33    30.91     0.33
11   213.25   110.48    34.62     0.33
11   225.64   113.75    34.62     0.33
11   193.70   110.81    34.62     0.33
11   177.07   120.94    34.62     0.33
11   199.89    93.15    34.62     0.33
11   171.53    90.86    34.62     0.33
11   173.81   103.61    34.62     0.33
11   175.44    74.19    34.62     0.33
11   219.12   145.79    34.62     0.33
11   189.79   173.91    34.62     0.33
11   137.31   157.89    34.62     0.33
11   102.76   155.92    34.62     0.33
11   217.82    81.71    38.94     0.33
11   238.02    94.46    38.94     0.33
11   243.56   123.56    38.94     0.33
11   236.07   138.92    38.94     0.33
11   227.92   162.46    38.94     0.33
11   218.14   164.75    38.94     0.33
11   142.20    77.13    38.94     0.33
11   160.45    69.94    38.94     0.33
11   175.12    82.04    38.94     0.33
11   220.42    91.84    38.94     0.33
11   253.99   110.48    38.94     0.33
11   255.95   135.00    38.94     0.33
11   245.85   141.54    38.94     0.33
11   244.22   149.71    38.94     0.33
11   221.40   135.65    38.94     0.33
11   212.27   137.62    38.94     0.33
11   208.04   126.17    38.94     0.33
11   128.18    82.04    38.94     0.33
11   124.60    94.13    38.94     0.33
11   130.14   126.50    38.94     0.33
11   108.95   126.83    38.94     0.33
11   105.04   139.90    38.94     0.33
11    95.27   148.40    38.94     0.33
11    86.47   152.98    38.94     0.33
11   111.24    96.75    40.22     0.33
11   111.56   109.83    40.22     0.33
11    99.83   126.17    40.22     0.33
11    90.70   127.15    40.22     0.33
11    94.29   107.86    40.22     0.33
11   107.65   117.35    40.22     0.33
11   243.24   170.96    40.22     0.33
11   210.64   197.45    40.22     0.33
11   239.00   187.64    40.22     0.33
11   231.83   194.83    40.22     0.33
11   232.16   180.77    40.22     0.33
11   238.67   208.24    40.22     0.33
11   221.40   153.31    40.22     0.33
11   185.87    73.86    40.22     0.33
11   136.98   117.35    40.22     0.33
11   149.37   211.83    42.04     0.33
11   146.11   203.33    42.04     0.33
11   167.62   209.87    42.04     0.33
11   165.99   219.02    42.04     0.33
11   158.17   227.85    42.04     0.33
11   167.95   231.78    42.04     0.33
11   165.67   239.30    42.04     0.33
11   189.46   220.99    42.04     0.33
11   194.67   211.50    42.04     0.33
11   198.26   224.91    42.04     0.33
11   217.49   206.60    42.04     0.33
11   200.54   200.06    42.04     0.33
11   192.07   204.31    42.04     0.33
11   190.44   195.48    42.04     0.33
11   178.05   197.77    42.04     0.33
11   184.24   105.25    42.04     0.33
11   134.70   210.52    42.04     0.33
11   131.77   197.77    42.04     0.33
11   113.19   193.85    42.04     0.33
11   119.71   207.91    42.04     0.33
11   119.71   220.33    42.04     0.33
11   136.01   228.83    42.04     0.33
11   102.44   211.83    42.95     0.33
11   102.44   202.68    42.95     0.33
11    92.33   191.23    42.95     0.33
11    91.68   203.33    43.94     0.33
11   158.50    86.29    37.19     0.33
11   149.70    98.06    37.19     0.33
11   148.07    86.61    37.19     0.33
11   137.96    97.07    37.19     0.33
11   139.27   106.23    37.19     0.33
11   125.58   106.56    37.19     0.33
11   118.73   117.35    37.19     0.33
11   117.75   130.10    37.19     0.33
11   193.04   133.04    37.19     0.33
11   154.58   192.22    37.19     0.33
11   169.58   184.70    37.19     0.33
11   167.30   167.04    37.19     0.33
11   150.35   170.96    37.19     0.33
11   156.87   159.52    39.47     0.33
11   158.82   180.45    39.47     0.33
11   203.47   183.71    39.47     0.33
11   213.58   181.10    39.47     0.33
11   201.19   168.02    39.47     0.33
11   244.87   113.42    39.47     0.33
11   234.76   106.56    39.47     0.33
11   143.50   140.56    39.47     0.33
11    97.22   178.81    39.47     0.33
11    90.05   167.69    39.47     0.33
11   115.80   157.56    39.47     0.33
11   104.39   169.00    39.47     0.33
11   176.75   227.85    39.47     0.33
11   175.77   217.72    39.47     0.33
11   181.31   209.87    39.47     0.33
11   201.52    80.07    40.30     0.33
11   224.01   125.85    40.30     0.33
11   238.67   162.46    40.30     0.33
11   206.41   148.73    40.30     0.33
11   207.39   211.18    40.30     0.33
11   203.15   104.27    41.28     0.33
11   182.94   185.02    43.33     0.33
11   149.04   118.98    43.33     0.33
11   139.92   129.44    46.74     0.33
11   175.12   154.62    46.74     0.33
11   196.30   158.21    46.74     0.33
11   189.79   147.42    46.74     0.33
11   180.01   170.64    51.06     0.33
11   168.27   109.17    51.06     0.33
11   151.33   107.86    51.06     0.33
11   185.55    93.48    51.06     0.33
11   198.59    94.13    51.06     0.33
11   174.79    71.90    50.15     0.33
11   172.84    57.51    50.15     0.33
11   136.66    64.05    50.15     0.33
11   106.67    90.54    50.15     0.33
11   110.91    71.57    50.15     0.33
11   101.46    72.55    50.15     0.33
11   113.84    84.00    50.15     0.33
11   123.95    72.55    50.15     0.33
11   162.41   119.96    49.39     0.33
11   152.96   129.77    49.39     0.33
11   119.38   141.54    49.39     0.33
11   190.76   120.61    49.39     0.33
11   196.30   126.17    49.39     0.33
11   247.80   158.21    49.39     0.33
11   249.10   148.73    49.39     0.33
11   261.16   110.48    49.39     0.33
11   130.47   141.87    49.39     0.33
11   129.16   133.69    49.39     0.33
11    87.77   140.23    49.39     0.33
11   103.09   109.50    49.39     0.33
11   142.85   153.96    50.22     0.33
11   208.36   111.79    50.22     0.33
11   218.14   108.19    50.22     0.33
11   227.92   113.42    50.22     0.33
11   169.90   100.34    50.22     0.33
11   177.07   116.36    50.22     0.33
11   179.36   126.50    50.22     0.33
11   100.15   157.56    50.22     0.33
11    89.72   116.04    52.57     0.33
11   143.50    94.13    52.57     0.33
11   127.86   108.84    52.57     0.33
11   158.50    95.44    52.57     0.33
11   188.81    60.78    52.57     0.33
11   252.04   181.75    52.57     0.33
11   158.17   166.71    54.54     0.33
11   174.79   143.83    54.54     0.33
11   164.69   139.90    54.54     0.33
11   136.98   176.85    52.80     0.33
11   129.49   160.83    52.80     0.33
11   117.75   174.89    52.80     0.33
11   153.93    59.15    52.80     0.33
11   244.22   118.33    54.54     0.33
11   245.85   125.52    54.54     0.33
11   249.10   108.52    54.54     0.33
11   237.70    97.40    54.54     0.33
11   218.14   166.06    54.54     0.33
11   234.76   138.92    54.54     0.33
11   218.79   139.25    54.54     0.33
11   209.02   124.21    54.54     0.33
11   147.09   183.06    54.54     0.33
11   150.67   194.50    54.54     0.33
11   168.27   185.68    54.54     0.33
11   202.82   170.31    54.54     0.33
11   228.25   215.43    54.54     0.33
11   198.59   216.41    54.54     0.33
11   200.54   229.49    54.54     0.33
11   177.73   225.56    54.54     0.33
11   124.93   186.00    54.54     0.33
11   106.67   138.60    54.54     0.33
11    93.31   146.77    54.54     0.33
11    77.01   149.06    54.54     0.33
11    77.34   156.58    54.54     0.33
11   122.64    98.71    54.54     0.33
11   127.86    82.36    54.09     0.33
11   145.78    75.50    54.09     0.33
11   159.47    68.30    54.09     0.33
11   215.21    82.36    54.09     0.33
11   210.97    91.84    54.09     0.33
11   231.18    84.65    54.99     0.33
11   220.42    95.77    54.99     0.33
11   175.44    85.63    54.99     0.33
11   157.19    85.30    54.99     0.33
11   117.43   123.56    54.99     0.33
11   134.70   102.63    54.99     0.33
11   144.48   140.23    54.99     0.33
11   150.02   148.08    54.99     0.33
11   201.52   136.96    54.99     0.33
11   107.00   152.65    54.99     0.33
11    94.94   175.21    54.99     0.33
11   106.67   171.29    54.99     0.33
11   140.90   167.37    54.99     0.33
11   159.80   155.27    54.99     0.33
11   168.60   171.29    54.99     0.33
11   225.64   162.14    54.99     0.33
11   255.95   136.63    54.99     0.33
11   255.62   123.56    54.99     0.33
11   242.59   134.67    54.99     0.33
11   221.07   181.75    54.99     0.33
11   210.97   182.73    54.99     0.33
11   198.26   185.02    54.99     0.33
11   189.79   172.93    54.99     0.33
11   185.55   160.50    54.99     0.33
11   158.82   195.48    54.62     0.33
11   157.84   204.31    54.62     0.33
11   185.55   136.31    54.62     0.33
11   113.19   159.85    54.62     0.33
11    83.21   167.69    54.62     0.33
11    81.25   179.14    54.62     0.33
11   240.96   200.39    54.62     0.33
11   253.99   159.19    54.62     0.33
11   187.83   232.10    54.62     0.33
11   248.45   193.52    54.62     0.33
11   211.95   222.62    54.62     0.33
11   129.81    92.50    54.62     0.33
11   222.38   149.39    55.52     0.33
11   242.59   148.08    55.52     0.33
11   234.11   145.79    55.52     0.33
11    91.35   108.52    55.52     0.33
11   109.28   112.11    55.52     0.33
11   109.61   119.63    55.52     0.33
11   107.65   125.19    55.52     0.33
11    94.61   125.85    55.52     0.33
11   209.34   193.85    55.52     0.33
11   215.86   200.72    55.52     0.33
11   235.42   192.54    55.52     0.33
11   227.92   185.35    55.52     0.33
11   242.59   172.93    55.52     0.33
11   234.11   166.06    55.52     0.33
11   235.74   210.52    55.52     0.33
11   187.83    73.21    55.52     0.33
11   129.49   124.54    55.52     0.33
11   136.66   119.96    55.52     0.33
11   205.10   148.40    55.52     0.33
11   222.05   123.88    55.52     0.33
11   226.62   132.38    55.52     0.33
11   181.31   204.64    55.52     0.33
11   181.64   212.81    55.52     0.33
11    91.03   131.73    55.52     0.33
11   195.33   112.11    55.52     0.33
11   210.97   211.18    55.52     0.33
11   204.78    76.80    56.51     0.33
11   194.02    83.02    56.51     0.33
11   241.93    88.90    56.51     0.33
11   151.98   214.12    58.55     0.33
11   142.85   205.62    58.55     0.33
11   132.42   209.54    58.55     0.33
11   117.75   208.56    58.55     0.33
11   116.45   215.76    58.55     0.33
11   118.08   222.29    58.55     0.33
11   108.30   210.85    56.66     0.33
11    95.59   206.60    56.66     0.33
11    99.50   215.10    56.66     0.33
11   124.27   196.79    56.66     0.33
11   114.82   202.35    56.66     0.33
11   112.21   189.27    57.57     0.33
11   127.86   219.68    57.57     0.33
11   133.07   218.04    57.57     0.33
11   134.38   229.49    57.57     0.33
11   172.19   200.72    57.57     0.33
11   190.76   219.68    57.57     0.33
11   196.96   201.04    57.57     0.33
11   191.41   194.18    57.57     0.33
11   166.97   220.01    57.57     0.33
11   159.47   227.20    57.57     0.33
11   167.95   232.10    57.57     0.33
11   165.01   238.31    57.57     0.33
11   176.42   240.60    57.57     0.33
11   226.62   192.87    57.57     0.33
11   179.36   105.25    57.57     0.33
11   188.81   104.59    57.57     0.33
11   166.32    87.92    57.57     0.33
11   135.36    88.57    57.57     0.33
11    89.40   156.91    57.57     0.33
11   211.62   234.39    57.57     0.33
11   132.10   199.41    57.57     0.33
11   148.72    86.61    57.57     0.33
11   170.56   130.42    58.63     0.33
11    93.31   187.96    58.63     0.33
11    88.10   195.16    58.63     0.33
11    83.86   132.38    58.63     0.33
11   144.48   114.40    58.63     0.33
11   200.54   105.25    58.63     0.33
11   112.87   101.98    58.63     0.33
11   126.55    61.11    58.63     0.33
11   121.01   149.71    59.46     0.33
11   103.09   200.72    59.46     0.33
11   225.96   104.92    59.46     0.33
11   255.95   146.12    59.46     0.33
11   101.13   124.54    59.46     0.33
11   187.83   149.71    62.19     0.33
11   196.30   162.14    62.19     0.33
11   184.90   186.98    62.19     0.33
11   153.61   162.46    62.19     0.33
11   112.54   141.21    62.19     0.33
11   239.33   177.50    62.19     0.33
11   204.78   201.70    62.19     0.33
11   218.14   172.93    62.19     0.33
11   189.13   118.00    65.14     0.33
11   196.96   126.50    65.14     0.33
11   252.36   113.42    65.14     0.33
11   263.45   110.15    65.14     0.33
11   257.58   105.90    65.14     0.33
11   248.45   101.00    65.14     0.33
11   239.00   106.88    65.14     0.33
11   157.52   130.10    65.14     0.33
11   156.21   139.58    65.14     0.33
11   167.95   119.31    65.14     0.33
11   129.16   132.06    65.14     0.33
11   119.71   136.96    65.14     0.33
11    84.51   143.50    65.14     0.33
11   130.47   147.10    65.14     0.33
11   144.48   128.13    65.14     0.33
11   155.24   119.31    65.14     0.33
11   171.53   158.21    65.14     0.33
11   157.84   182.73    65.14     0.33
11   149.04   173.25    65.14     0.33
11   138.94   190.58    65.14     0.33
11   151.98   228.18    65.14     0.33
11   143.18   236.35    65.14     0.33
11   209.02   158.87    65.14     0.33
11    96.57   135.98    65.14     0.33
11   100.15   103.61    65.14     0.33
11    93.96    90.86    65.14     0.33
11   248.45   153.64    65.14     0.33
11   118.08   182.73    65.14     0.33
11   217.82   107.86    68.40     0.33
11   198.59    96.09    68.40     0.33
11   178.05    70.92    68.40     0.33
11   169.58    72.55    68.40     0.33
11   177.73    56.53    68.40     0.33
11   168.60    53.26    68.40     0.33
11   193.70    56.53    68.40     0.33
11   183.92    63.40    68.40     0.33
11   154.26    60.13    68.40     0.33
11   135.36    63.07    68.40     0.33
11   136.98    77.46    68.40     0.33
11   166.97   109.50    68.40     0.33
11   165.01    96.09    68.40     0.33
11   148.72   102.96    68.40     0.33
11   142.20    97.73    68.40     0.33
11   183.27    93.15    68.40     0.33
11   111.56    76.80    68.40     0.33
11   102.44    71.57    68.40     0.33
11   105.37    91.52    68.40     0.33
11    90.05   116.04    68.40     0.33
11   128.51   160.83    68.40     0.33
11   134.70   176.85    68.40     0.33
11   119.71   173.25    68.40     0.33
11    98.85   162.46    69.46     0.33
11   121.67    82.04    69.46     0.33
11   144.48    72.88    69.46     0.33
11   159.80    70.59    69.46     0.33
11   213.90    85.30    69.46     0.33
11   231.83   121.27    69.46     0.33
11   177.40   175.87    69.46     0.33
11   177.73   185.68    69.46     0.33
11   203.80    65.36    69.46     0.33
11   119.71   105.25    69.46     0.33
11   114.17    92.50    69.46     0.33
11   129.81    81.71    69.46     0.33
11   178.38   128.46    70.30     0.33
11   174.14   144.48    70.30     0.33
11   207.39   123.88    70.14     0.33
11   234.11    98.38    70.14     0.33
11   225.31   109.83    70.14     0.33
11   229.22    83.02    70.14     0.33
11   209.67   172.27    69.16     0.33
11   223.36   205.29    69.16     0.33
11   229.87   199.08    69.16     0.33
11   247.47   164.10    69.16     0.33
11   253.67   183.06    69.16     0.33
11   189.79   208.56    69.16     0.33
11   165.67   210.20    69.16     0.33
11   152.96   197.12    69.99     0.33
11   171.53   194.18    69.99     0.33
11   171.53   185.02    69.99     0.33
11   174.14   226.22    69.99     0.33
11   172.84   215.76    69.99     0.33
11   172.84   209.22    69.99     0.33
11   185.55   229.16    69.99     0.33
11   196.96   218.70    69.99     0.33
11   203.80   226.54    69.99     0.33
11   227.27   218.37    69.99     0.33
11   258.56   156.58    69.99     0.33
11    93.31   149.06    69.99     0.33
11    81.90   153.96    69.99     0.33
11    73.10   156.58    69.99     0.33
11   111.24   117.35    70.83     0.33
11   107.00   111.79    70.83     0.33
11   137.64   120.61    70.83     0.33
11   130.79   122.90    70.83     0.33
11   152.30   135.00    70.83     0.33
11   142.85   140.56    70.83     0.33
11   112.21   128.46    70.83     0.33
11   106.02   135.98    70.83     0.33
11   106.35   150.37    70.83     0.33
11   108.63   170.96    70.83     0.33
11   148.07   183.39    70.83     0.33
11   145.13   196.47    70.83     0.33
11   215.86   202.68    70.83     0.33
11   209.34   194.50    70.83     0.33
11   240.30   193.20    70.83     0.33
11   215.53   166.39    70.83     0.33
11   202.17   148.08    70.83     0.33
11   243.89   150.04    70.83     0.33
11   255.62   140.56    70.83     0.33
11   245.52   135.33    70.83     0.33
11   243.56   119.63    70.83     0.33
11   254.65   119.31    70.83     0.33
11   223.03    93.15    70.83     0.33
11   217.49   138.60    70.83     0.33
11   228.57   147.42    70.83     0.33
11   218.47   154.29    69.84     0.33
11   232.16   163.44    71.28     0.33
11   200.22   117.35    71.28     0.33
11   219.44   129.12    71.28     0.33
11   231.18   138.60    71.28     0.33
11   200.87   174.56    71.28     0.33
11   198.91   192.54    71.28     0.33
11   193.70   184.70    71.28     0.33
11   180.33   213.14    71.28     0.33
11   180.33   203.66    71.28     0.33
11   191.09    74.52    71.28     0.33
11   212.27    96.75    71.28     0.33
11   178.05    82.36    71.28     0.33
11   129.81   107.86    71.28     0.33
11   158.50    90.54    71.28     0.33
11   205.10   137.94    71.28     0.33
11   192.72   139.58    71.28     0.33
11   163.71   169.33    71.28     0.33
11   143.83   155.27    71.28     0.33
11   155.24   152.65    71.28     0.33
11   187.83   170.31    71.28     0.33
11   181.96   162.79    71.28     0.33
11   223.36   181.10    71.28     0.33
11    76.69   170.96    71.28     0.33
11    89.07   165.41    71.28     0.33
11    94.94   170.64    71.28     0.33
11    71.47   124.86    71.28     0.33
11    67.24   141.21    71.28     0.33
11    72.78   114.40    71.28     0.33
11   185.55    52.94    71.28     0.33
11   222.38    76.15    71.28     0.33
11   212.60   184.37    71.28     0.33
11   239.33   209.22    71.28     0.33
11   210.97   222.29    71.28     0.33
11   202.82   214.77    71.28     0.33
11   193.04   241.91    71.28     0.33
11   127.86   185.02    71.28     0.33
11   174.14    95.44    71.28     0.33
11   153.93    84.32    71.28     0.33
11    92.01   130.10    71.28     0.33
11    76.69   145.14    71.28     0.33
11    99.18    84.32    71.28     0.33
11   182.94   133.37    71.28     0.33
11   123.95    98.06    71.28     0.33
11   111.89   199.73    72.42     0.33
11   109.93   209.22    72.42     0.33
11    99.50   212.81    72.42     0.33
11    93.96   208.89    72.42     0.33
11    91.68   201.04    72.42     0.33
11   121.67   192.22    72.42     0.33
11   138.94   202.02    72.42     0.33
11   200.87    77.13    72.42     0.33
11   202.17   102.31    73.78     0.33
11   229.22   191.23    73.78     0.33
11   141.87   205.62    73.78     0.33
11   134.05   204.97    73.78     0.33
11   129.49   208.89    73.78     0.33
11   133.07   221.31    73.78     0.33
11   119.71   221.31    73.78     0.33
11   117.75   207.25    73.78     0.33
11   128.18   200.39    73.78     0.33
11   164.04   230.79    73.78     0.33
11   177.73   237.99    73.78     0.33
11   165.67   223.60    73.78     0.33
11   155.24   213.14    73.78     0.33
11   191.41   231.45    73.78     0.33
11   212.93   232.76    73.78     0.33
11   206.41   209.22    73.78     0.33
11   234.11   216.41    73.78     0.33
11    84.51   134.02    73.78     0.33
11    90.38   122.90    73.78     0.33
11   135.03    86.29    73.78     0.33
11   126.23    60.78    73.78     0.33
11   184.90   103.61    73.78     0.33
11   180.01   112.44    73.78     0.33
11   119.38   118.65    73.78     0.33
11   190.44    83.02    73.78     0.33
11   201.52    85.96    73.78     0.33
11   141.87   110.81    73.78     0.33
11   253.02   126.17    73.78     0.33
11   225.64   171.94    73.78     0.33
11   144.81   217.06    73.78     0.33
11   108.95   191.23    73.78     0.33
11    92.98   187.31    73.78     0.33
11   130.47   230.14    73.78     0.33
11   163.71   238.31    73.78     0.33
11    86.79   100.67    73.78     0.33
11   121.01   149.39    74.77     0.33
11   226.94   102.96    74.77     0.33
11   235.74   130.75    74.77     0.33
11   173.16   135.00    74.77     0.33
11   112.21   159.85    74.77     0.33
11    86.79   178.81    74.77     0.33
11   237.05   163.44    74.77     0.33
11   118.73    72.23    74.77     0.33
11    93.96   112.11    74.77     0.33
11    83.21   115.06    74.77     0.33
11   183.27   154.62    77.34     0.33
11   195.65   156.91    77.34     0.33
11   151.98   163.77    77.34     0.33
11   130.79   168.02    77.34     0.33
11   104.72   121.60    77.34     0.33
11    99.83   117.02    77.34     0.33
11   239.65   179.46    77.34     0.33
11   238.02   185.68    77.34     0.33
11   243.56   170.64    77.34     0.33
11   254.32   150.04    77.34     0.33
11   215.21   120.94    77.34     0.33
11   194.67   107.86    77.34     0.33
11   168.27    81.71    77.34     0.33
11   190.76   118.65    81.20     0.33
11   168.60   121.27    81.20     0.33
11   158.50   130.75    81.20     0.33
11   115.47   142.19    81.20     0.33
11   233.79   107.21    81.20     0.33
11   247.15   105.25    81.20     0.33
11   257.90   110.81    81.20     0.33
11   213.25    68.63    81.20     0.33
11   201.84   129.12    81.20     0.33
11    99.18   132.06    81.20     0.33
11    96.57    72.23    81.20     0.33
11   118.73   181.10    81.20     0.33
11   133.40   181.10    81.20     0.33
11   150.02   207.58    81.20     0.33
11   151.00   230.47    81.20     0.33
11   159.15   220.01    81.20     0.33
11   139.92   238.97    81.20     0.33
11   136.01   233.41    81.20     0.33
11   134.70   193.85    81.20     0.33
11   187.18   192.54    81.20     0.33
11   196.96   202.68    81.20     0.33
11   216.51   212.81    81.20     0.33
11   159.80   190.58    81.20     0.33
11   159.15   180.45    81.20     0.33
11   162.41   200.06    81.20     0.33
11   142.20   174.23    81.20     0.33
11   133.40   152.98    81.20     0.33
11   131.12   139.90    81.20     0.33
11   124.60   133.04    81.20     0.33
11   146.44   125.52    81.20     0.33
11   155.89   113.75    81.20     0.33
11   102.76   101.65    81.20     0.33
11   159.80   144.81    83.63     0.33
11   166.64   158.21    83.63     0.33
11   165.99   107.21    83.63     0.33
11   143.83   102.63    83.63     0.33
11   170.56    70.59    83.63     0.33
11   181.64    69.94    83.63     0.33
11   174.14    57.19    83.63     0.33
11   180.66    61.44    83.63     0.33
11   165.34    51.96    83.63     0.33
11   151.33    59.80    83.63     0.33
11   134.05    63.40    83.63     0.33
11   197.61    95.44    83.63     0.33
11   218.47   104.27    83.63     0.33
11   128.84   175.21    83.63     0.33
11   120.36   172.60    83.63     0.33
11   126.55   161.48    83.63     0.33
11   185.87   144.15    83.63     0.33
11   172.19    43.78    83.63     0.33
11   101.46   199.41    83.63     0.33
11   107.33    95.11    83.63     0.33
11   110.26    76.15    83.63     0.33
11   103.09    68.30    83.63     0.33
11   135.36    81.05    83.63     0.33
11   140.57    77.78    83.63     0.33
11   143.83    94.46    83.63     0.33
11    90.38    91.84    83.63     0.33
11   200.22   166.71    83.63     0.33
11   206.73   156.25    83.63     0.33
11   208.04   110.15    83.63     0.33
11   154.26   100.34    83.63     0.33
11   164.69    97.07    83.63     0.33
11   246.17    98.06    83.63     0.33
11   162.73    59.80    83.63     0.33
11    91.35   117.02    83.63     0.33
11   104.39   116.69    85.29     0.33
11   233.13   200.72    84.31     0.33
11   194.35    57.19    84.31     0.33
11   102.11    94.13    84.31     0.33
11   173.49   148.73    85.45     0.33
11   179.36   126.17    85.45     0.33
11   207.39   122.58    85.45     0.33
11    92.66   147.10    85.45     0.33
11    84.18   153.96    85.45     0.33
11    71.47   156.91    85.45     0.33
11    82.88   165.41    85.45     0.33
11   119.71   106.23    85.45     0.33
11   129.81    87.27    85.45     0.33
11   160.13    71.90    85.45     0.33
11   218.14    82.36    85.45     0.33
11   230.20    82.04    85.45     0.33
11   225.96   112.11    85.45     0.33
11   223.68   120.29    85.45     0.33
11   241.93   129.44    85.45     0.33
11   253.99   131.40    85.45     0.33
11   235.74    97.07    85.45     0.33
11   209.99    87.92    85.45     0.33
11   230.53    91.19    85.45     0.33
11   206.73    99.36    85.45     0.33
11   181.96    90.54    85.45     0.33
11   162.73   135.98    85.45     0.33
11   217.49   153.31    85.45     0.33
11   229.22   154.29    85.45     0.33
11   224.99   142.85    85.45     0.33
11   221.07   201.37    85.45     0.33
11   227.59   218.04    85.45     0.33
11   195.33   220.01    85.45     0.33
11   201.52   229.49    85.45     0.33
11   184.57   233.74    85.45     0.33
11   173.81   218.37    85.45     0.33
11   173.81   195.81    85.45     0.33
11   174.79   186.00    85.45     0.33
11   175.44   172.93    85.45     0.33
11   143.83    70.92    85.45     0.33
11   120.04    80.40    85.45     0.33
11   110.58    82.36    85.45     0.33
11    77.99   131.08    85.45     0.33
11   259.21   152.98    85.45     0.33
11   239.33   143.50    85.45     0.33
11   186.20   185.68    85.45     0.33
11   215.21   168.35    85.98     0.33
11   208.69   197.45    85.98     0.33
11   170.56   142.19    85.98     0.33
11   136.98   123.23    85.98     0.33
11   144.48   142.19    85.98     0.33
11   152.96   140.56    85.98     0.33
11   255.95   140.56    85.98     0.33
11   244.87   150.69    85.98     0.33
11   253.99   117.02    85.98     0.33
11   111.24   129.12    85.98     0.33
11   111.56   118.65    85.98     0.33
11   106.02   111.46    85.98     0.33
11   116.13   100.67    85.98     0.33
11   111.56   168.35    85.98     0.33
11   104.07   150.04    85.98     0.33
11   114.50   215.76    85.98     0.33
11   138.94   220.99    85.98     0.33
11    66.26   148.40    85.98     0.33
11    64.30   137.29    85.98     0.33
11   203.80   145.79    85.98     0.33
11   218.79   136.63    85.98     0.33
11   213.90   147.42    85.98     0.33
11   243.56   135.33    85.98     0.33
11   140.90   196.47    85.98     0.33
11   147.09   185.35    85.98     0.33
11   151.00   197.77    85.98     0.33
11   150.67   170.64    85.98     0.33
11   174.79   208.24    85.98     0.33
11   178.70   221.64    85.98     0.33
11   236.39   194.50    85.98     0.33
11   186.85   209.87    85.98     0.33
11   226.94   131.73    85.98     0.33
11   234.11   119.63    85.98     0.33
11   242.26   114.73    85.98     0.33
11   248.78   122.90    85.98     0.33
11   248.78   163.77    85.98     0.33
11   240.30   156.25    85.98     0.33
11   220.10   161.81    85.98     0.33
11   204.13    65.69    85.98     0.33
11   128.51    72.88    85.98     0.33
11    99.83   161.16    85.98     0.33
11   105.37   176.19    85.98     0.33
11   162.41   171.29    86.89     0.33
11    90.38   167.04    86.89     0.33
11    77.34   146.12    86.89     0.33
11    91.35   135.65    86.89     0.33
11    70.49   125.19    86.89     0.33
11    69.19   114.40    86.89     0.33
11   152.30    82.36    86.89     0.33
11   157.84    90.86    86.89     0.33
11    99.50    84.65    86.89     0.33
11   183.92    52.28    86.89     0.33
11   224.01    74.19    86.89     0.33
11   238.02   106.56    86.89     0.33
11   197.61   121.27    86.89     0.33
11   183.27   136.63    86.89     0.33
11   225.31   182.41    86.89     0.33
11   226.29   208.89    86.89     0.33
11   202.82   191.56    86.89     0.33
11   211.95   186.98    86.89     0.33
11   200.22   179.79    86.89     0.33
11   174.47    86.61    86.89     0.33
11   142.53   154.29    86.89     0.33
11   208.36   220.01    86.89     0.33
11   204.78   202.68    86.89     0.33
11    89.40   130.42    86.89     0.33
11    96.90   135.65    86.89     0.33
11    94.61    98.71    86.89     0.33
11   126.23   183.06    86.89     0.33
11   122.32   201.04    86.89     0.33
11   226.29   171.94    91.28     0.33
11   138.29   202.68    91.28     0.33
11   132.10   205.62    91.28     0.33
11   125.58   208.24    91.28     0.33
11   129.16   219.35    91.28     0.33
11   146.76   221.97    91.28     0.33
11   152.96   216.08    91.28     0.33
11   166.32   222.95    91.28     0.33
11   175.77   236.68    91.28     0.33
11   192.72   187.31    91.28     0.33
11   195.98   194.83    91.28     0.33
11   200.22    73.86    91.28     0.33
11   202.82    83.02    91.28     0.33
11   222.70    97.40    91.28     0.33
11   230.85   101.65    91.28     0.33
11   225.64   104.92    91.28     0.33
11   118.73   122.90    91.28     0.33
11    83.21   114.40    91.28     0.33
11    84.51   135.98    91.28     0.33
11   114.82   152.33    91.28     0.33
11    92.33   186.98    91.28     0.33
11    91.68   194.83    91.28     0.33
11    92.01   201.37    91.28     0.33
11    97.22   207.91    91.28     0.33
11   109.61   207.25    91.28     0.33
11   110.58   194.18    91.28     0.33
11   110.91   180.45    91.28     0.33
11   122.97   165.73    91.28     0.33
11   125.90   154.94    91.28     0.33
11   111.56   200.39    91.28     0.33
11   227.27   192.54    91.28     0.33
11   171.86   133.37    91.28     0.33
11   201.19   116.04    91.28     0.33
11   212.60   180.12    91.28     0.33
11   193.04   166.39    91.28     0.33
11   191.09   181.10    91.28     0.33
11   160.45   104.92    91.28     0.33
11   127.53   115.06    91.28     0.33
11   131.44   105.58    91.28     0.33
11   126.88    95.44    91.28     0.33
11   117.10    91.84    91.28     0.33
11   103.74   140.56    91.28     0.33
11   178.70   162.46    91.28     0.33
11   185.22   172.93    91.28     0.33
11   153.93   152.00    91.28     0.33
11   139.27   164.10    91.28     0.33
11   195.33   139.58    91.28     0.33
11   193.37   132.38    91.28     0.33
11   207.39   135.00    91.28     0.33
11   179.03   112.11    91.28     0.33
11   180.01   104.92    91.28     0.33
11   173.16    96.75    91.28     0.33
11   165.01    88.25    91.28     0.33
11   195.65    84.65    91.28     0.33
11   181.31    83.34    91.28     0.33
11   185.22    76.15    91.28     0.33
11   188.48   101.32    91.28     0.33
11   162.41   212.81    91.28     0.33
11   160.13   234.72    91.28     0.33
11   187.50   225.24    91.28     0.33
11   198.91   242.56    91.28     0.33
11   213.58   233.08    91.28     0.33
11   141.55   115.38    91.28     0.33
11   224.33    87.92    91.28     0.33
11   235.42   135.98    91.28     0.33
11   158.17   120.61    91.28     0.33
11   123.62    61.76    91.28     0.33
11   218.79   126.50    91.28     0.33
11   231.50   178.16    94.16     0.33
11   236.07   186.00    94.16     0.33
11   242.26   168.68    94.16     0.33
11   240.30   175.54    94.16     0.33
11   261.16   120.94    94.16     0.33
11   196.96   107.86    94.16     0.33
11   131.77   169.00    94.16     0.33
11   136.66    57.19    94.16     0.33
11   192.39    67.32    94.16     0.33
11   187.50   154.29    94.16     0.33
11   151.65   162.46    94.16     0.33
11   182.94   203.33    94.16     0.33
11   206.08   208.89    94.16     0.33
11   196.63   210.85    94.16     0.33
11   246.82   142.52    94.16     0.33
11   250.41   155.92    94.16     0.33
11   165.99    78.77    94.16     0.33
11    95.92   110.81    94.16     0.33
11    88.42   107.21    94.16     0.33
11   166.32   121.60    97.41     0.33
11   126.88   132.71    97.41     0.33
11   115.47   144.48    97.41     0.33
11   111.24   139.90    97.41     0.33
11   134.38   153.31    97.41     0.33
11   149.37   209.22    97.41     0.33
11   243.56    69.28    97.41     0.33
11   237.37    78.11    97.41     0.33
11   252.69    95.77    97.41     0.33
11   250.41    87.59    97.41     0.33
11   255.62   110.81    97.41     0.33
11   246.17   106.56    97.41     0.33
11   253.67   124.86    97.41     0.33
11   162.73   113.42    97.41     0.33
11   135.36   188.62    97.41     0.33
11   212.93    65.69    97.41     0.33
11   240.30    85.30    98.47     0.33
11   240.30    92.50    98.47     0.33
11   234.76    70.27    98.47     0.33
11   197.93    95.44    99.38     0.33
11   216.51   106.56    99.38     0.33
11   213.58   104.27    99.38     0.33
11   186.53    60.78    99.38     0.33
11   184.24    70.92    99.38     0.33
11   170.23    66.01    99.38     0.33
11   176.10    55.23    99.38     0.33
11   155.89    61.44    99.38     0.33
11   152.30    58.50    99.38     0.33
11   145.78    58.82    99.38     0.33
11   161.76    58.82    99.38     0.33
11   165.01    51.63    99.38     0.33
11   170.23    48.69    99.38     0.33
11   149.04    73.21    99.38     0.33
11   138.29    78.11    99.38     0.33
11   140.57    96.09    99.38     0.33
11   141.87   104.27    99.38     0.33
11    96.90   120.29    99.38     0.33
11    90.70   118.65    99.38     0.33
11   106.67   122.25    99.38     0.33
11   106.67    95.77    99.38     0.33
11   150.67   123.56    99.38     0.33
11   128.84   175.87    99.38     0.33
11   121.34   175.87    99.38     0.33
11   185.87   146.12    99.38     0.33
11   202.50   159.52    99.38     0.33
11   230.53   201.37    99.38     0.33
11   166.64   199.73    99.38     0.33
11   159.47   192.54    99.38     0.33
11   153.93   185.68    99.38     0.33
11   155.56   173.25    99.38     0.33
11   126.88   195.48    99.38     0.33
11    99.18   196.14    99.38     0.33
11   119.06   190.25    99.38     0.33
11   100.15   179.46    99.38     0.33
11    89.72   152.65    99.38     0.33
11   190.11   116.04    99.38     0.33
11   151.98    97.07    99.38     0.33
11   109.93    69.28    99.38     0.33
11    97.87    79.42    99.38     0.33
11   104.72    76.80    99.38     0.33
11   173.16    72.88    99.38     0.33
11   210.32   114.73    99.38     0.33
11   210.97   173.25    99.38     0.33
11   219.44   189.93    99.38     0.33
11   165.67   156.91    99.38     0.33
11   162.08   145.79    99.38     0.33
11   128.84   144.81    99.38     0.33
11   146.76   133.69    99.38     0.33
11   135.68   136.96    99.38     0.33
11   118.08   135.00    99.38     0.33
11   185.55   196.47    99.38     0.33
11   164.36   182.73    99.38     0.33
11   141.22   176.85    99.38     0.33
11   232.48   165.08    99.38     0.33
11   150.02   229.16    99.38     0.33
11   147.09   236.68    99.38     0.33
11   140.57   236.68    99.38     0.33
11    90.05    92.17    99.38     0.33
11   189.46    57.84   100.97     0.33
11   162.73    98.71   100.97     0.33
11   132.10    88.25   100.97     0.33
11   119.71   104.92   100.97     0.33
11   209.99    94.13   100.97     0.33
11   218.14    82.36   100.97     0.33
11   238.35   128.79   100.97     0.33
11   253.99   133.37   100.97     0.33
11   165.01   135.65   100.97     0.33
11   178.38   141.87   100.97     0.33
11   180.33   150.04   100.97     0.33
11   210.97   124.54   100.97     0.33
11   227.59   122.90   100.97     0.33
11   161.10    70.92   100.97     0.33
11    83.53   164.75   100.97     0.33
11    69.84   160.83   100.97     0.33
11    63.00   178.16   100.97     0.33
11    65.28   188.95   100.97     0.33
11    68.87   195.16   100.97     0.33
11    70.17   171.94   100.97     0.33
11    79.62   177.83   100.97     0.33
11    80.92   187.96   100.97     0.33
11    76.69   133.37   100.97     0.33
11    76.04   127.48   100.97     0.33
11   116.78   160.83   100.97     0.33
11   172.19   217.06   100.97     0.33
11   182.94   235.37   100.97     0.33
11   196.30   227.20   100.97     0.33
11   202.82   232.10   100.97     0.33
11   184.24   189.27   100.97     0.33
11   220.75   202.35   100.97     0.33
11   219.12   151.35   100.97     0.33
11   178.38   125.85   100.97     0.33
11   118.41    78.44   100.97     0.33
11   141.55    68.63   100.97     0.33
11   220.42   117.67   100.97     0.33
11   230.85   147.42   100.97     0.33
11   176.42   176.19   102.04     0.33
11   204.13   178.16   102.04     0.33
11   205.10   193.85   102.04     0.33
11   214.23   168.02   102.04     0.33
11   221.73   174.23   102.04     0.33
11   226.62   182.41   102.04     0.33
11   233.79   189.27   102.04     0.33
11   226.29   207.58   102.04     0.33
11   172.51    87.59   102.04     0.33
11   151.00    87.92   102.04     0.33
11   196.30   122.25   102.04     0.33
11   103.74    84.98   102.04     0.33
11   227.92    76.80   102.04     0.33
11   113.19   128.13   102.04     0.33
11   110.91   110.81   102.04     0.33
11   101.46   112.77   102.04     0.33
11   136.01   124.21   102.04     0.33
11    92.66   132.71   102.04     0.33
11   106.35   132.06   102.04     0.33
11    89.40   126.83   102.04     0.33
11    79.95   145.14   102.04     0.33
11    68.87   147.42   102.04     0.33
11   112.87   164.75   102.04     0.33
11   119.38   201.70   102.04     0.33
11   116.78   216.74   102.04     0.33
11    91.35   169.00   102.04     0.33
11   216.51   213.47   102.04     0.33
11   208.36   221.64   102.04     0.33
11   176.75   223.27   102.04     0.33
11   172.19   229.49   102.04     0.33
11   181.31   214.12   101.13     0.33
11   175.12   205.95   101.13     0.33
11   170.23   195.48   101.13     0.33
11   241.28   155.92   101.13     0.33
11   211.62   151.02   101.13     0.33
11   204.78   144.81   101.13     0.33
11   216.84   145.46   101.13     0.33
11   224.33   144.48   101.13     0.33
11   219.77   136.96   101.13     0.33
11   244.22   149.39   101.13     0.33
11   253.02   140.56   101.13     0.33
11   254.32   149.39   101.13     0.33
11   148.07   146.12   101.13     0.33
11   164.04   170.31   102.04     0.33
11   153.61   200.39   102.04     0.33
11   145.46   191.56   102.04     0.33
11   175.12   187.96   102.04     0.33
11   197.93   220.01   102.04     0.33
11   186.20   208.24   102.04     0.33
11   211.30   200.39   102.04     0.33
11   223.03   159.85   102.04     0.33
11   203.15   167.69   102.04     0.33
11   195.65   150.69   102.04     0.33
11   232.16   113.09   102.04     0.33
11   243.24   119.31   102.04     0.33
11   237.70   105.90   102.04     0.33
11   183.59   135.98   102.04     0.33
11   144.81   152.00   102.04     0.33
11   135.03    67.32   102.04     0.33
11   127.21    78.11   102.04     0.33
11   107.00   148.40   102.04     0.33
11    93.64   143.83   102.04     0.33
11   112.54   173.91   102.04     0.33
11   114.50   185.02   102.04     0.33
11   129.16   185.02   102.04     0.33
11   136.33   222.29   102.04     0.33
11   152.30    81.38   102.04     0.33
11   121.67    70.27   102.04     0.33
11   203.80   102.31   102.04     0.33
11   170.88   146.44   102.04     0.33
11    79.30   156.25   102.04     0.33
11   101.78   171.94   102.04     0.33
11    98.20   161.16   102.04     0.33
11    98.85   152.98   102.04     0.33
11   156.21   139.58   102.04     0.33
11   183.59    93.48   102.04     0.33
11   100.15   104.27   102.04     0.33
11    92.66    99.36   102.04     0.33
11    69.84   139.25   102.04     0.33
11   118.08   125.19   108.02     0.33
11   119.38   114.08   108.02     0.33
11   140.90   114.73   108.02     0.33
11   161.43   105.25   108.02     0.33
11   157.52   118.65   108.02     0.33
11   198.91   131.08   108.02     0.33
11   202.82    83.67   108.02     0.33
11   203.15    72.55   108.02     0.33
11   197.61    82.36   108.02     0.33
11   223.68   104.59   108.02     0.33
11   220.42    94.46   108.02     0.33
11   232.48   100.02   108.02     0.33
11   138.29   201.04   108.02     0.33
11   133.40   205.29   108.02     0.33
11   123.62   212.49   108.02     0.33
11   108.95   206.93   108.02     0.33
11   108.63   194.50   108.02     0.33
11   240.30   197.12   108.02     0.33
11   192.07   185.68   108.02     0.33
11   224.99   169.00   108.02     0.33
11   213.90   161.81   108.02     0.33
11   210.97   182.73   108.02     0.33
11   117.43    97.07   108.02     0.33
11   165.34    88.57   108.02     0.33
11   168.93    94.46   108.02     0.33
11   219.12   127.15   108.85     0.33
11   246.17   160.50   108.85     0.33
11   187.83   106.56   108.85     0.33
11   123.30   164.10   108.85     0.33
11   124.60   155.92   108.85     0.33
11   203.15   121.92   108.85     0.33
11   158.17    86.29   108.85     0.33
11   195.98   174.89   108.85     0.33
11    83.21   124.21   108.85     0.33
11    83.86   117.35   108.85     0.33
11    87.12   135.98   108.85     0.33
11   140.57   169.00   108.85     0.33
11   181.31   117.35   108.85     0.33
11   174.14   111.79   108.85     0.33
11   175.12   104.27   108.85     0.33
11   179.03   169.66   108.85     0.33
11   191.09   162.46   108.85     0.33
11   228.57   135.98   108.85     0.33
11   180.66    85.96   108.85     0.33
11   203.47    60.13   108.85     0.33
11   195.33    54.57   108.85     0.33
11   125.25    60.13   108.85     0.33
11   115.15   149.39   108.85     0.33
11   136.01   158.21   108.85     0.33
11   165.34   222.62   108.85     0.33
11   198.91   198.10   108.85     0.33
11   186.53   220.33   108.85     0.33
11    81.58   139.58   108.85     0.33
11   111.56    86.94   108.85     0.33
11   125.58   126.83   108.85     0.33
11    89.07   106.56   111.13     0.33
11   126.88   116.69   111.13     0.33
11   136.01   107.86   111.13     0.33
11   128.51    98.71   111.13     0.33
11   141.55    84.32   111.13     0.33
11   167.62    80.07   111.13     0.33
11   195.33    65.36   111.13     0.33
11   192.72    75.50   111.13     0.33
11   187.83    81.71   111.13     0.33
11   200.22   114.08   111.13     0.33
11   195.33   107.86   111.13     0.33
11   192.07    88.57   111.13     0.33
11   191.41   138.92   111.13     0.33
11   208.36   136.31   111.13     0.33
11   150.35   165.73   111.13     0.33
11   197.28   208.56   111.13     0.33
11   234.11   180.12   111.13     0.33
11   173.49   162.46   111.13     0.33
11   244.54   142.19   111.13     0.33
11   198.91   183.71   111.13     0.33
11   159.80   213.47   111.13     0.33
11   165.01   240.60   111.13     0.33
11   175.77   240.93   111.13     0.33
11   131.12   166.06   111.13     0.33
11   173.16    60.78   111.13     0.33
11   167.30    73.53   111.13     0.33
11   165.34    67.00   111.13     0.33
11    91.35   211.18   111.13     0.33
11    83.53   205.62   111.13     0.33
11    78.64   112.11   111.13     0.33
11   236.39    92.17   113.85     0.33
11   227.27    95.11   113.85     0.33
11   245.19   101.65   113.85     0.33
11   238.35    73.86   113.85     0.33
11   150.02   123.56   114.69     0.33
11   153.93    61.44   114.69     0.33
11   148.72    57.19   114.69     0.33
11   176.42    54.90   114.69     0.33
11   186.20    67.32   114.69     0.33
11   179.68    70.92   114.69     0.33
11   172.51    67.00   114.69     0.33
11   173.16    78.11   114.69     0.33
11   141.87    97.40   114.69     0.33
11   153.61    97.40   114.69     0.33
11   138.29    55.88   114.69     0.33
11   111.89    67.65   114.69     0.33
11   103.09    76.48   114.69     0.33
11    97.22    79.09   114.69     0.33
11   105.70    93.81   114.69     0.33
11    94.94    93.15   114.69     0.33
11    87.77    92.50   114.69     0.33
11    92.66    85.96   114.69     0.33
11    91.68   117.67   114.69     0.33
11   106.67   119.63   114.69     0.33
11   115.47   119.96   114.69     0.33
11   127.53   133.69   114.69     0.33
11   125.90   176.19   114.69     0.33
11   138.29   194.50   114.69     0.33
11   127.86   197.45   114.69     0.33
11   133.07   186.98   114.69     0.33
11   164.04   147.10   114.69     0.33
11   164.04   117.02   114.69     0.33
11   219.12   108.52   114.69     0.33
11   209.34   106.88   114.69     0.33
11   222.05   190.25   114.69     0.33
11   211.30   175.87   114.69     0.33
11   185.87   197.12   114.69     0.33
11   165.01   205.29   114.69     0.33
11   161.10   194.50   114.69     0.33
11   145.13   209.54   114.69     0.33
11   152.63   215.10   114.69     0.33
11   115.47   206.27   114.69     0.33
11   115.47   196.47   114.69     0.33
11   132.42   152.00   114.69     0.33
11   101.46   178.48   114.69     0.33
11    99.50   197.12   114.69     0.33
11    90.05   150.69   114.69     0.33
11   110.58   140.88   114.69     0.33
11   119.38   131.73   114.69     0.33
11   149.37    73.86   114.69     0.33
11   197.28    97.73   114.69     0.33
11   206.08    88.57   114.69     0.33
11   216.51    66.01   114.69     0.33
11   253.99   123.88   114.69     0.33
11   229.22   201.70   114.69     0.33
11    69.52   183.39   114.69     0.33
11    58.11   175.87   114.69     0.33
11   156.87   178.16   114.69     0.33
11   136.33   133.37   114.69     0.33
11   117.43   109.50   114.69     0.33
11   126.23   147.75   114.69     0.33
11   185.55   153.96   114.69     0.33
11   183.59   143.83   114.69     0.33
11   228.57    83.34   114.69     0.33
11   239.65   135.65   114.69     0.33
11   183.92   179.79   114.69     0.33
11   188.16   171.94   114.69     0.33
11   165.99   157.23   114.69     0.33
11   154.58   155.27   114.69     0.33
11   169.58   181.10   114.69     0.33
11   148.07   182.08   114.69     0.33
11   148.07   134.67   114.69     0.33
11    71.80   200.39   116.50     0.33
11    66.26   190.91   116.50     0.33
11    61.69   186.00   116.50     0.33
11    67.56   176.85   116.50     0.33
11   165.99   133.37   116.50     0.33
11   217.49   150.37   116.50     0.33
11   206.08   146.12   116.50     0.33
11   218.47   137.62   116.50     0.33
11   227.92   148.08   116.50     0.33
11   254.97   139.90   116.50     0.33
11   218.79    81.71   116.50     0.33
11   185.55    58.82   116.50     0.33
11   165.67    56.21   116.50     0.33
11   131.77    86.94   116.50     0.33
11   122.32   104.27   116.50     0.33
11   190.44   114.08   116.50     0.33
11   211.30   122.25   116.50     0.33
11   225.64   119.63   116.50     0.33
11   254.97   132.38   116.50     0.33
11   241.61   127.81   116.50     0.33
11   248.78   148.73   116.50     0.33
11   234.11   143.17   116.50     0.33
11   199.56   157.23   116.50     0.33
11   192.39   156.58   116.50     0.33
11   169.90   197.12   116.50     0.33
11   175.77   208.56   116.50     0.33
11   182.61   237.01   116.50     0.33
11   202.50   230.79   116.50     0.33
11   118.73   161.16   116.50     0.33
11   121.99   203.99   116.50     0.33
11    86.79   155.60   116.50     0.33
11    83.53   162.79   116.50     0.33
11    93.96   114.40   116.50     0.33
11   141.22    77.46   116.50     0.33
11   165.34    97.73   116.50     0.33
11   159.15    94.46   116.50     0.33
11   175.77   125.52   116.50     0.33
11   143.18    69.94   116.50     0.33
11   120.04    83.34   116.50     0.33
11   116.45    76.15   116.50     0.33
11   215.53    99.36   116.50     0.33
11   208.69    96.75   116.50     0.33
11   178.70   134.35   116.50     0.33
11   186.20   129.12   116.50     0.33
11    69.52   133.37   116.50     0.33
11    77.01   129.77   116.50     0.33
11    73.43   125.19   116.50     0.33
11   239.65   166.39   116.50     0.33
11   236.07   159.19   116.50     0.33
11   238.02   150.37   116.50     0.33
11   228.90   155.27   116.50     0.33
11   244.54   171.94   116.50     0.33
11   244.87   109.83   116.50     0.33
11    99.83   185.35   116.50     0.33
11    82.55   182.08   116.50     0.33
11    76.36   172.27   116.50     0.33
11    68.54   167.37   116.50     0.33
11    77.34   190.91   116.50     0.33
11    90.38   185.68   116.50     0.33
11    85.81   196.14   116.50     0.33
11    91.68   203.00   116.50     0.33
11   101.78   212.16   116.50     0.33
11   152.63   226.87   116.50     0.33
11   148.72   220.66   116.50     0.33
11   187.50   233.74   116.50     0.33
11   194.67   227.20   116.50     0.33
11   204.45   208.56   116.50     0.33
11   171.53   218.70   116.50     0.33
11   146.76   236.35   116.50     0.33
11   144.81   226.87   116.50     0.33
11   158.50   233.74   116.50     0.33
11   123.30   225.24   116.50     0.33
11    95.92   123.88   116.50     0.33
11   149.04   112.77   116.50     0.33
11   147.41   101.65   116.50     0.33
11   210.64    73.86   116.50     0.33
11   248.78    86.94   116.50     0.33
11   255.62    99.36   116.50     0.33
11   251.39    79.42   116.50     0.33
11   227.59    70.27   116.50     0.33
11   163.39   140.23   116.50     0.33
11   155.56   130.75   116.50     0.33
11   209.34   156.58   116.50     0.33
11   144.81   145.14   116.50     0.33
11   134.38   141.21   116.50     0.33
11   120.04   139.90   116.50     0.33
11   210.97   114.73   116.50     0.33
11   256.60   114.40   116.50     0.33
11   212.93   192.87   116.50     0.33
11   111.56   124.21   116.50     0.33
11   112.87   134.35   118.02     0.33
11   104.07   135.65   118.02     0.33
11   103.74   129.12   118.02     0.33
11   101.13   108.19   118.02     0.33
11    93.31   101.98   118.02     0.33
11   128.18    77.46   118.02     0.33
11   137.64    66.67   118.02     0.33
11   155.24    81.05   118.02     0.33
11   172.51    88.90   118.02     0.33
11   195.00   120.94   118.02     0.33
11   113.52   168.68   118.02     0.33
11   111.24   174.23   118.02     0.33
11   113.52   184.70   118.02     0.33
11    95.92   146.12   118.02     0.33
11    77.99   156.25   118.02     0.33
11    68.21   149.39   118.02     0.33
11    76.69   149.71   118.02     0.33
11   145.46   188.62   118.02     0.33
11   208.69   201.37   118.02     0.33
11   226.62   209.54   118.02     0.33
11   206.41   223.60   118.02     0.33
11   174.14   226.54   118.02     0.33
11   132.10   180.77   118.02     0.33
11    95.27   172.60   118.02     0.33
11   104.39   157.89   118.02     0.33
11   104.72   150.04   118.02     0.33
11    96.57   163.12   118.02     0.33
11    94.94   133.37   118.02     0.33
11   146.44   152.33   118.02     0.33
11   156.21   141.21   118.02     0.33
11   163.39   166.39   118.02     0.33
11   188.16   211.50   118.02     0.33
11   188.81   203.33   118.02     0.33
11   205.43   194.18   118.02     0.33
11   134.38   223.93   118.02     0.33
11   222.38   176.19   118.02     0.33
11   181.96    96.42   118.02     0.33
11   233.13   114.40   118.02     0.33
11   231.50   128.13   118.02     0.33
11   241.93   121.92   118.02     0.33
11   248.13   117.35   118.02     0.33
11   141.22   125.85   118.02     0.33
11   135.68   121.27   118.02     0.33
11   151.65    90.21   118.02     0.33
11   171.53   146.77   118.02     0.33
11   178.70   149.06   118.02     0.33
11   175.77   154.62   118.02     0.33
11   203.80   167.69   118.02     0.33
11   178.05   189.93   118.02     0.33
11   157.19   186.66   118.02     0.33
11   151.00   198.10   118.02     0.33
11   158.82   206.27   118.02     0.33
11   122.64   189.93   118.02     0.33
11    86.79   173.58   118.02     0.33
11   109.93   103.29   118.02     0.33
11   196.30   147.75   118.02     0.33
11   236.39   189.93   118.02     0.33
11   214.88   206.60   118.02     0.33
11   194.35   220.66   118.02     0.33
11   167.62   234.06   118.02     0.33
11    99.50    83.67   118.02     0.33
11   181.96   110.48   124.46     0.33
11   181.96   118.65   124.46     0.33
11   176.75   102.31   124.46     0.33
11   198.59   128.46   124.46     0.33
11   246.82   160.50   124.46     0.33
11   223.03   167.04   124.46     0.33
11   210.97   165.08   124.46     0.33
11   192.72   187.96   124.46     0.33
11   133.07   206.60   124.46     0.33
11   125.90   211.83   124.46     0.33
11   138.29   168.35   124.46     0.33
11   134.05   158.54   124.46     0.33
11   121.67   152.98   124.46     0.33
11    79.30   141.54   124.46     0.33
11    84.51   136.96   124.46     0.33
11    84.18   126.17   124.46     0.33
11    84.18   118.65   124.46     0.33
11   119.71   115.38   124.46     0.33
11   123.62   128.13   124.46     0.33
11   119.38    97.73   124.46     0.33
11   110.26    84.98   124.46     0.33
11   154.91   118.65   124.46     0.33
11   155.24   107.86   124.46     0.33
11   162.08   103.61   124.46     0.33
11   164.69    90.54   124.46     0.33
11   194.67    54.24   124.46     0.33
11   203.15    69.28   124.46     0.33
11   197.93    84.00   124.46     0.33
11   239.65   106.88   124.46     0.33
11   171.53   130.42   124.46     0.33
11   202.82   121.92   124.46     0.33
11   122.32   170.31   124.46     0.33
11   162.08   220.33   124.46     0.33
11   200.22   197.45   124.46     0.33
11   136.01   101.32   124.46     0.33
11   137.31   115.71   124.46     0.33
11   103.74   114.40   124.46     0.33
11   225.31   105.90   124.46     0.33
11   116.78    89.88   124.46     0.33
11   137.64   106.88   127.11     0.33
11   141.87    84.65   127.11     0.33
11   134.70    73.86   127.11     0.33
11   122.97    73.86   127.11     0.33
11   166.64    69.61   127.11     0.33
11   167.62    75.50   127.11     0.33
11   171.86    60.46   127.11     0.33
11   216.51    87.27   127.11     0.33
11   202.82   115.38   127.11     0.33
11   192.07   139.25   127.11     0.33
11   188.48   135.98   127.11     0.33
11   150.35   162.79   127.11     0.33
11   126.88   156.58   127.11     0.33
11   196.63   184.04   127.11     0.33
11   213.25   184.70   127.11     0.33
11   234.44   182.41   127.11     0.33
11   216.84   159.19   127.11     0.33
11   196.63   113.75   127.11     0.33
11   194.02   106.88   127.11     0.33
11   187.83    85.96   127.11     0.33
11   192.07    92.50   127.11     0.33
11   197.61    61.76   127.11     0.33
11   136.01    93.48   127.11     0.33
11   166.32    84.65   127.11     0.33
11    79.30   109.50   127.11     0.33
11    96.24   154.62   127.11     0.33
11   120.36   180.77   127.11     0.33
11   208.04   130.75   127.11     0.33
11   201.52   135.33   127.11     0.33
11   224.01   134.02   127.11     0.33
11   248.45   141.54   127.11     0.33
11   234.76   174.56   127.11     0.33
11   180.01    85.96   127.11     0.33
11   177.73   173.58   127.11     0.33
11   174.14   165.08   127.11     0.33
11   190.11   164.10   127.11     0.33
11   205.43   187.64   127.11     0.33
11   196.96   175.54   127.11     0.33
11   180.99   223.27   127.11     0.33
11   180.01   216.74   127.11     0.33
11   144.48    64.38   128.70     0.33
11   214.23    71.25   128.70     0.33
11   221.73    75.50   128.70     0.33
11   236.39    85.96   128.70     0.33
11   138.29   205.62   128.70     0.33
11    93.31   214.12   128.70     0.33
11    91.35   209.87   128.70     0.33
11   177.40   238.64   128.70     0.33
11   176.75    57.84   130.37     0.33
11   172.51    77.46   130.37     0.33
11   225.96    91.52   130.37     0.33
11   247.80   102.63   130.37     0.33
11   240.30    73.21   130.37     0.33
11   152.63    59.48   130.37     0.33
11   177.73    70.92   130.37     0.33
11   186.53    68.30   130.37     0.33
11   128.84    81.38   130.37     0.33
11   103.09    93.81   130.37     0.33
11   105.04    82.04   130.37     0.33
11    90.05    83.34   130.37     0.33
11    96.24    90.54   130.37     0.33
11    95.59    96.75   130.37     0.33
11   137.64   192.54   130.37     0.33
11   114.50   204.97   130.37     0.33
11   169.25   185.02   130.37     0.33
11   162.73   196.79   130.37     0.33
11   228.25   203.66   130.37     0.33
11   225.64   188.95   130.37     0.33
11   239.65   139.58   130.37     0.33
11   206.08   104.27   130.37     0.33
11   217.49   109.50   130.37     0.33
11   195.98   100.34   130.37     0.33
11   207.06    86.94   130.37     0.33
11   163.06   144.81   130.37     0.33
11   162.08   118.00   130.37     0.33
11   129.81   149.71   130.37     0.33
11   127.21   178.16   130.37     0.33
11   126.55   185.02   130.37     0.33
11   145.46   209.54   130.37     0.33
11   112.87   194.83   130.37     0.33
11   117.10   130.75   130.37     0.33
11    91.03   150.04   130.37     0.33
11    84.51   143.17   130.37     0.33
11   115.15   102.31   130.37     0.33
11   113.84   111.46   130.37     0.33
11   145.78   177.83   130.37     0.33
11   174.14   201.70   130.37     0.33
11   130.14   198.75   130.37     0.33
11    89.07   122.58   130.37     0.33
11   143.18    52.28   130.37     0.33
11   209.34   173.91   130.37     0.33
11   154.26   151.02   130.37     0.33
11   183.27   144.48   130.37     0.33
11   150.35   123.88   130.37     0.33
11    55.83   176.85   130.37     0.33
11   123.62   145.79   130.37     0.33
11   116.13   155.27   130.37     0.33
11   158.50   177.83   130.37     0.33
11   168.93   178.48   130.37     0.33
11   186.20   157.56   130.37     0.33
11   170.56   105.58   130.37     0.33
11   100.81   195.81   130.37     0.33
11   188.81   181.75   130.37     0.33
11   190.76   171.29   130.37     0.33
11   194.67    72.88   130.37     0.33
11   136.98   133.69   130.37     0.33
11   162.41   159.85   130.37     0.33
11   128.84    65.36   130.37     0.33
11   135.68    58.82   130.37     0.33
11   128.84    57.19   130.37     0.33
11   121.67    60.78   130.37     0.33
11   108.63    71.57   130.37     0.33
11   166.97   139.25   132.56     0.33
11   157.19   124.86   132.56     0.33
11   157.84   111.46   132.56     0.33
11   155.89    96.09   132.56     0.33
11   164.69    96.75   132.56     0.33
11   156.54    63.73   132.56     0.33
11   183.92    57.84   132.56     0.33
11   213.25    65.36   132.56     0.33
11   200.54   229.49   132.56     0.33
11   196.30   157.23   132.56     0.33
11   208.69   147.75   132.56     0.33
11   217.49   149.39   132.56     0.33
11   217.82   137.62   132.56     0.33
11   226.29   151.02   132.56     0.33
11   227.59   142.19   132.56     0.33
11   249.43   149.06   132.56     0.33
11   250.73   135.65   132.56     0.33
11   252.04   124.54   132.56     0.33
11   140.24   155.92   132.56     0.33
11   118.73   162.46   132.56     0.33
11   110.58   124.86   132.56     0.33
11    94.61   116.36   132.56     0.33
11    93.96   125.19   132.56     0.33
11   101.13   186.00   132.56     0.33
11   121.01   199.41   132.56     0.33
11   123.95   206.27   132.56     0.33
11   218.14   103.94   132.56     0.33
11   214.88    96.09   132.56     0.33
11   213.90    82.04   132.56     0.33
11   131.12    90.54   132.56     0.33
11   161.10   136.31   132.56     0.33
11   213.58   122.25   132.56     0.33
11   210.32   111.13   132.56     0.33
11   181.96   127.48   132.56     0.33
11   170.56   122.25   132.56     0.33
11   130.14   171.29   132.56     0.33
11   198.26   206.93   132.56     0.33
11   174.14   211.18   132.56     0.33
11    87.77   164.42   132.56     0.33
11    88.42   154.62   132.56     0.33
11    77.67   131.40   132.56     0.33
11   145.13    73.86   132.56     0.33
11   160.45    72.88   132.56     0.33
11   188.16    78.77   132.56     0.33
11   203.80    94.79   132.56     0.33
11   173.16   115.06   132.56     0.33
11   221.07   121.92   132.56     0.33
11   233.79    99.04   132.56     0.33
11   239.98   163.77   132.56     0.33
11   225.64   161.48   132.56     0.33
11   239.00   151.02   132.56     0.33
11   234.11   160.17   132.56     0.33
11   140.90   146.77   132.56     0.33
11   150.67   146.44   132.56     0.33
11   148.07   135.65   132.56     0.33
11   128.84   138.60   132.56     0.33
11   114.50   147.10   132.56     0.33
11   177.07   183.39   132.56     0.33
11   168.93   194.50   132.56     0.33
11   201.52   214.45   132.56     0.33
11   211.95   215.10   132.56     0.33
11   148.72   223.27   132.56     0.33
11   141.55   215.10   132.56     0.33
11   104.72   179.46   132.56     0.33
11   147.41   100.67   132.56     0.33
11   130.14   115.06   132.56     0.33
11   126.23   106.88   132.56     0.33
11   124.93    94.13   132.56     0.33
11   116.13    81.05   132.56     0.33
11   165.01    55.55   132.56     0.33
11   166.32    63.73   132.56     0.33
11   204.45    77.13   132.56     0.33
11   242.26   130.75   132.56     0.33
11   225.64   115.38   132.56     0.33
11    64.63   183.06   132.56     0.33
11    62.67   191.56   132.56     0.33
11    66.26   174.89   132.56     0.33
11    71.15   199.08   132.56     0.33
11    73.43   169.98   132.56     0.33
11    73.75   182.08   132.56     0.33
11    87.77   182.73   132.56     0.33
11    82.88   189.60   132.56     0.33
11    87.12   198.75   132.56     0.33
11    92.33   192.22   132.56     0.33
11    94.94   200.72   132.56     0.33
11   103.09   207.91   132.56     0.33
11    79.95   202.02   132.56     0.33
11    61.69   162.14   132.56     0.33
11   240.96    91.19   132.56     0.33
11   144.48   187.64   133.70     0.33
11   143.83   204.31   133.70     0.33
11   189.46   201.70   133.70     0.33
11   207.06   200.72   133.70     0.33
11   205.76   223.93   133.70     0.33
11   174.14   227.85   133.70     0.33
11   162.41   208.56   133.70     0.33
11   155.56   140.23   133.70     0.33
11   105.70   135.98   133.70     0.33
11    97.22   144.15   133.70     0.33
11   154.91    88.57   133.70     0.33
11   153.61    78.44   133.70     0.33
11   173.16    87.59   133.70     0.33
11   241.61   118.33   133.70     0.33
11   193.37    66.34   133.70     0.33
11   102.11   106.88   133.70     0.33
11    93.96   102.63   133.70     0.33
11    70.82   153.31   133.70     0.33
11    80.60   157.56   133.70     0.33
11   168.60   146.77   133.70     0.33
11   220.75   181.10   133.70     0.33
11   145.46   126.50   133.70     0.33
11   121.01   175.21   133.70     0.33
11   128.51   180.77   133.70     0.33
11   116.13   187.31   133.70     0.33
11    92.98   132.38   133.70     0.33
11   134.38   123.56   133.70     0.33
11   176.75   137.94   133.70     0.33
11   108.63   169.33   133.70     0.33
11   106.35   158.54   133.70     0.33
11   106.02   148.08   133.70     0.33
11    94.61   175.87   133.70     0.33
11    95.27   167.37   133.70     0.33
11    77.34   152.33   133.70     0.33
11   172.84   155.27   133.70     0.33
11   151.00   172.60   133.70     0.33
11   156.21   188.95   133.70     0.33
11   151.00   196.79   133.70     0.33
11   153.28   206.27   133.70     0.33
11   189.46   231.78   133.70     0.33
11   190.76   215.43   133.70     0.33
11   193.04   224.26   133.70     0.33
11   181.96   209.54   133.70     0.33
11   202.17   165.41   133.70     0.33
11   198.91   150.04   133.70     0.33
11   205.43   158.21   133.70     0.33
11   202.17   142.52   133.70     0.33
11   218.47   196.47   133.70     0.33
11   216.19   206.27   133.70     0.33
11   193.70   124.86   133.70     0.33
11   186.53   103.29   133.70     0.33
11   181.31    96.75   133.70     0.33
11   231.18   131.73   133.70     0.33
11   232.48   121.27   133.70     0.33
11   204.45   119.63   140.29     0.33
11   192.07   119.31   140.29     0.33
11   181.64   110.15   140.29     0.33
11   172.19   129.44   140.29     0.33
11   151.98   111.46   140.29     0.33
11   139.27   118.65   140.29     0.33
11   126.23   128.46   140.29     0.33
11   121.67   136.96   140.29     0.33
11   121.99   114.08   140.29     0.33
11   114.82   119.96   140.29     0.33
11   121.01    99.04   140.29     0.33
11   130.47    99.04   140.29     0.33
11   137.96    98.38   140.29     0.33
11   113.84    89.88   140.29     0.33
11   105.70   118.98   140.29     0.33
11   137.96   163.77   140.29     0.33
11   126.23   161.48   140.29     0.33
11   123.95   168.02   140.29     0.33
11   161.43   202.68   140.29     0.33
11   173.49   189.93   140.29     0.33
11   173.49   101.00   140.29     0.33
11   207.06    71.25   140.29     0.33
11   206.73    63.73   140.29     0.33
11   197.93    55.23   140.29     0.33
11   194.67    50.65   140.29     0.33
11   150.02    54.24   140.29     0.33
11   111.89   134.35   140.29     0.33
11    77.67   145.14   140.29     0.33
11   140.57   186.98   140.29     0.33
11   193.37   190.25   140.29     0.33
11   216.84   167.04   140.29     0.33
11   220.75   177.18   140.29     0.33
11   162.41   214.12   140.29     0.33
11   159.15   221.64   140.29     0.33
11   202.17   125.52   140.29     0.33
11   222.05   104.27   140.29     0.33
11   129.16   204.97   140.29     0.33
11    87.12   134.67   140.29     0.33
11   161.76    94.13   140.29     0.33
11   161.43   102.63   140.29     0.33
11   241.61   104.92   140.29     0.33
11   141.87    85.96   142.71     0.33
11   136.01    73.21   142.71     0.33
11   120.36    74.52   142.71     0.33
11   128.84    73.53   142.71     0.33
11   168.93    72.88   142.71     0.33
11   164.36    80.07   142.71     0.33
11   171.86    83.34   142.71     0.33
11   192.07    89.88   142.71     0.33
11   180.66    86.94   142.71     0.33
11   196.30   111.79   142.71     0.33
11   210.64   133.37   142.71     0.33
11   188.81   138.27   142.71     0.33
11   208.36   186.98   142.71     0.33
11   135.36   106.56   142.71     0.33
11    84.51   113.75   142.71     0.33
11   150.35   160.83   142.71     0.33
11   144.16   166.39   142.71     0.33
11   163.39   168.02   142.71     0.33
11   177.07   173.58   142.71     0.33
11   185.55   193.20   142.71     0.33
11   170.88   163.12   142.71     0.33
11   180.33   164.75   142.71     0.33
11   196.63   178.48   142.71     0.33
11   196.96   142.19   142.71     0.33
11   233.13   109.50   142.71     0.33
11   218.47    88.57   142.71     0.33
11   198.59   106.56   142.71     0.33
11   226.94    96.75   142.71     0.33
11   109.93   186.98   142.71     0.33
11   122.64   181.43   142.71     0.33
11   172.84    79.09   145.74     0.33
11   177.73    56.86   145.74     0.33
11   147.41    67.98   145.74     0.33
11   206.73    85.30   145.74     0.33
11   226.62    90.21   145.74     0.33
11   214.23    72.23   145.74     0.33
11   220.42    75.82   145.74     0.33
11   127.53   152.65   145.74     0.33
11   116.78   156.58   145.74     0.33
11   136.01   192.54   145.74     0.33
11   136.01   204.64   145.74     0.33
11   174.14   202.68   145.74     0.33
11   185.87   161.48   145.74     0.33
11   195.00   166.39   145.74     0.33
11   208.04   171.62   145.74     0.33
11   186.20   182.41   145.74     0.33
11   117.43   116.36   145.74     0.33
11   128.84   120.29   145.74     0.33
11   116.78   129.44   145.74     0.33
11    85.16   143.83   145.74     0.33
11    94.61   150.37   145.74     0.33
11    99.83   153.96   145.74     0.33
11    96.90   162.14   145.74     0.33
11   123.95   146.77   145.74     0.33
11   148.72   182.08   145.74     0.33
11   115.80   204.97   145.74     0.33
11    97.87    98.06   145.74     0.33
11   102.11    84.65   145.74     0.33
11   108.30    77.78   145.74     0.33
11   156.87    57.19   145.74     0.33
11   174.14    67.65   145.74     0.33
11   197.93    80.73   145.74     0.33
11   185.22    71.57   145.74     0.33
11   190.11    58.82   145.74     0.33
11   153.93   129.77   145.74     0.33
11   140.57   136.31   145.74     0.33
11   161.10   157.89   145.74     0.33
11   158.17   149.71   145.74     0.33
11   159.47   182.41   145.74     0.33
11   166.97   174.56   145.74     0.33
11   179.36   150.69   145.74     0.33
11   182.94   145.46   145.74     0.33
11   189.13   156.58   145.74     0.33
11   189.13   148.73   145.74     0.33
11   190.44   171.94   145.74     0.33
11   217.16   190.58   145.74     0.33
11   211.95   179.14   145.74     0.33
11   200.87   194.18   145.74     0.33
11   200.54   184.70   145.74     0.33
11   140.24   175.87   145.74     0.33
11   126.55   192.87   145.74     0.33
11   112.54   102.96   145.74     0.33
11   103.74    99.36   145.74     0.33
11    80.92   173.91   145.74     0.33
11    73.43   193.20   145.74     0.33
11    73.10   161.48   145.74     0.33
11   108.95   197.77   145.74     0.33
11   175.12   108.19   145.74     0.33
11   192.39   133.04   145.74     0.33
11   134.70    85.30   145.74     0.33
11   130.14    83.67   145.74     0.33
11   176.75   217.06   145.74     0.33
11   158.17    96.42   149.99     0.33
11   168.60    87.92   149.99     0.33
11   153.93    75.17   149.99     0.33
11   149.70    75.50   149.99     0.33
11   155.24    87.59   149.99     0.33
11   196.96    66.34   149.99     0.33
11   209.02   109.50   149.99     0.33
11   215.21    99.36   149.99     0.33
11   212.60    89.55   149.99     0.33
11   154.26   141.21   149.99     0.33
11   137.96   156.58   149.99     0.33
11   172.19   184.37   149.99     0.33
11   141.55   191.89   149.99     0.33
11   145.46   205.62   149.99     0.33
11   119.38   177.50   149.99     0.33
11   169.90   137.62   149.99     0.33
11   168.60   123.56   149.99     0.33
11   156.87   127.15   149.99     0.33
11   157.19   112.11   149.99     0.33
11   148.72   125.85   149.99     0.33
11   190.11   200.39   149.99     0.33
11   186.20   207.91   149.99     0.33
11   207.06   199.73   149.99     0.33
11   222.38   156.91   149.99     0.33
11   221.40   141.54   149.99     0.33
11   220.75   134.35   149.99     0.33
11   223.03   114.40   149.99     0.33
11   237.37   117.02   149.99     0.33
11   209.02   124.86   149.99     0.33
11   217.82   126.17   149.99     0.33
11   186.20    80.73   149.99     0.33
11   186.85    97.07   149.99     0.33
11   199.24    95.44   149.99     0.33
11   191.74    76.15   149.99     0.33
11   170.56    62.75   149.99     0.33
11   159.80    67.65   149.99     0.33
11   164.04   142.52   149.99     0.33
11   168.93   149.71   149.99     0.33
11   110.26   127.15   149.99     0.33
11   107.33   136.63   149.99     0.33
11    92.98   132.38   149.99     0.33
11    93.96   124.54   149.99     0.33
11    95.92   144.48   149.99     0.33
11   111.24   164.75   149.99     0.33
11   165.99   195.16   149.99     0.33
11    90.05   162.79   149.99     0.33
11    94.61   170.96   149.99     0.33
11   119.38   187.31   149.99     0.33
11    82.55   152.98   149.99     0.33
11    71.80   153.96   149.99     0.33
11   145.13    89.55   149.99     0.33
11   133.07    90.54   149.99     0.33
11   114.50    83.67   149.99     0.33
11   222.70   165.73   149.99     0.33
11   136.98   122.90   149.99     0.33
11   131.44   115.38   149.99     0.33
11   140.24    82.04   149.99     0.33
11   165.99    92.82   149.99     0.33
11   211.95    57.51   149.99     0.33
11   188.81    48.03   149.99     0.33
11   188.16    53.59   149.99     0.33
11   167.95    55.88   149.99     0.33
11   212.93   149.39   149.99     0.33
11    99.50   114.73   149.99     0.33
11    83.86   123.23   149.99     0.33
11   126.55    93.81   149.99     0.33
11   147.09   150.04   149.99     0.33
11   136.33   144.48   149.99     0.33
11   131.12   133.69   149.99     0.33
11   182.61   125.52   149.99     0.33
11   175.44   119.63   149.99     0.33
11   202.82   161.16   149.99     0.33
11   203.15   149.06   149.99     0.33
11   156.21   172.60   149.99     0.33
11   152.30   191.89   149.99     0.33
11   130.47   174.23   149.99     0.33
11   110.58   174.56   149.99     0.33
11   107.33   152.65   149.99     0.33
11   110.91   144.81   149.99     0.33
11    99.83   136.31   149.99     0.33
11   101.13   126.17   149.99     0.33
11   106.35   108.52   149.99     0.33
11   117.75   108.84   149.99     0.33
11   148.39   100.67   149.99     0.33
11   143.50   110.81   149.99     0.33
11   227.59    81.71   149.99     0.33
11   232.81    87.92   149.99     0.33
11   171.53   101.65   157.48     0.33
11   192.39   119.96   157.48     0.33
11   198.59   126.83   157.48     0.33
11   205.10   118.33   157.48     0.33
11   223.68   103.29   157.48     0.33
11   206.73    73.53   157.48     0.33
11   207.39    66.34   157.48     0.33
11   184.24    64.38   157.48     0.33
11   148.72    54.57   157.48     0.33
11   148.07    62.09   157.48     0.33
11   162.73   106.23   157.48     0.33
11   119.71   100.34   157.48     0.33
11   132.75   104.27   157.48     0.33
11   125.90   109.17   157.48     0.33
11   122.32   112.77   157.48     0.33
11   116.13    91.84   157.48     0.33
11   111.56   122.58   157.48     0.33
11   125.25   127.81   157.48     0.33
11   117.75   135.98   157.48     0.33
11   122.32   137.62   157.48     0.33
11   129.16   144.81   157.48     0.33
11   119.38   149.06   157.48     0.33
11   126.23   159.19   157.48     0.33
11   137.96   152.00   157.48     0.33
11   174.14   138.92   157.48     0.33
11   210.64   139.25   157.48     0.33
11   170.56   129.44   157.48     0.33
11   217.82   167.69   157.48     0.33
11   172.19   191.23   157.48     0.33
11   128.84   203.66   157.48     0.33
11   160.78   201.04   157.48     0.33
11   161.10   213.14   157.48     0.33
11   124.60   175.54   157.48     0.33
11    87.12   137.62   157.48     0.33
11    84.18   131.08   157.48     0.33
11    90.38   117.67   157.48     0.33
11   106.02   119.31   157.48     0.33
11   138.29    96.75   157.48     0.33
11   182.29   109.83   157.48     0.33
11   149.37   108.84   157.48     0.33
11   149.37   118.65   157.48     0.33
11   146.76   154.62   157.48     0.33
11   196.96    52.61   157.48     0.33
11   200.22   108.84   158.77     0.33
11   210.32   133.37   158.77     0.33
11   198.59   141.87   158.77     0.33
11   188.48   139.90   158.77     0.33
11   165.99    79.42   158.77     0.33
11   166.32    70.27   158.77     0.33
11   131.44    73.53   158.77     0.33
11   139.59    72.23   158.77     0.33
11   172.19    84.65   158.77     0.33
11   121.99   181.43   158.77     0.33
11   112.54   185.68   158.77     0.33
11   178.70   183.71   158.77     0.33
11   189.79    90.21   158.77     0.33
11   180.01    96.75   158.77     0.33
11   146.44   143.50   158.77     0.33
11   146.44   132.06   158.77     0.33
11   163.06   118.65   158.77     0.33
11   168.60   113.42   158.77     0.33
11   181.96    85.30   158.77     0.33
11   207.39   100.02   158.77     0.33
11   188.48   105.58   158.77     0.33
11   187.50   132.71   158.77     0.33
11   211.62   157.56   158.77     0.33
11   177.40   160.83   158.77     0.33
11   195.33   159.19   158.77     0.33
11   166.64   167.04   158.77     0.33
11   193.37   192.22   158.77     0.33
11   206.73   191.56   158.77     0.33
11   209.02   184.70   158.77     0.33
11   178.05   178.81   158.77     0.33
11   181.31   197.77   158.77     0.33
11   200.54   171.94   158.77     0.33
11   180.66   169.66   158.77     0.33
11   149.70   169.00   158.77     0.33
11   152.63   161.81   158.77     0.33
11   141.55   185.35   158.77     0.33
11   170.88   208.89   158.77     0.33
11   118.08   198.75   158.77     0.33
11   132.75   199.08   158.77     0.33
11   142.85   199.73   158.77     0.33
11   128.51   182.73   158.77     0.33
11   138.94   163.77   158.77     0.33
11   129.81   167.69   158.77     0.33
11   118.41   168.68   158.77     0.33
11   103.09   182.73   158.77     0.33
11   104.72   190.25   158.77     0.33
11    93.31   177.83   158.77     0.33
11   214.56   117.02   158.77     0.33
11   203.80   135.33   158.77     0.33
11   216.84    82.04   158.77     0.33
11   232.81   107.54   158.77     0.33
11   229.55   121.60   158.77     0.33
11   226.94   131.40   158.77     0.33
11   118.41    72.55   158.77     0.33
11   120.36    80.40   158.77     0.33
11   152.96   207.25   158.77     0.33
11   187.18   154.94   162.41     0.33
11   183.92   161.16   162.41     0.33
11   191.41   166.39   162.41     0.33
11   186.85   173.58   162.41     0.33
11   187.18   181.43   162.41     0.33
11   205.10   169.33   162.41     0.33
11   205.43    84.32   162.41     0.33
11   201.84    79.75   162.41     0.33
11   191.74    82.04   162.41     0.33
11   215.53    71.90   162.41     0.33
11   191.09    59.15   162.41     0.33
11   174.47    66.01   162.41     0.33
11   178.05    72.55   162.41     0.33
11   171.86    74.19   162.41     0.33
11   128.84    88.25   162.41     0.33
11   174.47   108.84   162.41     0.33
11   199.56   119.31   162.41     0.33
11   126.55   153.64   162.41     0.33
11    96.57   162.79   162.41     0.33
11    97.55   152.98   162.41     0.33
11    83.53   145.46   162.41     0.33
11   125.58   117.67   162.41     0.33
11   140.90   137.29   162.41     0.33
11   159.47   146.12   162.41     0.33
11   162.08   152.33   162.41     0.33
11   154.91   105.25   162.41     0.33
11   193.04   148.40   162.41     0.33
11   195.33   134.35   162.41     0.33
11   113.19   115.38   162.41     0.33
11   120.36   120.94   162.41     0.33
11   117.10   129.44   162.41     0.33
11   144.16   177.18   162.41     0.33
11   158.17   186.66   162.41     0.33
11   161.10   179.14   162.41     0.33
11   169.90   174.23   162.41     0.33
11   175.44   148.40   162.41     0.33
11   159.80   159.19   162.41     0.33
11   180.66   134.67   162.41     0.33
11   186.20   116.04   162.41     0.33
11   194.02   184.37   162.41     0.33
11   201.52   179.46   162.41     0.33
11   197.93   199.08   162.41     0.33
11   177.73    59.15   162.41     0.33
11   158.82    60.78   162.41     0.33
11   109.28   102.63   162.41     0.33
11   102.44   101.00   162.41     0.33
11    99.50    94.46   162.41     0.33
11   107.65    91.84   162.41     0.33
11   117.75   159.52   162.41     0.33
11    90.70   148.40   162.41     0.33
11   158.82    94.79   165.21     0.33
11   150.35    97.07   165.21     0.33
11   143.18    86.61   165.21     0.33
11   135.68    81.71   165.21     0.33
11   149.04    74.84   165.21     0.33
11   126.23    96.09   165.21     0.33
11   137.64   120.29   165.21     0.33
11   132.42   124.86   165.21     0.33
11   149.37   125.85   165.21     0.33
11   157.19   130.10   165.21     0.33
11   156.87   141.21   165.21     0.33
11   172.84   121.27   165.21     0.33
11   206.73   110.15   165.21     0.33
11   222.38   111.79   165.21     0.33
11   216.51   126.50   165.21     0.33
11   220.10   142.52   165.21     0.33
11   221.40   156.25   165.21     0.33
11   170.23    95.77   165.21     0.33
11   155.89    86.29   165.21     0.33
11   156.87   169.66   165.21     0.33
11   105.37   152.00   165.21     0.33
11    96.24   145.79   165.21     0.33
11   134.05   156.58   165.21     0.33
11   185.87    98.38   165.21     0.33
11   141.87   191.23   165.21     0.33
11   108.30   137.94   165.21     0.33
11   104.39   128.13   165.21     0.33
11    95.59   136.96   165.21     0.33
11    93.96   128.79   165.21     0.33
11    98.20   119.96   165.21     0.33
11   100.81   110.15   165.21     0.33
11   166.32    86.29   165.21     0.33
11   112.87    80.40   165.21     0.33
11   109.61    84.32   165.21     0.33
11   151.33    69.94   165.21     0.33
11   212.27   150.37   165.21     0.33
11   203.47   150.69   165.21     0.33
11   202.17   160.83   165.21     0.33
11   164.69   192.87   165.21     0.33
11   166.64   184.37   165.21     0.33
11   153.93   194.50   165.21     0.33
11   147.09   188.29   165.21     0.33
11   172.19   202.02   165.21     0.33
11   131.77   135.33   165.21     0.33
11   142.53   111.79   165.21     0.33
11   133.40   114.40   165.21     0.33
11   142.53   103.61   165.21     0.33
11   164.36   137.94   165.21     0.33
11   169.58   157.89   165.21     0.33
11   180.99   126.50   165.21     0.33
11   182.61   147.75   165.21     0.33
11   196.63    64.71   165.21     0.33
11   215.53    99.36   165.21     0.33
11   213.90    90.21   165.21     0.33
11   110.58   163.44   165.21     0.33
11   111.89   152.65   165.21     0.33
11   170.56   131.08   173.09     0.33
11   172.19   136.63   173.09     0.33
11   175.44   141.87   173.09     0.33
11   177.73   130.10   173.09     0.33
11   146.44   154.62   173.09     0.33
11   137.31   152.65   173.09     0.33
11   127.86   143.50   173.09     0.33
11   120.36   149.71   173.09     0.33
11   206.41   123.23   173.09     0.33
11   192.72   120.94   173.09     0.33
11   166.32   107.86   173.09     0.33
11   151.33   109.50   173.09     0.33
11   132.10   103.94   173.09     0.33
11   124.93   110.48   173.09     0.33
11   118.08   111.13   173.09     0.33
11   124.60   163.44   173.09     0.33
11   173.16   190.91   173.09     0.33
11   217.16   168.35   173.09     0.33
11   206.41    69.28   173.09     0.33
11   134.05    93.15   173.09     0.33
11   116.13    93.81   173.09     0.33
11   120.04   104.59   173.09     0.33
11   112.87   122.90   173.09     0.33
11   123.62   136.63   173.09     0.33
11   115.47   137.94   173.09     0.33
11   193.37   112.77   173.09     0.33
11   162.08   101.98   173.09     0.33
11   152.30   117.35   173.09     0.33
11   210.64   141.21   173.09     0.33
11   108.63   176.19   173.09     0.33
11   100.81   171.29   173.09     0.33
11   134.70   175.21   173.09     0.33
11   131.44   190.25   173.09     0.33
11   120.36   190.91   173.09     0.33
11   226.94    85.63   173.09     0.33
11   183.27    65.69   173.09     0.33
11   188.48    93.81   174.76     0.33
11   197.28    96.75   174.76     0.33
11   179.03    96.42   174.76     0.33
11   173.16    97.73   174.76     0.33
11   170.23    83.02   174.76     0.33
11   163.71    80.40   174.76     0.33
11   164.69    72.55   174.76     0.33
11   137.31   161.16   174.76     0.33
11   178.05   186.33   174.76     0.33
11   210.97   134.67   174.76     0.33
11   191.74   140.56   174.76     0.33
11   195.98   124.86   174.76     0.33
11   201.19   106.88   174.76     0.33
11   121.34   180.45   175.21     0.33
11   179.68    87.27   176.27     0.33
11   187.50   107.54   176.27     0.33
11   201.19   139.90   176.27     0.33
11   211.95   116.36   176.27     0.33
11   146.44   143.17   176.27     0.33
11   140.90   131.08   176.27     0.33
11   137.31    72.55   176.27     0.33
11   123.30    80.07   176.27     0.33
11   185.87   172.93   178.77     0.33
11   180.01   164.10   178.77     0.33
11   194.35   165.41   178.77     0.33
11   187.50   157.89   178.77     0.33
11   168.60   172.27   178.77     0.33
11   158.50   161.81   178.77     0.33
11   160.78   151.02   178.77     0.33
11   194.02   130.75   178.77     0.33
11   195.65   146.77   178.77     0.33
11   184.90   117.67   178.77     0.33
11   176.10   110.48   178.77     0.33
11   169.25   120.29   178.77     0.33
11   188.16    80.40   178.77     0.33
11   177.40    73.86   178.77     0.33
11   125.58   118.98   178.77     0.33
11   119.06   130.10   178.77     0.33
11   107.00   118.65   178.77     0.33
11   111.56   107.86   178.77     0.33
11   148.39   165.73   178.77     0.33
11   142.53   179.46   178.77     0.33
11   125.25   156.25   178.77     0.33
11   178.70   155.60   178.77     0.33
11   170.88   149.06   178.77     0.33
11   184.90   135.33   178.77     0.33
11   203.80   134.35   178.77     0.33
11   201.19   117.67   178.77     0.33
11   161.43   178.48   178.77     0.33
11   156.21   185.68   178.77     0.33
11   176.75   176.19   178.77     0.33
11   205.43   172.60   178.77     0.33
11   200.54    79.09   178.77     0.33
11   210.97    83.02   178.77     0.33
11   157.84   172.60   180.66     0.33
11   151.00    98.06   180.66     0.33
11   143.50    88.57   180.66     0.33
11   150.35    74.52   180.66     0.33
11   143.50   120.94   180.66     0.33
11   151.33   124.21   180.66     0.33
11   164.04   145.79   180.66     0.33
11   164.36   135.00   180.66     0.33
11   170.23   160.50   180.66     0.33
11   203.47   152.00   180.66     0.33
11   198.91   158.87   180.66     0.33
11   184.57   148.40   180.66     0.33
11   220.75   108.52   180.66     0.33
11   210.97   101.98   180.66     0.33
11   215.21    92.50   180.66     0.33
11   153.93    82.36   180.66     0.33
11   156.87    90.21   180.66     0.33
11   170.88    90.86   180.66     0.33
11   141.55    82.36   180.66     0.33
11   130.79    88.90   180.66     0.33
11   137.64   119.63   180.66     0.33
11   128.84   131.73   180.66     0.33
11   137.64   143.17   180.66     0.33
11   140.24   110.15   180.66     0.33
11   139.59   102.63   180.66     0.33
11   159.80   125.19   180.66     0.33
11   160.13   114.73   180.66     0.33
11   166.32   106.88   188.31     0.33
11   178.05   129.12   188.31     0.33
11   174.79   140.56   188.31     0.33
11   155.56   109.83   191.34     0.33
11   172.84    97.73   191.34     0.33
11   167.30    81.05   191.34     0.33
11   198.26   101.00   191.34     0.33
11   191.41   109.17   191.34     0.33
11   193.04   121.92   191.34     0.33
11   147.41   136.31   191.34     0.33
11   152.30   146.12   191.34     0.33
11   143.50   155.27   191.34     0.33
11   139.92   129.77   191.34     0.33
11   127.53   108.52   191.34     0.33
11   130.79    98.38   191.34     0.33
11   179.03    95.11   193.01     0.33
11   191.41   141.87   193.01     0.33
11   194.67   131.40   195.28     0.33
11   168.27   118.33   195.28     0.33
11   175.44   109.17   195.28     0.33
11   176.75    75.17   195.28     0.33
11   161.76    98.71   195.28     0.33
11   149.70   115.38   195.28     0.33
11   186.85   115.71   195.28     0.33
11   186.53   123.88   195.28     0.33
11   201.19   114.08   195.28     0.33
11   205.10   123.23   195.28     0.33
11   210.64   113.75   195.28     0.33
11   191.41    83.67   195.28     0.33
11   180.01    86.61   195.28     0.33
11   158.82   156.58   195.28     0.33
11   171.53   150.37   195.28     0.33
11   190.76   155.27   195.28     0.33
11   150.67   164.42   195.28     0.33
11   204.13   133.04   195.28     0.33
11   131.77    77.46   194.60     0.33
11   142.20    69.28   194.60     0.33
11   157.52    68.30   194.60     0.33
11   168.93    70.59   194.60     0.33
11   155.56    92.82   198.77     0.33
11   147.41   102.63   198.77     0.33
11   140.24   115.06   198.77     0.33
11   151.00   127.48   198.77     0.33
11   165.67   135.65   198.77     0.33
11   171.21   121.60   198.77     0.33
11   172.19   131.40   198.77     0.33
11   153.28    77.46   198.77     0.33
11   142.53    80.07   198.77     0.33
11   136.01    85.30   198.77     0.33
11   145.78    90.21   198.77     0.33
11   155.89    59.48   198.77     0.33
12   171.11   228.86    86.66     0.33
12   233.69   212.84    91.88     0.33
12   240.21   199.44    90.14     0.33
12   246.40    80.43    94.91     0.33
12   227.92    88.90   109.69     0.33
12   247.15    74.84   109.69     0.33
12   141.22    48.69   112.19     0.33
12   115.47    65.03   138.85     0.33
12   173.16    46.73   138.85     0.33
12   202.82    48.36   138.85     0.33
12   204.45    53.26   138.85     0.33
12   236.72    79.42   145.82     0.33
12   163.06    66.01   169.76     0.33
12   189.13    73.53   178.85     0.33
12   141.22    59.80   189.38     0.33
12   177.73   120.94   188.92     0.33
12   151.00   178.16   173.77     0.33
12   102.44   170.31   155.29     0.33
12   237.05    99.04   159.68     0.33
12   226.62   175.87   144.00     0.33
12   226.62    97.07   167.18     0.33
12   221.73    95.11   172.94     0.33
12   195.00   240.28   121.65     0.33
12   157.19   220.33   107.34     0.33
12   222.70    68.63   131.73     0.33
12   184.57    99.36   190.89     0.33
12   153.61   133.04   181.80     0.33
12   163.71   124.21   197.03     0.33
12   196.63    90.54   181.35     0.33
12   205.43    90.21   181.35     0.33
12   201.52    86.94   181.35     0.33
12   200.22    93.48   177.26     0.33
12   191.74    45.42   129.31     0.33
12   183.92    43.78   129.31     0.33
12   205.10    44.11   129.31     0.33
12   132.42    52.61   128.24     0.33
