11  1867.84  1432.22     0.83     0.33
11  1890.33  1446.60     3.18     0.33
11  1843.07  1410.64     3.18     0.33
11  1811.45  1437.45     3.18     0.33
11  1817.97  1400.83     3.18     0.33
11  1830.68  1432.87     3.18     0.33
11  1859.36  1463.93     3.18     0.33
11  1837.85  1477.34     3.18     0.33
11  1823.51  1447.91     0.45     0.33
11  1841.44  1444.97    -1.36     0.33
11  1823.18  1417.83    -1.36     0.33
11  1861.64  1395.93    -1.36     0.33
11  1887.72  1410.31    -1.36     0.33
11  1860.01  1417.51    -1.36     0.33
11  1850.89  1477.01    -1.36     0.33
11  1858.71  1446.60    -1.36     0.33
11  1874.35  1460.34    -1.36     0.33
11  1864.90  1474.72    -1.36     0.33
11  1844.70  1427.97    -0.53     0.33
11  1829.70  1463.93    -0.53     0.33
11  1804.93  1452.49     0.30     0.33
11  1810.80  1417.51     0.30     0.33
11  1797.76  1419.80     0.30     0.33
11  1786.68  1427.32     1.14     0.33
11  1796.78  1440.07     1.14     0.33
11  1829.38  1390.04     1.14     0.33
11  1849.26  1378.27     1.14     0.33
11  1841.44  1393.97     1.14     0.33
11  1880.87  1393.64     1.14     0.33
11  1876.31  1421.43     1.14     0.33
11  1869.47  1409.66     1.14     0.33
11  1901.41  1430.91     1.14     0.33
11  1889.02  1424.70     1.14     0.33
11  1900.10  1410.64     1.14     0.33
11  1867.18  1380.24     1.14     0.33
11  1831.66  1375.98     1.14     0.33
11  1802.00  1404.43     1.14     0.33
11  1814.06  1386.45     1.14     0.33
11  1820.25  1477.99     1.14     0.33
11  1784.72  1405.08     1.14     0.33
11  1801.35  1386.77     1.14     0.33
11  1865.23  1431.24    18.18     0.33
11  1874.68  1422.41    18.18     0.33
11  1877.94  1450.20    18.18     0.33
11  1875.01  1398.22    18.18     0.33
11  1844.70  1375.33    19.09     0.33
11  1823.84  1381.87    19.09     0.33
11  1814.38  1397.89    19.09     0.33
11  1841.76  1407.70    19.09     0.33
11  1839.15  1426.66    19.09     0.33
11  1823.51  1431.24    19.09     0.33
11  1859.69  1464.91    19.09     0.33
11  1839.48  1464.91    19.09     0.33
11  1850.89  1445.95    19.09     0.33
11  1786.35  1433.85    33.25     0.33
11  1781.14  1415.87    33.25     0.33
11  1829.38  1453.14    33.25     0.33
11  1875.66  1449.22    33.25     0.33
11  1874.68  1432.87    33.25     0.33
11  1895.87  1430.91    33.25     0.33
11  1893.91  1455.43    33.25     0.33
11  1898.47  1462.95    33.25     0.33
11  1885.76  1476.03    33.25     0.33
11  1876.64  1395.27    34.54     0.33
11  1844.04  1406.72    34.54     0.33
11  1820.25  1410.31    34.54     0.33
11  1820.25  1397.56    34.54     0.33
11  1808.84  1400.18    34.54     0.33
11  1856.43  1381.22    34.54     0.33
11  1848.28  1386.77    34.54     0.33
11  1848.93  1371.08    34.54     0.33
11  1874.03  1367.16    34.54     0.33
11  1881.20  1369.77    34.54     0.33
11  1884.46  1406.72    35.38     0.33
11  1837.20  1427.97    38.33     0.33
11  1823.84  1436.80    39.16     0.33
11  1816.99  1442.68    39.16     0.33
11  1840.13  1463.93    40.15     0.33
11  1858.38  1472.11    40.15     0.33
11  1865.88  1465.57    41.06     0.33
11  1912.49  1444.97    41.89     0.33
11  1904.01  1449.22    41.89     0.33
11  1850.89  1491.07    42.80     0.33
11  1790.59  1468.18    43.71     0.33
11  1805.91  1467.53    43.71     0.33
11  1831.01  1493.03    43.71     0.33
11  1835.57  1514.28    43.71     0.33
11  1812.10  1529.32    43.71     0.33
11  1790.59  1516.24    44.47     0.33
11  1783.09  1523.44    44.47     0.33
11  1778.21  1501.20    44.47     0.33
11  1775.27  1483.22    44.47     0.33
11  1769.41  1450.53    44.47     0.33
11  1777.88  1440.39    44.47     0.33
11  1768.75  1468.51    44.47     0.33
11  1859.69  1419.80    45.83     0.33
11  1905.64  1416.85    45.83     0.33
11  1922.27  1434.83    45.83     0.33
11  1862.95  1491.72    45.83     0.33
11  1789.29  1430.91    49.39     0.33
11  1790.27  1417.18    49.39     0.33
11  1775.60  1414.24    49.39     0.33
11  1778.86  1406.06    49.39     0.33
11  1791.24  1389.06    49.39     0.33
11  1803.63  1383.18    49.39     0.33
11  1811.45  1379.91    49.39     0.33
11  1825.47  1383.50    49.39     0.33
11  1836.55  1373.70    49.39     0.33
11  1875.33  1426.66    49.39     0.33
11  1878.59  1435.82    49.39     0.33
11  1877.29  1445.30    49.39     0.33
11  1892.28  1457.07    49.39     0.33
11  1901.41  1462.63    49.39     0.33
11  1890.98  1477.01    49.39     0.33
11  1899.45  1485.18    49.39     0.33
11  1898.80  1439.41    49.39     0.33
11  1897.17  1425.68    49.39     0.33
11  1876.31  1477.34    49.39     0.33
11  1790.92  1532.59    49.39     0.33
11  1815.36  1535.53    49.39     0.33
11  1842.41  1406.39    50.22     0.33
11  1853.17  1406.39    50.22     0.33
11  1854.47  1379.25    50.22     0.33
11  1818.62  1392.01    50.22     0.33
11  1812.10  1400.83    50.22     0.33
11  1873.05  1367.48    50.22     0.33
11  1881.85  1368.14    50.22     0.33
11  1864.58  1367.48    50.22     0.33
11  1869.14  1359.31    50.22     0.33
11  1897.50  1371.73    50.22     0.33
11  1900.43  1392.66    51.06     0.33
11  1889.02  1406.39    54.39     0.33
11  1878.27  1395.60    54.39     0.33
11  1875.01  1402.14    54.39     0.33
11  1908.58  1384.81    54.39     0.33
11  1921.61  1373.37    54.39     0.33
11  1822.21  1441.05    54.39     0.33
11  1811.78  1440.39    54.39     0.33
11  1828.72  1422.74    54.39     0.33
11  1822.86  1404.10    55.52     0.33
11  1813.41  1520.49    55.52     0.33
11  1840.46  1526.05    55.52     0.33
11  1842.41  1464.26    55.52     0.33
11  1851.54  1468.84    55.52     0.33
11  1833.61  1456.41    55.52     0.33
11  1768.10  1510.03    55.52     0.33
11  1801.02  1546.65    55.52     0.33
11  1782.12  1545.02    55.52     0.33
11  1770.38  1499.57    55.52     0.33
11  1764.19  1487.80    55.52     0.33
11  1756.69  1477.01    55.52     0.33
11  1886.74  1493.03    55.52     0.33
11  1851.54  1511.01    55.52     0.33
11  1914.44  1440.72    58.25     0.33
11  1859.04  1402.14    58.25     0.33
11  1845.67  1387.43    58.25     0.33
11  1866.21  1466.22    58.25     0.33
11  1845.35  1497.28    58.25     0.33
11  1832.96  1489.11    60.15     0.33
11  1837.20  1505.13    60.15     0.33
11  1840.13  1514.28    60.15     0.33
11  1831.66  1516.57    60.15     0.33
11  1791.24  1471.13    60.15     0.33
11  1798.09  1462.95    60.15     0.33
11  1770.71  1470.80    60.15     0.33
11  1760.93  1470.14    60.15     0.33
11  1764.52  1453.80    60.15     0.33
11  1779.18  1489.11    60.15     0.33
11  1787.66  1505.45    60.15     0.33
11  1782.77  1521.80    60.15     0.33
11  1806.56  1527.69    60.15     0.33
11  1798.74  1518.86    60.15     0.33
11  1807.54  1496.95    60.15     0.33
11  1820.25  1470.47    60.15     0.33
11  1776.90  1440.39    60.15     0.33
11  1775.60  1429.60    60.15     0.33
11  1845.67  1361.93    60.15     0.33
11  1860.34  1376.64    60.15     0.33
11  1831.98  1355.71    60.15     0.33
11  1813.41  1370.10    60.15     0.33
11  1828.07  1364.54    60.15     0.33
11  1913.47  1451.51    60.15     0.33
11  1870.77  1504.47    60.15     0.33
11  1903.69  1419.80    61.36     0.33
11  1858.06  1419.14    61.36     0.33
11  1847.30  1486.82    61.36     0.33
11  1862.95  1491.40    61.36     0.33
11  1796.46  1527.36    61.36     0.33
11  1754.09  1512.65    61.36     0.33
11  1754.09  1499.90    61.36     0.33
11  1916.07  1402.14    62.19     0.33
11  1924.22  1391.68    62.19     0.33
11  1880.87  1377.29    62.19     0.33
11  1887.72  1505.78    60.83     0.33
11  1863.93  1517.55    63.78     0.33
11  1794.50  1412.93    64.69     0.33
11  1787.01  1420.78    64.69     0.33
11  1791.89  1432.55    64.69     0.33
11  1772.66  1414.56    64.69     0.33
11  1779.51  1404.43    64.69     0.33
11  1791.57  1388.74    64.69     0.33
11  1805.58  1380.24    64.69     0.33
11  1830.03  1381.87    64.69     0.33
11  1837.20  1372.06    64.69     0.33
11  1877.29  1420.12    64.69     0.33
11  1876.64  1443.34    64.69     0.33
11  1897.82  1426.66    64.69     0.33
11  1898.80  1448.57    64.69     0.33
11  1892.93  1458.37    64.69     0.33
11  1904.99  1462.95    64.69     0.33
11  1903.36  1473.41    64.69     0.33
11  1891.96  1477.01    64.69     0.33
11  1901.73  1484.53    64.69     0.33
11  1870.44  1474.40    64.69     0.33
11  1823.51  1529.98    64.69     0.33
11  1815.36  1539.46    64.69     0.33
11  1802.32  1538.80    64.69     0.33
11  1786.68  1537.17    64.69     0.33
11  1777.55  1508.40    64.69     0.33
11  1769.41  1520.49    64.69     0.33
11  1770.38  1528.34    64.69     0.33
11  1828.40  1396.26    64.69     0.33
11  1809.49  1414.56    64.69     0.33
11  1884.46  1483.55    64.69     0.33
11  1904.01  1495.65    64.69     0.33
11  1926.50  1414.56    64.69     0.33
11  1869.79  1366.18    67.64     0.33
11  1875.98  1359.64    67.64     0.33
11  1898.47  1393.64    67.64     0.33
11  1906.95  1372.06    67.64     0.33
11  1838.18  1407.04    67.64     0.33
11  1848.28  1404.76    67.64     0.33
11  1920.64  1439.41    70.30     0.33
11  1886.41  1404.10    70.30     0.33
11  1877.61  1407.04    70.30     0.33
11  1862.62  1392.66    70.30     0.33
11  1852.84  1394.62    70.30     0.33
11  1833.29  1417.18    70.30     0.33
11  1831.33  1425.68    70.30     0.33
11  1816.34  1409.66    70.30     0.33
11  1811.45  1401.16    70.30     0.33
11  1818.95  1396.26    70.30     0.33
11  1815.36  1386.45    70.30     0.33
11  1810.80  1441.05    70.30     0.33
11  1767.45  1494.01    71.13     0.33
11  1772.99  1500.88    71.13     0.33
11  1760.28  1487.47    71.13     0.33
11  1754.41  1479.95    71.13     0.33
11  1819.27  1521.15    71.13     0.33
11  1842.74  1527.36    71.13     0.33
11  1855.45  1513.96    71.13     0.33
11  1842.09  1465.24    71.96     0.33
11  1847.30  1459.36    71.96     0.33
11  1906.62  1384.16    71.96     0.33
11  1920.96  1372.39    71.96     0.33
11  1782.44  1440.39    71.96     0.33
11  1814.38  1431.57    71.96     0.33
11  1800.37  1448.24    71.96     0.33
11  1797.44  1435.16    71.96     0.33
11  1795.81  1380.56    71.96     0.33
11  1793.20  1512.32    71.96     0.33
11  1869.47  1464.59    73.63     0.33
11  1884.78  1453.14    73.63     0.33
11  1833.94  1450.20    73.63     0.33
11  1852.84  1380.56    73.63     0.33
11  1840.78  1382.20    73.63     0.33
11  1873.38  1375.33    73.63     0.33
11  1864.58  1381.22    73.63     0.33
11  1900.76  1370.43    73.63     0.33
11  1854.80  1463.93    73.63     0.33
11  1882.83  1444.32    73.63     0.33
11  1793.20  1468.84    75.52     0.33
11  1768.43  1468.51    75.52     0.33
11  1773.97  1490.09    75.52     0.33
11  1781.79  1519.51    75.52     0.33
11  1809.82  1514.94    75.52     0.33
11  1832.64  1488.13    75.52     0.33
11  1839.81  1488.78    75.52     0.33
11  1817.32  1453.80    75.52     0.33
11  1775.92  1427.97    75.52     0.33
11  1761.58  1434.51    75.52     0.33
11  1841.76  1357.35    75.52     0.33
11  1824.16  1359.31    75.52     0.33
11  1831.01  1368.47    75.52     0.33
11  1831.66  1352.77    75.52     0.33
11  1821.88  1369.77    75.52     0.33
11  1861.32  1369.45    75.52     0.33
11  1855.78  1361.60    75.52     0.33
11  1846.98  1361.93    75.52     0.33
11  1897.50  1414.24    76.51     0.33
11  1906.62  1420.78    76.51     0.33
11  1874.03  1436.14    76.51     0.33
11  1874.68  1450.85    76.51     0.33
11  1849.26  1477.99    76.51     0.33
11  1864.25  1486.17    76.51     0.33
11  1868.16  1494.99    76.51     0.33
11  1840.78  1507.42    76.51     0.33
11  1849.58  1501.20    76.51     0.33
11  1844.04  1515.92    78.17     0.33
11  1837.85  1516.90    79.01     0.33
11  1873.70  1511.01    79.01     0.33
11  1884.13  1496.95    79.01     0.33
11  1830.03  1521.15    79.01     0.33
11  1794.83  1527.36    79.01     0.33
11  1784.72  1531.28    79.01     0.33
11  1807.21  1539.78    79.01     0.33
11  1792.87  1551.88    67.04     0.33
11  1875.66  1392.01    74.46     0.33
11  1815.04  1495.65    75.37     0.33
11  1825.47  1463.61    77.42     0.33
11  1916.40  1399.85    79.23     0.33
11  1912.81  1394.29    80.07     0.33
11  1925.53  1392.01    80.98     0.33
11  1924.55  1413.58    80.98     0.33
11  1928.13  1418.16    80.98     0.33
11  1933.02  1423.06    86.89     0.33
11  1848.28  1404.10    86.89     0.33
11  1825.47  1402.47    76.51     0.33
11  1825.47  1409.99    81.73     0.33
11  1807.21  1414.56    83.78     0.33
11  1793.85  1412.93    86.05     0.33
11  1797.11  1419.47    77.95     0.33
11  1916.07  1462.30    81.28     0.33
11  1914.12  1469.82    81.28     0.33
11  1890.00  1476.68    82.49     0.33
11  1882.50  1484.53    82.49     0.33
11  1902.71  1472.11    79.84     0.33
11  1907.93  1487.15    84.31     0.33
11  1870.44  1478.65    87.19     0.33
11  1859.36  1514.61    91.88     0.33
11  1870.12  1468.84    91.88     0.33
11  1883.81  1464.26    91.88     0.33
11  1883.81  1453.47    91.88     0.33
11  1885.44  1445.30    91.88     0.33
11  1875.33  1435.49    91.88     0.33
11  1876.96  1411.62    92.79     0.33
11  1852.52  1463.93    95.07     0.33
11  1859.69  1451.84    97.64     0.33
11  1835.57  1451.18    97.64     0.33
11  1844.70  1457.72    98.93     0.33
11  1848.61  1447.91   103.10     0.33
11  1848.61  1402.14   103.93     0.33
11  1850.24  1434.83    89.08     0.33
11  1920.64  1444.97    93.10     0.33
11  1920.96  1430.91    81.20     0.33
11  1810.15  1401.16    88.78     0.33
11  1815.04  1396.26    88.78     0.33
11  1825.47  1393.97    88.78     0.33
11  1814.38  1385.47    88.78     0.33
11  1826.77  1378.27    88.78     0.33
11  1830.03  1385.14    88.78     0.33
11  1843.72  1382.52    89.69     0.33
11  1859.04  1377.62    89.69     0.33
11  1851.87  1381.87    89.69     0.33
11  1800.04  1374.68    89.69     0.33
11  1801.02  1385.79    89.69     0.33
11  1830.68  1361.27    89.69     0.33
11  1791.89  1390.37    89.69     0.33
11  1785.05  1398.54    89.69     0.33
11  1784.72  1417.51    89.69     0.33
11  1783.75  1439.41    89.69     0.33
11  1804.28  1438.76    89.69     0.33
11  1813.08  1426.99    90.82     0.33
11  1779.18  1445.30    97.94     0.33
11  1773.32  1452.49   105.37     0.33
11  1769.08  1462.30   109.99     0.33
11  1824.81  1410.31   101.50     0.33
11  1775.92  1510.36    82.04     0.33
11  1772.34  1524.09    82.04     0.33
11  1760.93  1521.80    82.04     0.33
11  1760.28  1506.76    82.04     0.33
11  1769.08  1511.67    82.04     0.33
11  1820.25  1530.30    82.04     0.33
11  1812.10  1527.36    82.04     0.33
11  1890.33  1510.03    82.04     0.33
11  1901.41  1499.57    82.04     0.33
11  1843.72  1531.94    87.57     0.33
11  1797.11  1510.36    88.40     0.33
11  1771.36  1499.90    88.40     0.33
11  1816.67  1511.01    89.23     0.33
11  1820.90  1516.90    89.23     0.33
11  1762.56  1496.63    90.90     0.33
11  1770.71  1493.36    91.81     0.33
11  1768.75  1466.22    92.79     0.33
11  1836.55  1471.13    90.45     0.33
11  1902.06  1376.97   101.88     0.33
11  1912.16  1379.91   103.70     0.33
11  1887.72  1416.20   112.72     0.33
11  1758.65  1453.14    98.85     0.33
11  1771.36  1427.64    98.85     0.33
11  1778.86  1426.01    98.85     0.33
11  1831.01  1419.14   100.75     0.33
11  1831.33  1427.64   101.58     0.33
11  1818.30  1433.53   102.49     0.33
11  1816.99  1454.45   102.49     0.33
11  1855.45  1502.19   102.49     0.33
11  1842.74  1514.28   102.49     0.33
11  1877.94  1479.95   104.08     0.33
11  1874.68  1483.88   104.08     0.33
11  1892.61  1486.17   104.08     0.33
11  1894.89  1478.97   104.08     0.33
11  1882.50  1488.45   104.08     0.33
11  1880.55  1497.61   104.08     0.33
11  1884.78  1481.91   104.08     0.33
11  1886.74  1476.03   104.08     0.33
11  1878.27  1457.39   103.17     0.33
11  1850.56  1420.78   109.38     0.33
11  1803.30  1424.05   102.41     0.33
11  1836.55  1490.42   105.37     0.33
11  1838.18  1483.22   105.37     0.33
11  1846.00  1488.78   105.37     0.33
11  1844.04  1477.34   105.37     0.33
11  1851.87  1471.78   105.37     0.33
11  1880.87  1406.06   105.37     0.33
11  1877.29  1396.58   105.37     0.33
11  1861.32  1397.24   103.70     0.33
11  1859.04  1388.41   100.82     0.33
11  1860.34  1370.10   107.03     0.33
11  1832.64  1388.08   104.08     0.33
11  1825.47  1388.41   104.08     0.33
11  1819.27  1395.93   104.16     0.33
11  1797.44  1411.95   104.16     0.33
11  1816.34  1421.10   104.16     0.33
11  1813.73  1376.97   110.52     0.33
11  1904.34  1415.87   112.49     0.33
11  1924.55  1415.87   119.15     0.33
11  1826.12  1500.22   108.10     0.33
11  1802.00  1481.59   116.35     0.33
11  1841.76  1522.78    98.70     0.33
11  1862.62  1521.80   103.78     0.33
11  1905.32  1473.41   103.78     0.33
11  1913.47  1465.89   104.61     0.33
11  1933.02  1422.08   104.61     0.33
11  1826.77  1465.24   102.49     0.33
11  1794.83  1524.74   105.90     0.33
11  1791.24  1515.59   105.90     0.33
11  1795.15  1511.01   105.90     0.33
11  1810.15  1523.76   105.90     0.33
11  1822.21  1520.49   105.90     0.33
11  1813.08  1507.74   105.90     0.33
11  1801.35  1537.17   105.90     0.33
11  1813.08  1538.15   105.90     0.33
11  1785.70  1526.71   105.90     0.33
11  1781.46  1516.24   105.90     0.33
11  1779.18  1506.44   105.90     0.33
11  1775.27  1497.28   105.90     0.33
11  1772.01  1485.84   105.90     0.33
11  1770.38  1518.53   105.90     0.33
11  1756.69  1484.86   105.90     0.33
11  1764.52  1488.13   105.90     0.33
11  1790.59  1419.80   105.90     0.33
11  1808.52  1436.80   105.90     0.33
11  1850.56  1434.18   105.90     0.33
11  1870.12  1434.83   105.90     0.33
11  1845.35  1382.52   105.90     0.33
11  1829.38  1363.23   105.90     0.33
11  1788.31  1383.83   105.90     0.33
11  1890.33  1450.85   110.22     0.33
11  1889.67  1440.39   110.22     0.33
11  1889.35  1434.18   110.22     0.33
11  1886.74  1463.28   111.05     0.33
11  1869.47  1467.20   111.05     0.33
11  1861.32  1458.05   111.05     0.33
11  1849.58  1462.30   111.05     0.33
11  1833.61  1471.13   111.05     0.33
11  1840.13  1473.41   111.05     0.33
11  1844.70  1500.22   111.05     0.33
11  1854.15  1509.05   111.05     0.33
11  1884.46  1518.53   111.05     0.33
11  1874.35  1520.17   111.05     0.33
11  1805.26  1497.61   111.05     0.33
11  1805.91  1504.47   111.05     0.33
11  1798.41  1492.70   111.05     0.33
11  1787.98  1489.43   111.05     0.33
11  1833.29  1528.99   111.05     0.33
11  1835.57  1518.53   111.05     0.33
11  1797.76  1541.75   111.05     0.33
11  1842.09  1538.48   111.05     0.33
11  1815.36  1530.96   111.05     0.33
11  1788.31  1534.88   111.05     0.33
11  1779.84  1527.69   111.05     0.33
11  1768.43  1529.32   111.05     0.33
11  1756.69  1501.53   111.05     0.33
11  1766.47  1500.88   111.05     0.33
11  1865.55  1418.49   111.05     0.33
11  1867.84  1383.83   111.05     0.33
11  1829.70  1378.93   112.41     0.33
11  1826.12  1370.75   112.41     0.33
11  1859.36  1378.27   112.41     0.33
11  1910.21  1399.85   112.41     0.33
11  1846.65  1412.28   112.41     0.33
11  1833.61  1405.74   112.41     0.33
11  1796.46  1440.39   112.41     0.33
11  1819.60  1449.22   112.41     0.33
11  1835.90  1428.95   112.41     0.33
11  1865.55  1481.91   112.41     0.33
11  1798.41  1376.64   112.41     0.33
11  1798.09  1387.10   112.41     0.33
11  1869.14  1491.07   112.41     0.33
11  1779.18  1470.14   112.41     0.33
11  1779.84  1442.35   114.99     0.33
11  1773.97  1423.06   114.99     0.33
11  1765.82  1415.87   114.99     0.33
11  1873.05  1498.92   114.99     0.33
11  1878.27  1484.86   119.15     0.33
11  1872.73  1477.34   119.15     0.33
11  1864.90  1475.05   119.15     0.33
11  1875.98  1458.70   119.15     0.33
11  1876.31  1444.32   119.15     0.33
11  1846.32  1449.22   119.15     0.33
11  1859.04  1449.55   119.15     0.33
11  1850.56  1442.03   119.15     0.33
11  1835.57  1453.80   119.15     0.33
11  1840.13  1458.05   119.15     0.33
11  1828.40  1445.95   119.15     0.33
11  1806.89  1453.80   119.15     0.33
11  1819.27  1432.55   119.15     0.33
11  1829.70  1421.10   119.15     0.33
11  1829.05  1409.33   119.15     0.33
11  1844.37  1401.49   119.15     0.33
11  1850.89  1401.49   119.15     0.33
11  1830.68  1389.06   119.15     0.33
11  1820.90  1405.74   119.15     0.33
11  1804.28  1423.06   119.23     0.33
11  1816.01  1421.76   119.23     0.33
11  1811.45  1391.35   120.59     0.33
11  1909.23  1433.20   118.85     0.33
11  1862.30  1516.24   118.85     0.33
11  1842.09  1523.76   118.85     0.33
11  1763.86  1447.26   118.85     0.33
11  1755.72  1455.43   118.85     0.33
11  1763.86  1435.16   118.85     0.33
11  1772.34  1409.01   118.85     0.33
11  1877.61  1405.08   123.25     0.33
11  1809.17  1436.80   123.25     0.33
11  1789.29  1415.87   123.25     0.33
11  1868.49  1433.20   123.25     0.33
11  1839.81  1492.05   123.25     0.33
11  1832.31  1489.43   123.25     0.33
11  1844.37  1483.88   123.25     0.33
11  1853.82  1473.41   123.25     0.33
11  1833.29  1502.19   123.25     0.33
11  1828.40  1496.95   123.25     0.33
11  1823.51  1518.21   123.25     0.33
11  1790.92  1514.61   123.25     0.33
11  1779.84  1515.92   123.25     0.33
11  1770.71  1516.57   123.25     0.33
11  1777.23  1500.55   124.15     0.33
11  1772.34  1486.49   124.15     0.33
11  1755.06  1482.24   124.15     0.33
11  1802.65  1524.42   124.15     0.33
11  1800.69  1532.26   124.15     0.33
11  1890.98  1480.93   124.15     0.33
11  1877.61  1473.74   124.15     0.33
11  1913.14  1418.81   124.15     0.33
11  1896.52  1429.93   124.15     0.33
11  1810.15  1500.22   124.15     0.33
11  1814.06  1504.80   124.15     0.33
11  1773.97  1458.70   124.15     0.33
11  1763.54  1460.99   124.15     0.33
11  1792.55  1384.16   124.15     0.33
11  1807.21  1382.20   124.15     0.33
11  1837.85  1378.93   124.15     0.33
11  1859.69  1370.75   124.15     0.33
11  1814.06  1475.05   124.15     0.33
11  1825.14  1479.63   124.15     0.33
11  1836.55  1480.93   124.15     0.33
11  1796.78  1496.63   127.11     0.33
11  1796.46  1491.40   127.11     0.33
11  1787.66  1491.72   127.11     0.33
11  1768.43  1491.72   127.11     0.33
11  1759.30  1493.36   127.11     0.33
11  1759.63  1502.19   127.11     0.33
11  1783.09  1527.69   127.11     0.33
11  1785.05  1533.24   127.11     0.33
11  1816.01  1528.99   127.11     0.33
11  1827.75  1525.40   127.11     0.33
11  1846.00  1534.23   127.11     0.33
11  1884.78  1474.07   127.11     0.33
11  1870.77  1467.86   127.11     0.33
11  1860.01  1462.95   127.94     0.33
11  1849.91  1463.28   127.94     0.33
11  1846.98  1469.82   127.94     0.33
11  1836.87  1471.45   127.94     0.33
11  1846.65  1411.95   127.94     0.33
11  1835.90  1424.70   127.94     0.33
11  1813.08  1433.53   127.94     0.33
11  1812.75  1441.05   129.00     0.33
11  1818.62  1448.24   129.00     0.33
11  1813.08  1451.84   129.00     0.33
11  1867.51  1418.16   129.00     0.33
11  1858.38  1417.18   129.00     0.33
11  1855.45  1423.06   129.84     0.33
11  1860.34  1425.68   129.84     0.33
11  1844.37  1421.10   129.84     0.33
11  1873.70  1453.14   129.84     0.33
11  1774.62  1468.84   131.50     0.33
11  1783.42  1473.41   136.20     0.33
11  1782.12  1429.60   138.55     0.33
11  1809.49  1418.16   139.38     0.33
11  1804.93  1429.60   139.38     0.33
11  1850.56  1444.97   136.88     0.33
11  1844.70  1451.18   136.88     0.33
11  1845.02  1495.97   136.88     0.33
11  1849.91  1512.97   136.88     0.33
11  1863.27  1516.90   136.88     0.33
11  1841.44  1525.73   136.88     0.33
11  1834.92  1535.53   136.88     0.33
11  1869.14  1489.43   136.88     0.33
11  1875.33  1483.55   136.88     0.33
11  1882.50  1483.55   136.88     0.33
11  1807.21  1481.91   139.68     0.33
11  1834.59  1502.51   144.61     0.33
11  1816.01  1511.67   145.89     0.33
11  1808.52  1502.19   145.89     0.33
11  1794.83  1493.68   145.89     0.33
11  1783.42  1492.05   146.73     0.33
11  1775.27  1488.45   146.73     0.33
11  1775.60  1470.80   146.73     0.33
11  1776.25  1458.05   147.71     0.33
11  1813.41  1445.30   147.71     0.33
11  1826.44  1464.59   147.71     0.33
11  1834.59  1481.59   142.86     0.33
11  1831.33  1474.40   142.86     0.33
11  1862.95  1473.09   142.03     0.33
11  1867.51  1477.66   143.70     0.33
11  1856.43  1481.59   145.44     0.33
11  1860.01  1488.13   146.35     0.33
11  1874.35  1456.74   146.35     0.33
11  1858.38  1461.97   146.35     0.33
11  1866.53  1431.57   144.91     0.33
11  1857.08  1439.74   144.91     0.33
11  1858.06  1433.20   144.91     0.33
11  1857.41  1423.72   145.74     0.33
11  1846.98  1410.64   146.65     0.33
11  1823.84  1411.95   146.65     0.33
11  1825.47  1423.39   149.61     0.33
11  1836.87  1415.87   150.44     0.33
11  1844.04  1427.64   150.44     0.33
11  1835.57  1439.09   150.44     0.33
11  1832.64  1446.28   150.44     0.33
11  1813.41  1452.49   154.38     0.33
11  1801.02  1455.11   157.41     0.33
11  1800.04  1435.49   158.17     0.33
11  1799.07  1420.78   144.91     0.33
11  1791.57  1434.83   144.53     0.33
11  1783.75  1440.39   143.39     0.33
11  1868.81  1509.70   143.70     0.33
11  1840.46  1469.16   145.36     0.33
11  1846.65  1475.38   145.36     0.33
11  1842.09  1486.49   145.36     0.33
11  1846.32  1502.84   145.36     0.33
11  1823.84  1440.72   145.36     0.33
11  1785.38  1508.40   144.15     0.33
11  1804.61  1529.65   139.23     0.33
11  1789.29  1521.80   137.56     0.33
11  1784.72  1420.78   131.20     0.33
11  1821.23  1494.34   154.83     0.33
11  1826.12  1488.13   154.83     0.33
11  1824.81  1480.61   154.83     0.33
11  1838.50  1460.99   154.83     0.33
11  1842.41  1453.47   154.83     0.33
11  1848.28  1446.93   154.83     0.33
11  1846.65  1438.43   154.83     0.33
11  1852.19  1420.45   154.83     0.33
11  1858.38  1419.80   154.83     0.33
11  1851.87  1494.99   157.03     0.33
11  1838.83  1520.17   140.36     0.33
11  1827.75  1464.91   164.68     0.33
11  1845.67  1473.74   164.68     0.33
11  1835.90  1483.88   165.51     0.33
11  1831.98  1503.82   160.21     0.33
11  1840.46  1502.84   165.51     0.33
11  1815.36  1482.24   166.95     0.33
11  1799.72  1472.76   166.95     0.33
11  1806.56  1478.65   166.95     0.33
11  1794.83  1491.40   166.95     0.33
11  1787.33  1482.57   166.95     0.33
11  1810.47  1466.55   161.95     0.33
11  1818.95  1472.76   161.95     0.33
11  1836.55  1493.03   161.95     0.33
11  1862.30  1486.17   161.95     0.33
11  1863.93  1470.47   161.95     0.33
11  1871.42  1478.32   161.95     0.33
11  1871.42  1486.17   161.95     0.33
11  1865.55  1459.03   161.95     0.33
11  1860.99  1431.24   161.95     0.33
11  1823.84  1432.22   161.65     0.33
11  1820.90  1444.32   161.65     0.33
11  1813.41  1431.89   161.65     0.33
11  1811.78  1418.81   161.65     0.33
11  1799.72  1421.76   161.65     0.33
11  1791.57  1446.60   161.65     0.33
11  1789.29  1459.68   161.65     0.33
11  1789.94  1471.13   161.65     0.33
11  1782.77  1439.41   161.65     0.33
11  1789.29  1433.85   161.65     0.33
11  1789.94  1425.35   161.65     0.33
11  1833.61  1472.43   161.65     0.33
11  1824.49  1518.21   156.88     0.33
11  1833.29  1522.78   156.88     0.33
11  1825.14  1526.05   156.88     0.33
11  1804.61  1523.11   156.88     0.33
11  1796.13  1510.69   156.88     0.33
11  1851.54  1513.96   156.88     0.33
11  1814.06  1473.41   144.00     0.33
11  1804.28  1473.74   144.00     0.33
11  1786.35  1481.59   144.00     0.33
11  1795.81  1469.49   144.00     0.33
11  1790.59  1446.60   144.00     0.33
11  1787.98  1458.37   144.00     0.33
11  1834.27  1426.01   144.00     0.33
11  1888.37  1425.03   138.32     0.33
11  1903.69  1437.45   138.32     0.33
11  1902.38  1447.26   138.32     0.33
11  1891.63  1453.80   138.32     0.33
11  1900.43  1458.37   138.32     0.33
11  1864.90  1442.03   139.15     0.33
11  1861.64  1449.87   139.15     0.33
11  1882.50  1451.51   139.15     0.33
11  1897.50  1416.20   139.15     0.33
11  1875.66  1403.45   139.15     0.33
11  1875.33  1416.20   139.15     0.33
11  1859.04  1403.45   139.15     0.33
11  1859.36  1381.22   139.15     0.33
11  1810.80  1391.68   139.15     0.33
11  1827.10  1391.02   139.15     0.33
11  1825.14  1401.81   139.15     0.33
11  1851.87  1393.64   139.15     0.33
11  1890.98  1435.82   147.71     0.33
11  1891.63  1444.32   147.71     0.33
11  1876.64  1435.49   147.71     0.33
11  1865.55  1410.64   147.71     0.33
11  1839.81  1382.52   147.71     0.33
11  1836.22  1397.56   147.71     0.33
11  1810.15  1406.06   147.71     0.33
11  1793.85  1411.62   147.71     0.33
11  1799.07  1402.14   147.71     0.33
11  1904.99  1404.76   134.23     0.33
11  1891.63  1404.10   134.23     0.33
11  1869.47  1389.06   134.23     0.33
11  1880.55  1395.60   134.23     0.33
11  1824.16  1380.24   134.23     0.33
11  1788.64  1398.54   134.23     0.33
11  1802.32  1448.24   134.23     0.33
11  1800.69  1459.36   134.23     0.33
11  1837.52  1439.41   132.41     0.33
11  1818.30  1461.64   133.24     0.33
11  1812.43  1490.42   133.24     0.33
11  1819.27  1497.61   134.08     0.33
11  1880.87  1504.80   134.08     0.33
11  1801.67  1512.32   134.08     0.33
11  1764.84  1443.99   136.58     0.33
11  1775.92  1424.05   136.58     0.33
11  1788.31  1458.05   126.05     0.33
11  1796.46  1470.47   126.05     0.33
11  1858.06  1492.05   126.05     0.33
11  1864.58  1501.20   126.05     0.33
11  1788.64  1502.19   126.05     0.33
11  1808.52  1411.29   121.81     0.33
11  1800.37  1403.45   121.81     0.33
11  1857.41  1392.66   121.81     0.33
11  1902.38  1447.59   121.81     0.33
11  1900.43  1461.32   121.81     0.33
11  1910.21  1470.80   121.81     0.33
11  1810.15  1519.51   121.81     0.33
11  1846.32  1514.28   118.55     0.33
11  1900.76  1375.98   118.55     0.33
11  1878.59  1374.68   118.55     0.33
11  1899.78  1404.10   118.55     0.33
11  1787.33  1396.91   118.55     0.33
11  1782.12  1406.72   118.55     0.33
11  1773.32  1434.18   118.55     0.33
11  1803.95  1464.26   118.55     0.33
11  1929.44  1395.60   112.49     0.33
11  1887.07  1381.54   112.49     0.33
11  1858.38  1427.32   112.49     0.33
11  1792.87  1464.91   110.52     0.33
11  1919.33  1445.95   110.52     0.33
11  1869.79  1509.38   110.52     0.33
11  1855.13  1490.74   110.52     0.33
11  1816.67  1487.15   106.96     0.33
11  1823.84  1478.32   106.96     0.33
11  1814.38  1473.09   106.96     0.33
11  1789.94  1500.88   106.96     0.33
11  1788.64  1454.12   106.96     0.33
11  1897.50  1462.95   104.84     0.33
11  1899.45  1450.53   104.84     0.33
11  1907.60  1445.62   104.84     0.33
11  1806.56  1405.74   104.84     0.33
11  1807.87  1392.99   104.84     0.33
11  1889.67  1511.34   104.84     0.33
11  1895.21  1500.55   104.84     0.33
11  1910.21  1428.95   102.41     0.33
11  1897.82  1427.97   102.41     0.33
11  1922.92  1432.87   102.41     0.33
11  1802.32  1453.14   102.41     0.33
11  1891.63  1399.85   102.41     0.33
11  1894.56  1387.75   102.41     0.33
11  1770.38  1409.99   102.41     0.33
11  1762.23  1438.43   102.41     0.33
11  1787.98  1477.66   101.58     0.33
11  1799.72  1477.99    99.08     0.33
11  1802.65  1467.53    99.08     0.33
11  1816.34  1497.61    99.08     0.33
11  1865.55  1500.55    99.08     0.33
11  1900.43  1438.76    99.08     0.33
11  1876.96  1424.70    99.08     0.33
11  1806.24  1484.20    99.08     0.33
11  1742.03  1467.86    99.08     0.33
11  1909.23  1397.24    96.51     0.33
11  1904.99  1412.28    96.51     0.33
11  1895.87  1415.22    96.51     0.33
11  1887.39  1418.16    96.51     0.33
11  1858.38  1437.45    96.51     0.33
11  1857.08  1410.97    96.51     0.33
11  1820.58  1444.97    96.51     0.33
11  1826.12  1454.78    96.51     0.33
11  1834.59  1399.52    96.51     0.33
11  1870.77  1449.22    96.51     0.33
11  1813.08  1406.72    96.43     0.33
11  1815.04  1413.58    96.43     0.33
11  1833.61  1372.72    95.52     0.33
11  1801.67  1493.68    95.52     0.33
11  1827.10  1508.07    95.52     0.33
11  1829.70  1522.78    95.52     0.33
11  1863.27  1485.51    95.52     0.33
11  1806.89  1516.24    94.61     0.33
11  1850.56  1494.99    94.61     0.33
11  1763.54  1481.59    90.29     0.33
11  1749.52  1477.01    90.29     0.33
11  1753.43  1487.47    90.29     0.33
11  1850.89  1417.83    90.29     0.33
11  1859.04  1425.03    90.29     0.33
11  1877.94  1396.58    90.29     0.33
11  1880.87  1379.58    90.29     0.33
11  1824.49  1498.26    90.29     0.33
11  1824.81  1482.24    90.29     0.33
11  1814.06  1473.09    90.29     0.33
11  1791.89  1494.99    90.29     0.33
11  1783.75  1505.13    90.29     0.33
11  1774.62  1478.97    90.29     0.33
11  1787.01  1457.39    90.29     0.33
11  1792.22  1443.01    90.29     0.33
11  1790.92  1431.89    90.29     0.33
11  1838.83  1440.72    88.02     0.33
11  1840.78  1428.95    88.02     0.33
11  1839.81  1413.26    88.02     0.33
11  1863.27  1402.79    87.19     0.33
11  1889.35  1434.51    87.19     0.33
11  1898.47  1426.66    86.35     0.33
11  1898.47  1453.80    86.35     0.33
11  1897.50  1464.59    86.35     0.33
11  1907.60  1456.41    86.35     0.33
11  1908.25  1443.01    86.35     0.33
11  1911.19  1430.58    86.35     0.33
11  1899.78  1402.79    86.35     0.33
11  1890.65  1389.72    86.35     0.33
11  1773.97  1413.58    86.35     0.33
11  1770.71  1406.06    86.35     0.33
11  1779.51  1407.70    86.35     0.33
11  1795.15  1485.51    83.86     0.33
11  1806.89  1483.22    83.86     0.33
11  1805.26  1461.64    83.86     0.33
11  1778.53  1469.16    83.86     0.33
11  1772.01  1453.47    83.86     0.33
11  1875.33  1424.05    83.86     0.33
11  1791.57  1548.28    82.64     0.33
11  1781.14  1545.67    82.64     0.33
11  1857.73  1450.53    78.78     0.33
11  1860.99  1436.47    78.78     0.33
11  1802.00  1495.65    78.78     0.33
11  1760.93  1453.80    78.78     0.33
11  1831.66  1473.74    74.61     0.33
11  1795.15  1400.83    74.61     0.33
11  1822.86  1507.09    71.58     0.33
11  1845.67  1435.82    71.58     0.33
11  1845.67  1423.06    71.58     0.33
11  1820.25  1485.51    71.58     0.33
11  1779.84  1459.03    69.84     0.33
11  1894.24  1437.45    69.84     0.33
11  1826.44  1439.74    69.84     0.33
11  1820.58  1421.76    69.84     0.33
11  1807.87  1466.22    62.87     0.33
11  1803.95  1480.28    62.87     0.33
11  1790.59  1491.72    62.87     0.33
11  1863.60  1438.43    62.87     0.33
11  1854.15  1447.59    62.87     0.33
11  1881.53  1466.55    62.87     0.33
11  1816.99  1506.76    53.40     0.33
11  1805.58  1510.69    53.40     0.33
11  1779.51  1463.28    53.40     0.33
11  1783.42  1449.55    53.40     0.33
11  1805.91  1425.03    53.40     0.33
11  1815.69  1422.08    53.40     0.33
11  1848.61  1424.70    53.40     0.33
11  1839.15  1440.07    53.40     0.33
11  1863.27  1388.08    53.40     0.33
11  1866.21  1453.47    53.40     0.33
11  1842.41  1477.34    53.40     0.33
11  1819.27  1482.57    53.40     0.33
11  1798.09  1397.56    53.40     0.33
11  1817.64  1457.72    56.13     0.33
11  1819.92  1496.30    56.13     0.33
11  1843.39  1451.51    56.13     0.33
11  1851.54  1434.83    56.13     0.33
11  1889.35  1421.43    56.13     0.33
11  1832.31  1531.61    56.13     0.33
11  1856.43  1501.53    56.13     0.33
11  1890.00  1386.77    56.13     0.33
11  1858.71  1478.32    56.13     0.33
11  1802.98  1482.57    47.72     0.33
11  1791.24  1490.42    47.72     0.33
11  1796.13  1439.09    47.72     0.33
11  1799.07  1409.66    47.72     0.33
11  1853.82  1450.53    47.72     0.33
11  1833.61  1396.26    47.72     0.33
11  1804.28  1496.95    43.63     0.33
11  1825.47  1375.00    43.63     0.33
11  1909.56  1429.60    43.63     0.33
11  1871.42  1506.76    43.63     0.33
11  1818.95  1471.45    43.63     0.33
11  1835.24  1484.53    43.63     0.33
11  1799.07  1455.76    38.71     0.33
11  1825.79  1425.68    38.71     0.33
11  1832.64  1413.58    38.71     0.33
11  1872.07  1413.58    38.71     0.33
11  1863.27  1400.83    38.71     0.33
11  1888.04  1387.10    38.71     0.33
11  1849.91  1510.36    38.71     0.33
11  1804.93  1523.11    38.71     0.33
11  1767.78  1513.96    38.71     0.33
11  1766.47  1495.65    38.71     0.33
11  1758.32  1483.88    38.71     0.33
11  1831.66  1471.13    38.71     0.33
11  1813.41  1457.07    38.71     0.33
11  1853.17  1439.41    38.71     0.33
11  1862.30  1435.49    38.71     0.33
11  1875.66  1492.38    38.71     0.33
11  1841.44  1501.53    38.71     0.33
11  1859.36  1504.15    38.71     0.33
11  1823.51  1522.78    38.71     0.33
11  1873.70  1381.54    38.71     0.33
11  1885.44  1419.14    38.71     0.33
11  1898.47  1407.70    38.71     0.33
11  1878.92  1461.97    38.71     0.33
11  1858.06  1481.91    38.71     0.33
11  1841.76  1453.14    38.71     0.33
11  1772.34  1430.58    38.71     0.33
11  1814.38  1494.67    38.71     0.33
11  1812.75  1517.55    38.71     0.33
11  1802.32  1534.88    38.71     0.33
11  1851.87  1462.63    38.71     0.33
11  1914.12  1420.45    38.71     0.33
11  1805.26  1424.37    33.94     0.33
11  1821.55  1486.17    33.94     0.33
11  1806.24  1508.07    33.94     0.33
11  1831.01  1504.47    33.94     0.33
11  1800.04  1390.70    33.94     0.33
11  1788.31  1449.22    33.94     0.33
11  1776.90  1455.43    33.94     0.33
11  1898.80  1485.84    33.94     0.33
11  1871.42  1481.26    33.94     0.33
11  1834.59  1385.79    33.94     0.33
11  1836.87  1441.05    33.94     0.33
11  1850.24  1426.99    33.94     0.33
11  1819.92  1504.15    33.94     0.33
11  1810.15  1383.18    33.94     0.33
11  1788.96  1399.20    33.94     0.33
11  1797.11  1413.26    30.98     0.33
11  1799.72  1434.83    30.98     0.33
11  1791.24  1499.57    30.98     0.33
11  1800.37  1483.88    30.98     0.33
11  1891.30  1443.34    30.98     0.33
11  1907.93  1471.78    30.98     0.33
11  1854.15  1404.10    30.98     0.33
11  1796.46  1468.18    26.66     0.33
11  1813.73  1471.45    26.66     0.33
11  1784.72  1481.26    26.66     0.33
11  1776.58  1481.26    26.66     0.33
11  1793.52  1512.65    26.66     0.33
11  1787.98  1521.80    26.66     0.33
11  1780.16  1501.20    26.66     0.33
11  1834.27  1515.26    26.66     0.33
11  1833.29  1489.43    26.66     0.33
11  1853.82  1492.70    26.66     0.33
11  1843.72  1472.76    26.66     0.33
11  1857.73  1415.22    26.66     0.33
11  1860.34  1424.05    26.66     0.33
11  1907.27  1441.37    26.66     0.33
11  1906.62  1453.47    26.66     0.33
11  1888.37  1488.45    26.66     0.33
11  1921.29  1435.49    26.66     0.33
11  1769.41  1445.30    26.66     0.33
11  1770.38  1460.66    26.66     0.33
11  1765.82  1478.97    26.66     0.33
11  1897.17  1475.38    26.66     0.33
11  1870.77  1507.42    26.66     0.33
11  1884.78  1503.82    26.66     0.33
11  1851.87  1524.09    26.66     0.33
11  1862.95  1449.55    26.66     0.33
11  1812.10  1442.68    19.69     0.33
11  1814.06  1456.09    19.69     0.33
11  1802.65  1454.45    19.69     0.33
11  1829.05  1468.51    19.69     0.33
11  1847.30  1483.88    19.69     0.33
11  1847.63  1506.11    19.69     0.33
11  1868.16  1497.61    19.69     0.33
11  1859.36  1477.66    19.69     0.33
11  1882.50  1464.59    19.69     0.33
11  1871.42  1461.32    19.69     0.33
11  1844.04  1456.41    19.69     0.33
11  1887.72  1415.22    19.69     0.33
11  1888.70  1402.79    19.69     0.33
11  1904.34  1411.95    19.69     0.33
11  1914.44  1422.41    19.69     0.33
11  1886.41  1387.10    19.69     0.33
11  1872.07  1377.95    19.69     0.33
11  1865.23  1393.31    19.69     0.33
11  1832.31  1416.85    19.69     0.33
11  1831.66  1399.20    19.69     0.33
11  1808.84  1414.56    19.69     0.33
11  1820.25  1515.92    19.69     0.33
11  1824.49  1528.67    19.69     0.33
11  1803.63  1522.13    19.69     0.33
11  1813.08  1528.67    19.69     0.33
11  1807.21  1507.09    12.80     0.33
11  1791.24  1497.28    12.80     0.33
11  1817.32  1488.13    12.80     0.33
11  1828.07  1499.57    12.80     0.33
11  1812.75  1498.26    12.80     0.33
11  1802.32  1486.82    12.80     0.33
11  1787.66  1458.70    12.80     0.33
11  1783.09  1445.95    12.80     0.33
11  1874.68  1479.63    12.80     0.33
11  1876.31  1490.74    12.80     0.33
11  1892.61  1458.37    12.80     0.33
11  1775.60  1420.78    12.80     0.33
11  1770.71  1493.36    12.80     0.33
11  1789.94  1481.91     7.27     0.33
11  1803.30  1472.11     7.27     0.33
11  1905.32  1445.30     7.27     0.33
11  1834.59  1514.28     7.27     0.33
11  1857.73  1489.76     7.27     0.33
11  1833.29  1490.09     7.27     0.33
11  1842.09  1496.95     7.27     0.33
11  1831.33  1451.84     7.27     0.33
11  1827.42  1439.41     7.27     0.33
11  1853.82  1435.82     7.27     0.33
11  1854.15  1405.74     7.27     0.33
11  1775.27  1479.30     7.27     0.33
11  1788.64  1511.99     7.27     0.33
11  1781.79  1491.07     7.27     0.33
11  1779.84  1502.84     7.27     0.33
11  1771.69  1452.82     7.27     0.33
11  1772.34  1436.47     7.27     0.33
11  1765.82  1471.78     7.27     0.33
11  1874.03  1448.24     2.27     0.33
11  1885.76  1472.43     2.27     0.33
11  1849.91  1505.78     2.27     0.33
11  1864.90  1500.88     2.27     0.33
11  1829.70  1406.72     2.27     0.33
11  1752.46  1464.91    91.51     0.33
11  1743.66  1477.99   109.00     0.33
11  1897.82  1494.99   128.09     0.33
11  1889.02  1498.92   130.52     0.33
11  1883.81  1514.28   134.08     0.33
11  1801.02  1548.28    88.55     0.33
11  1795.15  1541.09    88.55     0.33
11  1920.96  1387.75   101.88     0.33
11  1925.20  1403.12    92.49     0.33
11  1909.56  1378.60    85.29     0.33
11  1784.40  1413.26   137.71     0.33
12  1841.76  1463.93     0.00     0.33
12  1813.41  1464.59    -4.77     0.33
12  1880.55  1436.47    10.68     0.33
12  1903.04  1426.01    24.16     0.33
12  1761.91  1465.57    27.95     0.33
12  1778.21  1465.57    19.32     0.33
12  1901.73  1393.31    27.42     0.33
12  1900.10  1385.79    37.95     0.33
12  1913.14  1380.89    42.19     0.33
12  1909.88  1374.68    45.45     0.33
12  1905.32  1368.47    50.60     0.33
12  1891.96  1364.87    55.07     0.33
12  1752.78  1489.43    47.50     0.33
12  1809.17  1449.87    57.65     0.33
12  1792.87  1453.47    55.90     0.33
12  1855.13  1352.77    69.77     0.33
12  1877.61  1367.48    78.55     0.33
12  1882.18  1368.47    91.88     0.33
12  1875.33  1373.70    91.88     0.33
12  1869.79  1381.54    93.25     0.33
12  1924.55  1414.24    46.51     0.33
12  1926.50  1404.43    52.27     0.33
12  1922.92  1425.68    53.78     0.33
12  1921.29  1449.55    38.33     0.33
12  1926.18  1431.89    69.46     0.33
12  1895.21  1369.45    66.58     0.33
12  1875.98  1492.38    65.52     0.33
12  1880.22  1516.90    79.01     0.33
12  1930.09  1438.10    89.31     0.33
12  1766.47  1425.68    63.86     0.33
12  1742.35  1497.61    86.58     0.33
12  1758.00  1513.30    86.05     0.33
12  1759.63  1524.42    97.41     0.33
12  1761.91  1520.17   112.94     0.33
12  1763.54  1509.38   109.84     0.33
12  1753.76  1519.19   111.28     0.33
12  1748.22  1517.88    99.76     0.33
12  1750.50  1523.11    99.76     0.33
12  1744.63  1494.67   100.29     0.33
12  1755.06  1475.05   110.82     0.33
12  1763.86  1478.97   119.38     0.33
12  1764.52  1470.14   122.34     0.33
12  1789.94  1431.89   123.17     0.33
12  1915.42  1395.93    52.04     0.33
12  1907.60  1398.22    43.86     0.33
12  1911.51  1407.04    51.13     0.33
12  1860.01  1526.71    65.30     0.33
12  1825.79  1536.51    82.34     0.33
12  1798.74  1557.11    84.99     0.33
12  1760.93  1530.30    68.25     0.33
12  1767.78  1535.86    69.16     0.33
12  1769.08  1536.51    92.26     0.33
12  1823.18  1542.40   100.60     0.33
12  1830.03  1539.78   102.34     0.33
12  1852.19  1528.01   103.32     0.33
12  1906.95  1485.84   104.46     0.33
12  1919.33  1465.57   104.46     0.33
12  1917.05  1459.03   104.46     0.33
12  1935.63  1403.12   104.46     0.33
12  1936.93  1388.08    96.35     0.33
12  1932.04  1383.18    96.35     0.33
12  1845.67  1365.52   104.61     0.33
12  1878.59  1362.91    96.43     0.33
12  1869.47  1362.58    97.57     0.33
12  1894.56  1379.25    94.23     0.33
12  1911.84  1364.21    89.92     0.33
12  1893.26  1362.91    89.39     0.33
12  1936.93  1410.64    96.96     0.33
12  1930.74  1411.62    97.79     0.33
12  1921.61  1426.99   117.87     0.33
12  1917.05  1410.97   108.10     0.33
12  1917.70  1434.83   119.23     0.33
12  1890.65  1392.33   119.23     0.33
12  1878.92  1385.14   119.23     0.33
12  1831.01  1511.67   116.50     0.33
12  1874.68  1427.32   121.88     0.33
12  1883.16  1432.87   121.88     0.33
12  1899.13  1474.07   121.88     0.33
12  1902.71  1480.93   121.88     0.33
12  1896.52  1504.47   121.88     0.33
12  1888.04  1490.74   127.71     0.33
12  1893.58  1439.41   128.55     0.33
12  1890.65  1469.49   134.30     0.33
12  1882.18  1465.89   135.14     0.33
12  1908.90  1424.70   135.97     0.33
12  1902.06  1425.68   136.80     0.33
12  1886.41  1412.60   136.35     0.33
12  1866.53  1425.68   142.56     0.33
12  1882.18  1441.37   136.43     0.33
12  1830.68  1515.26   141.73     0.33
12  1839.15  1515.26   143.62     0.33
12  1865.23  1496.95   145.52     0.33
12  1875.01  1475.70   146.12     0.33
12  1875.01  1465.57   149.99     0.33
12  1872.73  1495.65   148.77     0.33
12  1816.67  1485.84   151.73     0.33
12  1809.49  1494.99   157.64     0.33
12  1803.63  1504.80   157.64     0.33
12  1852.52  1484.86   158.24     0.33
12  1827.10  1455.11   148.39     0.33
12  1860.01  1452.82   154.68     0.33
12  1863.27  1439.74   154.68     0.33
12  1872.73  1450.53   154.68     0.33
12  1850.24  1457.07   154.68     0.33
12  1851.87  1466.22   154.23     0.33
12  1866.21  1395.60   135.14     0.33
12  1847.30  1384.16   128.24     0.33
12  1837.85  1387.43   128.24     0.33
12  1829.70  1462.30   125.21     0.33
12  1851.21  1455.11   120.06     0.33
12  1817.97  1528.01   145.89     0.33
12  1815.69  1520.17   145.89     0.33
12  1767.12  1505.45   131.12     0.33
12  1819.92  1536.19   120.82     0.33
12  1851.54  1539.78   121.35     0.33
12  1874.03  1525.40    98.63     0.33
12  1912.16  1446.28   127.34     0.33
12  1843.72  1400.51   143.62     0.33
12  1880.87  1426.66   139.99     0.33
