11   131.68   110.83     1.36     0.33
11   132.33   101.68     1.36     0.33
11   168.18   125.87     1.36     0.33
11   158.08   112.80     1.36     0.33
11   190.67    86.97     1.36     0.33
11   127.76   152.36     1.36     0.33
11   142.43   135.68     1.36     0.33
11   178.28   149.41     1.36     0.33
11   149.60   178.51     1.36     0.33
11   114.73   167.40     1.36     0.33
11   109.51   144.18     1.36     0.33
11    83.11   137.64     1.36     0.33
11    96.15   167.07     1.36     0.33
11    83.11    96.45     1.36     0.33
11   117.99    90.56     1.36     0.33
11   164.92   159.22     1.36     0.33
11   171.44   106.91    13.71     0.33
11   156.12   135.68    13.71     0.33
11   183.17   121.30    13.71     0.33
11   155.14   100.37    13.71     0.33
11   175.68    85.33    13.71     0.33
11    94.52    81.41    13.71     0.33
11   101.04    68.66    13.71     0.33
11   102.02   135.35    13.71     0.33
11   141.45   151.05    13.71     0.33
11   158.73   167.07    13.71     0.33
11   130.70   182.43    13.71     0.33
11   142.43   168.70    13.71     0.33
11   133.96    72.91    13.71     0.33
11    81.81   112.80    13.71     0.33
11    92.56   101.35    13.71     0.33
11    93.87   136.99    13.71     0.33
11    99.41   147.12    13.71     0.33
11   121.90   127.51     7.95     0.33
11   142.11    87.62     7.95     0.33
11   141.13    75.85     7.95     0.33
11   163.94    79.12     7.95     0.33
11   181.22    96.78     7.95     0.33
11   168.51    93.18     7.95     0.33
11   157.75    90.56     7.95     0.33
11   128.74    93.18     7.95     0.33
11   115.38    77.49     7.95     0.33
11   108.53    91.54     7.95     0.33
11   113.75   114.43     7.95     0.33
11    99.08   115.74     7.95     0.33
11    86.70   121.30     7.95     0.33
11   132.33   165.76     7.95     0.33
11   155.79   148.11     8.86     0.33
11   181.22   133.72     8.86     0.33
11   168.51   137.64     8.86     0.33
11   202.40    91.54    13.71     0.33
11   141.45   124.57    13.71     0.33
11   144.71   107.56    13.71     0.33
11   121.57   143.20    13.71     0.33
11   106.25   154.97    13.71     0.33
11    89.63   153.01    13.71     0.33
11    74.96    96.12    13.71     0.33
11    74.96   108.22    13.71     0.33
11   193.28   114.76    13.71     0.33
11   205.66   133.72    13.71     0.33
11   214.46   129.80    13.71     0.33
11   215.44   118.03    13.71     0.33
11   214.14   104.95    13.71     0.33
11   196.86   102.01    13.71     0.33
11   181.87   108.55    13.71     0.33
11   204.36   112.14    13.71     0.33
11   200.45   123.91    13.71     0.33
11   189.04   147.45    13.71     0.33
11   194.58   134.05    13.71     0.33
11   208.27   141.57    13.71     0.33
11   200.77   150.07    13.71     0.33
11   186.76   160.20    13.71     0.33
11   168.51   167.40    13.71     0.33
11   178.94   170.99    13.71     0.33
11   163.62   180.80    13.71     0.33
11   172.09   188.65    13.71     0.33
11   104.30   177.20    13.71     0.33
11   122.22   184.72    13.71     0.33
11    84.42   167.72    13.71     0.33
11    73.01   148.11    13.71     0.33
11    76.92   128.16    13.71     0.33
11    70.07   118.35    13.71     0.33
11    83.76    76.83    13.71     0.33
11    83.11    87.95    13.71     0.33
11    61.27   110.51    13.71     0.33
11    67.14    89.26    13.71     0.33
11    68.45   136.99    13.71     0.33
11    62.90   123.26    13.71     0.33
11   125.81    82.39    13.71     0.33
11   151.56    77.16    13.71     0.33
11   249.01   119.01    17.88     0.33
11   233.69   103.64    17.88     0.33
11   224.24   119.33    17.88     0.33
11   228.48   136.01    17.88     0.33
11   229.45   148.43    17.88     0.33
11   230.11   159.22    17.88     0.33
11   209.57   161.51    15.68     0.33
11   210.22   179.17    15.68     0.33
11   214.14   168.05    15.68     0.33
11   195.56   169.68    19.09     0.33
11   192.30   182.76    17.35     0.33
11   153.51   189.30    16.36     0.33
11   229.13   173.93    16.36     0.33
11   242.49   161.18    16.36     0.33
11   247.05   146.80    16.36     0.33
11   167.53   120.97    18.48     0.33
11   156.77   113.45    18.48     0.33
11   130.37   108.55    18.48     0.33
11   113.42   100.37    18.48     0.33
11   136.56   132.41    18.48     0.33
11   181.87   153.01    18.48     0.33
11   162.64   150.39    18.48     0.33
11   170.79   154.97    17.95     0.33
11   151.23   175.90    17.95     0.33
11   117.01   166.74    17.95     0.33
11   190.67    84.68    19.85     0.33
11   183.82    74.87    19.85     0.33
11   113.42   148.43    19.85     0.33
11   110.49   137.64    20.76     0.33
11   215.44   149.74    20.76     0.33
11   219.68   160.86    20.76     0.33
11   240.54   134.37    20.76     0.33
11   235.32   122.28    20.76     0.33
11   224.24   107.89    20.76     0.33
11   217.40    90.56    20.76     0.33
11   252.60   131.76    20.76     0.33
11   260.42   149.09    20.76     0.33
11   266.61   158.57    20.76     0.33
11   254.55   164.13    20.76     0.33
11   245.10   176.55    20.76     0.33
11   216.74   192.90    20.76     0.33
11   227.83   187.67    20.76     0.33
11   197.19   196.17    22.80     0.33
11   184.48   201.40    22.80     0.33
11   149.28   157.59    22.80     0.33
11   130.70   153.66    22.80     0.33
11   106.58   126.53    22.80     0.33
11   132.98   115.41    22.80     0.33
11   141.45   193.88    22.80     0.33
11   265.31   176.22    22.80     0.33
11   258.79   187.01    22.80     0.33
11   180.57    93.51    23.71     0.33
11   161.99    80.76    23.71     0.33
11   157.10    91.54    23.71     0.33
11   127.76    94.81    23.71     0.33
11   130.37    87.62    23.71     0.33
11   115.38   119.33    23.71     0.33
11   107.88   114.10    23.71     0.33
11   122.88   131.43    23.71     0.33
11   143.08    88.27    23.71     0.33
11   121.57   106.91    23.71     0.33
11   242.49   188.32    23.71     0.33
11   177.31   133.72    24.62     0.33
11   165.25   136.01    24.62     0.33
11   114.40    92.53    28.25     0.33
11   142.43    66.04    28.25     0.33
11   128.09    61.79    28.25     0.33
11   114.08    77.16    28.25     0.33
11   101.36    85.33    28.25     0.33
11    98.10    94.81    28.25     0.33
11    97.78   111.16    28.25     0.33
11    90.93   120.97    28.25     0.33
11    82.13   140.91    28.25     0.33
11   101.04   163.15    28.25     0.33
11   130.05   172.63    28.25     0.33
11   164.27    67.68    29.09     0.33
11   153.84    75.52    29.09     0.33
11   214.79   106.26    29.09     0.33
11   213.81   131.76    29.09     0.33
11   186.43   117.37    29.09     0.33
11   199.47    94.49    29.09     0.33
11   168.18   101.35    29.09     0.33
11   188.39   104.30    29.09     0.33
11   204.03   113.45    29.09     0.33
11   197.51   129.47    29.09     0.33
11   188.71   140.91    29.09     0.33
11   203.38   147.45    29.09     0.33
11   193.60   153.34    29.09     0.33
11   184.80   171.65    29.09     0.33
11   164.27   165.11    29.09     0.33
11   173.07   175.24    29.09     0.33
11   163.29   179.49    29.09     0.33
11   177.63   186.36    29.09     0.33
11   165.90   191.92    29.09     0.33
11   150.58   103.31    29.09     0.33
11   149.28   138.95    29.09     0.33
11   138.19   101.03    29.09     0.33
11   144.39   115.41    29.09     0.33
11   149.60   125.87    29.09     0.33
11   140.80   149.74    29.09     0.33
11   142.76   167.40    29.09     0.33
11   123.53   142.22    29.09     0.33
11   151.88    96.78    29.09     0.33
11   173.39   116.72    29.09     0.33
11   130.37    82.39    29.09     0.33
11   118.64    88.27    29.09     0.33
11   117.99    69.31    29.09     0.33
11   102.34    67.35    29.09     0.33
11    88.65    75.20    29.09     0.33
11    91.91    84.68    29.09     0.33
11    79.20    91.54    29.09     0.33
11    88.65   101.35    29.09     0.33
11    75.62   104.62    29.09     0.33
11    82.46   114.43    29.09     0.33
11    76.92   120.64    29.09     0.33
11    96.48   135.03    29.09     0.33
11    98.76   144.18    29.09     0.33
11    70.73    84.35    30.75     0.33
11    64.21    95.79    30.75     0.33
11    59.32   112.47    30.75     0.33
11    54.43   119.01    30.75     0.33
11    53.13   130.78    30.75     0.33
11    86.70   167.07    30.75     0.33
11   102.02   175.24    31.59     0.33
11   131.35   179.49    31.59     0.33
11   124.18   189.30    31.59     0.33
11   209.25   182.11    32.42     0.33
11   219.68   180.80    32.42     0.33
11   205.99   166.41    32.42     0.33
11   211.85   173.28    32.42     0.33
11   230.11   168.05    32.42     0.33
11   173.39    85.01    32.42     0.33
11    76.92   157.91    32.42     0.33
11    70.07   142.87    32.42     0.33
11    66.16   127.18    32.42     0.33
11    80.83    75.52    32.42     0.33
11   246.08   153.01    32.42     0.33
11   239.88   167.07    32.42     0.33
11   111.14   158.57    33.33     0.33
11   116.03   166.41    33.33     0.33
11   115.38   182.76    33.33     0.33
11   228.48   148.43    33.33     0.33
11   227.83   132.74    33.33     0.33
11   224.57   118.03    33.33     0.33
11   225.87    97.43    33.33     0.33
11   254.23   118.03    33.33     0.33
11   239.88   110.83    33.33     0.33
11   151.23    58.85    33.33     0.33
11   147.65   186.03    33.33     0.33
11   148.62   172.95    33.33     0.33
11   191.65   182.11    33.33     0.33
11    88.65   177.86    33.33     0.33
11    88.98   150.72    33.33     0.33
11    81.16   130.78    33.33     0.33
11   183.82   154.97    34.77     0.33
11   169.81   159.22    34.77     0.33
11   163.29   147.78    34.77     0.33
11   161.34   127.51    34.77     0.33
11   155.47   115.41    34.77     0.33
11   163.94   114.76    34.77     0.33
11   236.63   146.80    34.77     0.33
11   205.34   134.37    34.77     0.33
11   208.27   190.61    34.77     0.33
11   104.95   150.39    35.68     0.33
11   118.31   152.03    35.68     0.33
11   137.87   129.14    35.68     0.33
11   182.52    74.22    35.68     0.33
11   196.86    83.04    35.68     0.33
11   199.47   173.61    35.68     0.33
11   210.88   121.95    35.68     0.33
11   137.22   159.55    35.68     0.33
11   120.27    97.76    35.68     0.33
11   175.35   146.47    35.68     0.33
11   216.42   150.39    36.59     0.33
11   230.76   160.20    36.59     0.33
11   234.02   139.93    36.59     0.33
11   269.22   163.80    36.59     0.33
11   265.31   150.72    36.59     0.33
11   235.32   122.93    36.59     0.33
11   243.80   131.76    36.59     0.33
11   254.55   154.64    36.59     0.33
11   271.50   126.85    36.59     0.33
11   266.94   139.28    36.59     0.33
11   251.62   128.49    36.59     0.33
11   246.40   144.18    36.59     0.33
11   234.67   101.68    36.59     0.33
11   211.20    85.33    36.59     0.33
11   183.82    85.01    36.59     0.33
11   175.68    64.41    36.59     0.33
11   102.34    57.54    36.59     0.33
11   122.22    52.64    36.59     0.33
11   143.41    75.85    36.59     0.33
11    86.05    62.77    36.59     0.33
11   109.84   138.95    36.59     0.33
11   220.00   192.24    36.59     0.33
11   236.63   176.88    36.59     0.33
11   218.37   162.49    36.59     0.33
11   249.34   176.22    36.59     0.33
11   155.14   192.24    36.59     0.33
11    99.73   187.34    36.59     0.33
11   194.58   197.15    38.25     0.33
11   179.59   197.47    38.25     0.33
11   185.78   208.59    38.25     0.33
11   135.91   114.43    38.25     0.33
11   170.79    74.22    38.25     0.33
11   125.48   119.01    38.25     0.33
11   197.19    72.91    38.25     0.33
11   209.57    96.12    38.25     0.33
11   144.06   154.32    38.25     0.33
11   122.88   164.13    38.25     0.33
11   103.32   125.87    38.25     0.33
11   137.87   184.07    38.25     0.33
11   135.26   192.90    38.25     0.33
11   109.51   115.08    39.24     0.33
11   175.02   134.37    42.19     0.33
11    89.63   117.37    44.01     0.33
11   100.39    92.85    44.01     0.33
11   107.56    75.85    44.01     0.33
11    61.27   144.51    44.01     0.33
11    69.42   162.82    44.01     0.33
11   162.31    82.39    44.01     0.33
11   183.17    95.14    44.01     0.33
11    96.15   162.49    44.01     0.33
11   122.22   130.45    44.01     0.33
11   144.06    88.27    44.01     0.33
11   132.00    62.45    44.01     0.33
11   144.06    64.08    44.01     0.33
11   223.91   105.93    44.01     0.33
11   229.78   184.07    44.01     0.33
11   157.10   100.04    44.92     0.33
11   145.04   101.35    44.92     0.33
11   128.09    83.37    44.92     0.33
11    94.85    87.62    44.92     0.33
11    88.33   100.04    44.92     0.33
11    81.81   111.49    44.92     0.33
11    72.36   101.35    44.92     0.33
11    78.22    90.89    44.92     0.33
11    90.61    73.24    44.92     0.33
11   114.08    70.29    44.92     0.33
11   113.75    87.95    44.92     0.33
11   161.34    72.58    44.92     0.33
11   189.69   116.07    44.92     0.33
11   208.27   112.47    44.92     0.33
11   218.70   137.97    44.92     0.33
11   211.85   130.12    44.92     0.33
11    97.13   140.59    44.92     0.33
11   142.76   166.09    44.92     0.33
11   191.97   145.16    44.92     0.33
11   190.34   100.37    44.92     0.33
11   188.71   162.49    44.92     0.33
11   170.14   183.74    44.92     0.33
11   167.85   170.99    44.92     0.33
11   167.20   194.53    44.92     0.33
11   184.48   130.78    44.92     0.33
11   151.56   139.93    44.92     0.33
11   131.68   143.53    44.92     0.33
11   130.05   169.68    44.92     0.33
11   177.96   105.93    44.92     0.33
11   268.24   113.45    44.92     0.33
11   253.57   101.35    44.92     0.33
11   215.44   102.01    44.92     0.33
11   174.05   118.35    44.92     0.33
11   159.38   181.45    44.92     0.33
11   113.42   174.92    44.92     0.33
11    74.64   118.35    44.92     0.33
11   133.31    75.85    44.92     0.33
11   200.45    94.81    44.92     0.33
11   200.77   106.58    44.92     0.33
11   195.88   129.47    44.92     0.33
11   204.68   148.76    44.92     0.33
11   199.47   157.91    44.92     0.33
11   274.76   153.66    44.92     0.33
11   117.66   140.26    44.92     0.33
11   160.03    54.27    44.92     0.33
11    96.48   107.56    44.92     0.33
11   122.22   107.24    44.92     0.33
11   132.00   100.04    44.92     0.33
11   179.26   168.05    44.92     0.33
11   233.37    89.26    44.92     0.33
11   210.55    73.56    44.92     0.33
11    80.18   142.87    44.92     0.33
11    56.39    97.10    44.92     0.33
11   195.88   120.32    44.92     0.33
11   279.32   128.82    44.92     0.33
11   144.06   198.13    44.92     0.33
11   121.90    62.12    44.92     0.33
11    61.93   118.35    46.81     0.33
11    57.36   109.85    46.81     0.33
11    49.87   116.07    46.81     0.33
11    47.59   125.55    46.81     0.33
11   156.12   163.80    46.81     0.33
11    68.45   149.41    47.65     0.33
11    77.90   156.93    47.65     0.33
11    83.44   167.40    47.65     0.33
11   100.06   168.38    47.65     0.33
11    99.41   175.90    47.65     0.33
11   104.62   179.17    47.65     0.33
11   128.09   182.11    47.65     0.33
11   128.74   192.90    47.65     0.33
11   116.36   193.22    47.65     0.33
11   107.23   192.57    47.65     0.33
11   209.90   183.42    47.65     0.33
11   200.77   165.43    47.65     0.33
11   233.69   169.36    47.65     0.33
11   220.33   180.80    47.65     0.33
11   171.77    85.33    47.65     0.33
11    85.72    82.06    47.65     0.33
11    73.33    83.04    47.65     0.33
11   109.19   161.18    48.93     0.33
11   223.91   120.64    48.93     0.33
11   227.50   133.07    48.93     0.33
11   221.31   133.39    48.93     0.33
11   225.22   152.36    48.93     0.33
11   257.48   114.43    48.93     0.33
11   260.74   127.84    48.93     0.33
11   240.86   109.53    48.93     0.33
11   222.28    97.10    48.93     0.33
11   141.13   146.14    48.93     0.33
11   223.59    85.99    48.93     0.33
11   148.95    58.52    48.93     0.33
11   188.39    64.08    48.93     0.33
11    71.05    71.60    48.93     0.33
11    68.12   128.49    48.93     0.33
11    68.77   138.62    48.93     0.33
11    88.00   179.49    48.93     0.33
11   190.02   182.76    48.93     0.33
11   188.06   171.97    48.93     0.33
11   209.57   172.95    48.93     0.33
11   247.05   159.88    48.93     0.33
11   243.14   188.65    48.93     0.33
11    88.33   152.36    48.93     0.33
11   171.44    96.12    48.93     0.33
11   247.05   118.35    48.93     0.33
11   149.28   172.95    48.93     0.33
11   147.65   184.40    48.93     0.33
11   108.21   103.64    48.93     0.33
11   241.84    96.78    48.93     0.33
11   162.96   113.78    50.68     0.33
11   162.96   124.57    50.68     0.33
11   166.22   152.36    50.68     0.33
11   182.52   154.32    50.68     0.33
11   236.30   146.80    50.68     0.33
11   149.93   127.18    50.68     0.33
11   146.99   115.74    50.68     0.33
11   112.77   129.47    50.68     0.33
11   240.21   168.38    50.68     0.33
11   210.88   193.88    50.68     0.33
11   277.37   143.86    50.68     0.33
11   160.68   141.24    50.68     0.33
11    83.11   122.93    50.68     0.33
11   123.85    76.50    50.68     0.33
11   105.93   145.49    52.57     0.33
11   115.05   154.32    52.57     0.33
11   131.02   159.55    52.57     0.33
11   120.27    96.78    52.57     0.33
11   184.80    84.68    52.57     0.33
11   185.13    72.91    52.57     0.33
11   174.70    66.70    52.57     0.33
11   169.16    61.47    52.57     0.33
11   178.94    58.85    52.57     0.33
11   197.51    80.43    52.57     0.33
11   136.24    53.62    52.57     0.33
11   103.65    56.23    52.57     0.33
11    86.05    66.70    52.57     0.33
11   215.11   153.34    52.57     0.33
11   244.45   132.09    52.57     0.33
11   269.22   167.72    52.57     0.33
11   137.54   129.47    52.57     0.33
11   143.74   136.66    52.57     0.33
11   159.05   193.55    52.57     0.33
11   244.77   145.16    52.57     0.33
11   267.26   139.93    52.57     0.33
11   269.54   130.12    52.57     0.33
11   231.08   162.49    52.57     0.33
11   184.80   147.45    52.57     0.33
11   231.74   122.28    52.57     0.33
11    95.50   184.07    52.57     0.33
11   195.23   196.17    53.63     0.33
11   180.89   197.80    53.63     0.33
11   102.02   128.49    53.63     0.33
11   136.56   114.43    53.63     0.33
11   201.10    67.68    53.63     0.33
11   213.81    90.24    53.63     0.33
11   125.81    54.93    53.63     0.33
11    58.99    89.91    53.63     0.33
11   126.79   120.64    53.63     0.33
11   145.36   153.99    53.63     0.33
11   145.04    73.56    53.63     0.33
11   207.62    84.68    53.63     0.33
11   263.03   155.63    53.63     0.33
11   252.60   151.05    53.63     0.33
11   138.19   185.70    53.63     0.33
11   173.39    52.31    53.63     0.33
11   107.88    64.73    53.63     0.33
11   231.08   140.26    53.63     0.33
11   219.68   171.65    53.63     0.33
11   214.46   163.15    53.63     0.33
11   176.98   140.91    59.54     0.33
11   107.56   115.41    58.55     0.33
11   143.74    84.68    59.39     0.33
11   152.54    86.97    59.39     0.33
11   225.54   109.53    59.39     0.33
11   204.36   137.32    59.39     0.33
11    95.82   156.61    59.39     0.33
11   102.67    89.91    60.22     0.33
11    89.30    94.81    60.22     0.33
11    83.11   106.91    61.05     0.33
11    70.73   100.70    61.05     0.33
11    75.29   116.07    61.05     0.33
11    78.22   133.39    61.05     0.33
11    88.98   140.26    61.96     0.33
11   212.83   111.49    62.49     0.33
11   204.68   118.35    62.49     0.33
11   197.84   120.97    62.49     0.33
11   194.25   105.28    62.49     0.33
11   184.48   113.45    62.49     0.33
11   178.61   106.91    62.49     0.33
11   178.61   130.45    62.49     0.33
11   191.97   152.68    62.49     0.33
11   199.14   155.63    62.49     0.33
11   199.14   173.93    62.49     0.33
11   277.04   154.64    62.49     0.33
11   271.17   160.20    62.49     0.33
11   253.57   132.74    62.49     0.33
11   252.27   144.84    62.49     0.33
11   253.90    99.06    62.49     0.33
11   234.34    85.99    62.49     0.33
11   214.79    75.52    62.49     0.33
11   157.42    49.04    61.58     0.33
11   148.30    49.37    61.58     0.33
11   161.99    71.60    61.58     0.33
11   161.34    80.10    61.58     0.33
11   131.02    66.70    61.58     0.33
11   143.74    66.70    61.58     0.33
11   130.05    81.08    61.58     0.33
11   130.05    87.62    61.58     0.33
11   119.29    88.60    61.58     0.33
11   113.42    87.95    61.58     0.33
11   112.45    69.97    61.58     0.33
11   110.49    76.50    61.58     0.33
11    91.26    74.22    61.58     0.33
11    96.15    53.62    61.58     0.33
11    80.50    87.29    61.58     0.33
11   105.28   122.28    61.58     0.33
11    96.48   143.20    61.58     0.33
11   115.71   136.99    61.58     0.33
11   145.69   104.30    60.75     0.33
11   154.82   100.04    60.75     0.33
11   160.03    95.14    60.75     0.33
11   186.11    93.18    60.75     0.33
11   219.02   104.62    60.75     0.33
11   205.99    98.08    60.75     0.33
11   198.17    94.49    60.75     0.33
11   151.56   148.11    60.75     0.33
11   144.71   163.47    60.75     0.33
11   126.13   169.68    60.75     0.33
11   114.08   171.65    60.75     0.33
11    98.10   137.32    60.75     0.33
11    89.96   110.83    60.75     0.33
11    91.91   123.58    60.75     0.33
11    97.45   103.64    60.75     0.33
11   213.16   122.60    60.75     0.33
11   197.84   131.76    60.75     0.33
11   213.81   141.89    60.75     0.33
11   186.76   126.20    60.75     0.33
11   171.77   171.32    60.75     0.33
11   187.41   162.16    61.58     0.33
11   160.36   172.63    61.58     0.33
11   162.64   183.74    61.58     0.33
11   173.72   179.82    62.49     0.33
11   228.80   185.70    62.49     0.33
11   247.05   174.92    62.49     0.33
11   268.57   114.43    62.49     0.33
11   173.07   162.16    62.49     0.33
11   156.45   162.49    62.49     0.33
11   128.09   147.78    62.49     0.33
11   128.42   133.72    62.49     0.33
11   116.03   118.03    62.49     0.33
11   126.46   104.30    62.49     0.33
11   139.50    97.10    62.49     0.33
11   113.42    53.95    62.49     0.33
11    67.47   111.49    62.49     0.33
11    61.60   117.37    62.49     0.33
11    54.10   112.14    62.49     0.33
11    56.39   105.28    62.49     0.33
11    49.87   123.91    62.49     0.33
11    69.75   160.53    62.49     0.33
11    73.66   170.34    62.49     0.33
11   120.27   185.38    62.49     0.33
11   138.85   197.15    62.49     0.33
11   170.14   197.80    62.49     0.33
11   267.26   179.49    62.49     0.33
11   258.79   192.57    62.49     0.33
11   171.77   120.32    62.49     0.33
11    63.56   147.45    64.24     0.33
11    70.40   151.70    64.24     0.33
11    85.07   157.26    64.24     0.33
11    80.18   163.15    64.24     0.33
11    99.73   169.36    64.24     0.33
11   108.53   176.88    64.24     0.33
11   104.62   186.69    63.40     0.33
11    89.96   179.49    65.14     0.33
11   143.41   174.59    63.40     0.33
11   146.99   186.69    64.69     0.33
11   180.89   177.20    64.69     0.33
11   190.02   175.24    64.69     0.33
11   190.67   183.09    65.52     0.33
11   208.92   180.15    65.52     0.33
11   210.88   187.01    65.52     0.33
11   228.80   166.74    65.52     0.33
11   228.15   151.05    65.52     0.33
11   221.63   136.66    65.52     0.33
11   229.78   129.80    65.52     0.33
11   238.91   122.60    65.52     0.33
11   238.91   110.83    65.52     0.33
11   225.54   121.30    65.52     0.33
11   256.18   114.76    65.52     0.33
11   259.11   130.45    65.52     0.33
11   258.46   146.14    65.52     0.33
11   278.02   136.66    65.52     0.33
11   254.55   169.36    65.52     0.33
11   261.72   165.43    65.52     0.33
11   245.43   159.88    65.52     0.33
11   235.65   153.01    65.52     0.33
11   220.33    98.41    65.52     0.33
11   225.87    88.93    65.52     0.33
11   181.54    77.49    65.52     0.33
11   171.11    84.68    65.52     0.33
11   184.80   136.01    65.52     0.33
11   200.45   164.78    65.52     0.33
11   222.61   141.89    65.52     0.33
11   151.88    65.39    65.52     0.33
11   157.10    57.54    66.51     0.33
11    94.85    84.35    66.51     0.33
11    75.62    82.72    66.51     0.33
11   164.59   126.53    67.34     0.33
11   163.29   113.12    67.34     0.33
11   150.25   111.49    67.34     0.33
11   165.90   153.66    67.34     0.33
11   176.98   153.99    67.34     0.33
11   165.57   141.24    67.34     0.33
11   154.16   131.76    67.34     0.33
11   240.54   169.36    67.34     0.33
11   105.93   161.51    67.34     0.33
11    67.79   138.30    67.34     0.33
11    65.19   128.82    67.34     0.33
11    56.39   130.78    67.34     0.33
11    74.64    69.97    67.34     0.33
11   242.17    95.47    67.34     0.33
11   234.67   100.37    67.34     0.33
11   249.99   121.62    68.25     0.33
11   240.86   143.86    68.25     0.33
11   269.22   143.20    68.25     0.33
11   132.65   161.18    68.25     0.33
11   115.71   156.61    68.25     0.33
11   108.86   149.74    68.25     0.33
11   137.87   126.85    68.25     0.33
11   157.10   122.28    68.25     0.33
11   195.56    82.72    68.25     0.33
11   176.65    69.64    68.25     0.33
11   188.39    60.16    68.25     0.33
11   268.24   127.84    68.25     0.33
11   137.54    52.31    68.25     0.33
11    88.00    65.39    68.25     0.33
11   216.74   154.64    68.25     0.33
11   206.97   152.68    68.25     0.33
11   128.09   183.74    68.25     0.33
11   117.33   103.64    68.25     0.33
11   193.28   142.55    68.25     0.33
11   141.45   136.34    68.25     0.33
11   238.91   189.63    68.25     0.33
11   234.67   180.47    68.25     0.33
11   216.42   193.55    68.25     0.33
11   198.82   186.69    68.25     0.33
11   157.42   195.51    68.25     0.33
11   132.65   195.19    68.25     0.33
11   108.53   106.91    68.25     0.33
11   105.60   142.55    68.25     0.33
11   126.13    71.60    70.60     0.33
11   124.51    52.96    70.60     0.33
11   109.51    63.43    70.60     0.33
11   177.31    62.77    70.60     0.33
11   203.05    72.25    70.60     0.33
11   201.75    77.49    70.60     0.33
11   213.16    89.91    70.60     0.33
11   218.05    81.74    70.60     0.33
11   230.76   137.97    70.60     0.33
11   114.40   130.78    70.60     0.33
11   209.90   162.82    74.16     0.33
11   142.11    85.99    74.99     0.33
11   182.19   195.51    74.99     0.33
11   203.05   195.19    74.99     0.33
11   278.02   147.12    74.99     0.33
11   227.17   114.10    74.99     0.33
11   126.13   121.62    74.99     0.33
11   137.54   114.76    74.99     0.33
11   175.68    51.66    74.99     0.33
11   174.37    97.10    74.99     0.33
11   262.05   120.32    74.99     0.33
11   176.65   142.55    75.52     0.33
11    95.82   158.57    75.52     0.33
11   100.71    92.20    75.52     0.33
11    87.35    93.51    75.52     0.33
11    86.70   107.24    76.36     0.33
11    86.05   112.14    76.36     0.33
11    76.27   117.05    76.36     0.33
11    71.38   100.37    76.36     0.33
11    82.46   129.80    76.36     0.33
11    98.43   132.74    76.36     0.33
11   153.84   147.78    76.36     0.33
11   144.71   147.12    76.36     0.33
11   144.71   162.49    76.36     0.33
11   150.25   170.01    76.36     0.33
11   152.54   182.76    76.36     0.33
11   136.89   182.11    76.36     0.33
11   126.79   167.72    76.36     0.33
11   116.68   172.30    76.36     0.33
11   205.99    95.47    76.36     0.33
11   183.50    91.87    76.36     0.33
11   156.12   100.37    77.57     0.33
11   147.97   103.97    77.57     0.33
11   165.25   107.24    77.57     0.33
11   178.28   106.26    77.57     0.33
11   186.11   113.12    77.57     0.33
11   201.42   116.72    77.57     0.33
11   215.44   109.20    77.57     0.33
11   190.67   156.61    77.57     0.33
11   196.86   152.03    77.57     0.33
11   183.82   161.84    77.57     0.33
11   171.44   175.57    77.57     0.33
11   224.57   187.67    77.57     0.33
11   268.57   160.53    77.57     0.33
11   258.14   192.24    77.57     0.33
11   248.36   178.51    77.57     0.33
11   250.64   194.20    77.57     0.33
11   260.74   107.24    77.57     0.33
11   254.23    99.39    77.57     0.33
11   248.03   111.16    77.57     0.33
11   238.58    85.99    77.57     0.33
11   231.74    81.41    77.57     0.33
11   210.22    69.31    77.57     0.33
11   197.51    64.41    77.57     0.33
11   189.37    74.54    77.57     0.33
11   190.34    85.01    77.57     0.33
11   164.92    71.27    77.57     0.33
11   156.77    76.83    77.57     0.33
11   161.66    83.04    77.57     0.33
11   157.42    50.02    77.57     0.33
11   142.11    66.37    77.57     0.33
11   109.84    76.50    77.57     0.33
11   122.55    82.72    77.57     0.33
11   111.79    85.33    77.57     0.33
11   119.94    89.91    77.57     0.33
11   111.47    92.53    77.57     0.33
11   136.24    85.01    77.57     0.33
11   128.74    92.53    77.57     0.33
11   191.32   104.62    78.40     0.33
11   197.84    95.14    78.40     0.33
11   137.22    75.85    78.40     0.33
11   135.26    67.68    78.40     0.33
11   144.71    59.50    78.40     0.33
11    94.52    76.83    78.40     0.33
11    68.12    91.87    78.40     0.33
11    68.77   109.85    78.40     0.33
11    68.77   122.28    78.40     0.33
11    58.67   116.72    78.40     0.33
11    60.62   122.60    78.40     0.33
11    56.71   104.95    78.40     0.33
11    53.45   110.83    78.40     0.33
11    49.87   122.93    78.40     0.33
11    69.42   160.53    78.40     0.33
11    62.25   156.93    78.40     0.33
11    68.12   167.72    78.40     0.33
11    75.94   171.97    78.40     0.33
11    88.33   163.80    78.40     0.33
11    87.35   138.30    78.40     0.33
11   105.93   118.03    78.40     0.33
11    98.10   124.89    78.40     0.33
11   141.45   152.36    78.63     0.33
11   196.54   174.26    78.63     0.33
11   211.85   141.24    78.63     0.33
11   210.55   124.89    78.63     0.33
11   200.77   133.07    78.63     0.33
11   188.71   126.20    78.63     0.33
11   176.98   123.58    78.63     0.33
11   153.19   157.59    78.63     0.33
11   170.79   163.80    78.63     0.33
11   161.01   167.07    78.63     0.33
11   160.68   185.05    78.63     0.33
11   140.48   194.53    78.63     0.33
11   106.91   185.38    78.63     0.33
11   106.58   171.97    79.46     0.33
11   100.06   169.03    79.46     0.33
11    80.18   154.32    79.46     0.33
11    64.53   152.36    79.46     0.33
11    81.81   146.80    79.46     0.33
11   109.51    50.68    79.46     0.33
11   147.97    50.02    79.46     0.33
11    92.89    55.91    79.46     0.33
11   252.92   150.39    80.37     0.33
11   146.02   184.72    80.37     0.33
11   126.13   175.24    80.37     0.33
11   154.82   175.57    80.37     0.33
11    95.82   180.47    80.37     0.33
11    96.48   148.11    80.37     0.33
11   115.71   145.49    80.37     0.33
11   249.99   134.05    80.37     0.33
11   259.44   183.09    80.37     0.33
11   126.13   149.74    80.37     0.33
11   124.51   137.32    80.37     0.33
11   152.21    91.22    80.37     0.33
11   127.11   105.28    80.37     0.33
11   135.59    99.39    80.37     0.33
11    95.82   110.51    80.37     0.33
11   237.93   110.83    81.20     0.33
11   238.25   119.33    81.20     0.33
11   221.63    93.18    81.20     0.33
11   179.26    79.12    81.20     0.33
11   170.14    87.29    81.20     0.33
11   224.57   124.89    81.20     0.33
11   220.33   133.72    81.20     0.33
11   232.71   128.49    81.20     0.33
11   256.51   129.14    81.20     0.33
11   257.81   142.22    81.20     0.33
11   276.71   134.37    81.20     0.33
11   228.80   165.43    81.20     0.33
11   231.74   155.63    81.20     0.33
11   210.22   174.92    81.20     0.33
11   212.51   185.38    81.20     0.33
11   188.39   178.51    81.20     0.33
11   250.97   171.97    81.20     0.33
11   263.68   171.65    81.20     0.33
11   170.14   190.61    81.20     0.33
11   115.05   190.94    81.20     0.33
11   123.53   189.95    81.20     0.33
11    89.96   120.97    81.20     0.33
11    81.81    87.29    81.20     0.33
11   241.19   155.30    81.20     0.33
11   183.50   135.35    83.93     0.33
11   163.29   125.87    83.93     0.33
11   134.94   131.76    83.93     0.33
11   112.45   153.01    83.93     0.33
11   103.97   144.18    83.93     0.33
11   118.64   104.62    83.93     0.33
11   148.95   113.45    83.93     0.33
11    89.63    69.31    83.93     0.33
11    79.85    77.16    83.93     0.33
11    74.96    83.04    83.93     0.33
11    95.17    66.37    83.93     0.33
11   137.54    51.66    83.93     0.33
11   246.73    97.76    83.93     0.33
11   264.66   142.22    83.93     0.33
11   241.84   167.40    83.93     0.33
11   235.65   178.51    83.93     0.33
11   236.95   190.28    83.93     0.33
11   216.42   153.99    83.93     0.33
11   207.94   152.68    83.93     0.33
11   197.19   185.38    83.93     0.33
11   167.53   153.99    83.93     0.33
11   130.37   158.57    83.93     0.33
11   187.41   145.16    83.93     0.33
11   163.29   138.30    83.93     0.33
11   148.30   135.68    83.93     0.33
11   144.06   124.89    83.93     0.33
11   133.63   141.24    83.93     0.33
11   114.73   162.16    83.93     0.33
11   158.40   194.53    83.93     0.33
11   180.89   182.43    83.93     0.33
11   115.38   113.45    83.93     0.33
11    60.62   133.39    83.93     0.33
11    63.23   144.84    83.93     0.33
11   123.53    55.58    87.34     0.33
11   124.18    68.33    87.34     0.33
11   115.05    60.48    87.34     0.33
11   108.86    64.08    87.34     0.33
11   165.57    58.85    91.96     0.33
11   176.65    51.98    91.96     0.33
11   229.13   135.03    89.92     0.33
11   214.79    99.39    89.92     0.33
11   205.34    86.97    89.92     0.33
11   208.92    78.79    89.92     0.33
11   111.14   134.37    89.92     0.33
11   109.84   124.89    91.73     0.33
11    84.42    99.06    91.73     0.33
11    70.73   100.70    91.73     0.33
11    80.83   109.53    91.73     0.33
11    86.37   115.41    91.73     0.33
11    99.73    86.97    91.73     0.33
11   115.71    97.76    91.73     0.33
11   121.25    76.50    91.73     0.33
11   146.99    85.33    91.73     0.33
11   148.95    73.56    91.73     0.33
11   200.12    72.91    91.73     0.33
11   177.31    67.68    91.73     0.33
11   167.85    79.45    91.73     0.33
11   138.85   119.66    91.73     0.33
11   177.96    98.74    91.73     0.33
11   229.13   112.80    91.73     0.33
11   215.44   115.74    91.73     0.33
11   210.22   161.51    91.73     0.33
11   232.71   144.51    91.73     0.33
11   259.11   123.58    91.73     0.33
11   268.57   134.05    91.73     0.33
11   276.06   148.11    91.73     0.33
11   199.47   192.57    91.73     0.33
11   190.99   199.44    95.82     0.33
11   179.91   194.20    95.82     0.33
11   196.21   171.32    95.82     0.33
11   191.97   166.74    95.82     0.33
11   181.54   165.76    95.82     0.33
11   189.04   156.93    95.82     0.33
11   222.61   192.57    95.82     0.33
11   258.79   193.55    95.82     0.33
11   252.27   154.97    96.66     0.33
11   277.69   137.64    96.66     0.33
11   265.63   117.37    96.66     0.33
11   260.42   108.55    96.66     0.33
11   258.14    96.78    96.66     0.33
11   247.71   107.56    96.66     0.33
11   238.58   118.03    96.66     0.33
11   231.08    96.12    96.66     0.33
11   222.94    89.91    97.41     0.33
11   154.82   173.93    96.51     0.33
11   154.49   186.03    96.51     0.33
11   144.39   153.34    95.60     0.33
11   161.66    86.31    95.60     0.33
11   156.12    66.37    95.60     0.33
11   148.62    60.48    95.60     0.33
11   154.49    48.06    95.60     0.33
11   137.22    83.04    95.60     0.33
11   113.10    88.93    96.43     0.33
11    93.87   105.93    96.43     0.33
11   102.67   126.20    96.43     0.33
11   100.39   119.33    96.43     0.33
11   139.50   190.28    96.43     0.33
11   108.53   173.28    96.43     0.33
11   107.88   186.69    96.43     0.33
11   105.60   159.88    96.43     0.33
11    92.24   155.95    96.43     0.33
11    88.98   163.15    96.43     0.33
11    97.45   149.74    96.43     0.33
11   116.68   146.80    96.43     0.33
11    90.28   135.35    97.49     0.33
11    87.02   142.22    97.49     0.33
11    85.72   128.82    97.49     0.33
11    77.57   124.24    97.49     0.33
11    69.10   121.95    97.49     0.33
11    79.85   134.70    97.49     0.33
11   165.90   106.58    97.49     0.33
11   143.74   106.58    97.49     0.33
11    82.46    87.62    97.49     0.33
11    94.85    82.72    97.49     0.33
11    90.93    74.87    97.49     0.33
11    65.19    91.54    97.49     0.33
11    55.08   100.04    97.49     0.33
11    53.13   109.53    97.49     0.33
11    56.71   120.64    97.49     0.33
11    63.88   104.62    97.49     0.33
11    69.10    75.52    97.49     0.33
11    85.72    59.50    97.49     0.33
11   110.16    51.00    97.49     0.33
11   145.36    53.29    97.49     0.33
11   145.04    46.75    97.49     0.33
11   169.16    47.73    97.49     0.33
11   196.54    62.77    97.49     0.33
11   190.99    83.70    97.49     0.33
11   257.16   171.97    97.49     0.33
11   269.54   154.97    97.49     0.33
11   187.41   181.45    97.49     0.33
11   207.29   182.11    97.49     0.33
11   213.81   185.70    97.49     0.33
11   127.44   180.15    97.49     0.33
11   196.86    94.49    97.49     0.33
11   225.87   125.22    97.49     0.33
11   223.91   161.84    97.49     0.33
11   236.30   160.53    97.49     0.33
11   164.59   162.49    97.49     0.33
11   171.11   176.22    97.49     0.33
11   169.81   188.32    97.49     0.33
11   120.59   173.61    97.49     0.33
11   120.92   118.03    97.49     0.33
11   125.81    95.47    97.49     0.33
11   197.19   109.53    97.49     0.33
11   204.68   122.28    97.49     0.33
11   204.36   137.64    97.49     0.33
11   189.37   118.68    97.49     0.33
11   174.70   115.08    97.49     0.33
11   156.45    97.10    97.49     0.33
11   145.04    96.12    97.49     0.33
11   129.72   105.60    97.49     0.33
11   124.51   130.12    97.49     0.33
11   156.45   151.38    97.49     0.33
11   140.80   162.49    97.49     0.33
11   139.82   175.24    97.49     0.33
11   124.18   187.67    97.49     0.33
11   244.12   136.99    97.49     0.33
11   234.34    75.85    97.49     0.33
11   222.94    69.97    97.49     0.33
11   245.43    86.97    97.49     0.33
11   209.57    60.48    97.49     0.33
11   248.68   147.45    97.49     0.33
11   274.76   183.09    97.49     0.33
11   251.29   184.40    97.49     0.33
11   263.03   179.82    97.49     0.33
11   256.18   134.37    97.49     0.33
11   222.28   178.18    96.58     0.33
11   210.55   171.32    96.58     0.33
11   215.11   140.59    96.58     0.33
11   214.79   129.80    96.58     0.33
11   198.49   151.38    96.58     0.33
11    70.47   157.52    96.58     0.33
11    81.87   172.89    96.58     0.33
11    69.81   168.64    96.58     0.33
11    95.56   177.47    96.58     0.33
11   137.61    67.61    96.58     0.33
11   165.64   122.54   100.29     0.33
11   181.93   134.97   100.29     0.33
11   163.68   140.20   100.29     0.33
11   215.50   155.24   100.29     0.33
11   238.32   170.60   100.29     0.33
11   219.09   168.97   100.29     0.33
11   132.72   151.64   100.29     0.33
11   128.48   157.85   100.29     0.33
11   150.97   131.04   100.29     0.33
11   139.89   138.56   100.29     0.33
11   106.32   147.39   100.29     0.33
11   235.39   190.55   100.29     0.33
11   261.13   143.47   100.29     0.33
11   199.86   182.37   100.29     0.33
11   105.01    95.08   100.29     0.33
11    96.54    96.39   100.29     0.33
11   166.29    74.81   100.29     0.33
11   167.92    89.52   100.29     0.33
11   185.84    83.96   100.29     0.33
11   183.89    70.88   100.29     0.33
11   193.99    76.12   100.29     0.33
11   247.12   121.89   100.29     0.33
11   135.98    93.12   100.29     0.33
11   177.70    61.40   100.29     0.33
11   233.10   118.95   100.29     0.33
11   103.38    74.48   100.29     0.33
11    66.55   137.91   100.29     0.33
11    63.29   130.06   100.29     0.33
11   212.24   102.60   105.82     0.33
11   220.39    99.66   105.82     0.33
11   205.40    92.46   105.82     0.33
11   208.99    81.02   105.82     0.33
11   230.82   134.64   105.82     0.33
11   241.90   129.08   105.82     0.33
11   159.12   103.58   105.82     0.33
11   147.71   114.04   105.82     0.33
11   128.15    68.92   105.82     0.33
11   138.26    58.46   105.82     0.33
11   135.98    45.71   105.82     0.33
11   123.59    54.86   105.82     0.33
11   117.73    66.63   105.82     0.33
11   102.08    65.00   105.82     0.33
11    91.32    69.90   105.82     0.33
11    88.72    65.00   105.82     0.33
11    83.83    76.44   105.82     0.33
11   110.23   115.68   107.26     0.33
11   111.21   125.16   107.26     0.33
11   103.38   133.33   107.26     0.33
11    95.24   143.47   107.26     0.33
11    84.15   149.02   107.26     0.33
11   183.56   150.33   107.26     0.33
11   175.74    98.35   107.26     0.33
11   146.08    76.77   107.26     0.33
11   143.80    86.58   107.26     0.33
11   118.70    79.71   107.26     0.33
11   114.14    96.39   107.26     0.33
11    81.22    98.35   107.26     0.33
11    90.67   112.41   107.26     0.33
11   181.28   141.18   107.26     0.33
11   219.42   115.68   107.26     0.33
11   229.19   110.77   107.26     0.33
11   259.83   121.89   107.26     0.33
11   203.77    70.23   107.26     0.33
11    70.47    94.75   107.26     0.33
11    79.59   107.50   107.26     0.33
11    77.64   115.02   107.26     0.33
11    86.11   118.29   107.26     0.33
11   165.31    57.15   107.26     0.33
11   192.69    67.94   107.26     0.33
11   270.91   132.68   107.26     0.33
11   272.87   139.87   107.26     0.33
11   274.82   148.70   107.26     0.33
11   200.19   195.12   107.26     0.33
11   101.43   167.01   107.26     0.33
11   137.61   117.96   107.26     0.33
11   186.82   166.68   112.34     0.33
11   213.87   164.06   112.34     0.33
11   231.15   182.70   112.34     0.33
11   186.17   200.35   112.34     0.33
11   186.82   192.18   112.34     0.33
11   161.40   187.93   112.34     0.33
11   156.84   170.28   112.34     0.33
11   142.82   188.26   112.34     0.33
11   109.90   179.10   112.34     0.33
11   109.58   169.29   112.34     0.33
11   106.32   160.47   112.34     0.33
11    91.98   160.47   112.34     0.33
11    85.13   164.72   112.34     0.33
11   113.81   145.10   112.34     0.33
11   158.47    81.67   112.34     0.33
11   158.47    65.65   112.34     0.33
11   149.99    64.35   112.34     0.33
11   110.88    77.10   112.34     0.33
11   112.51    88.21   112.34     0.33
11   100.12   119.93   112.34     0.33
11   143.15   151.97   112.34     0.33
11   190.08   156.87   112.34     0.33
11   227.56   144.12   112.34     0.33
11   263.74   115.68   112.34     0.33
11   257.22   107.50   112.34     0.33
11   231.80   100.31   112.34     0.33
11   232.13    93.44   112.34     0.33
11   263.42   152.95   112.34     0.33
11   254.29   154.58   112.34     0.33
11   155.53    51.59   112.34     0.33
11   186.17    51.27   112.34     0.33
11   131.09    84.94   112.34     0.33
11    97.84    60.75   112.34     0.33
11   137.28    66.96   112.34     0.33
11    98.50    90.17   112.34     0.33
11    89.70    82.65   112.34     0.33
11   188.13    94.42   112.34     0.33
11   183.56   104.56   112.34     0.33
11   205.73   114.37   112.34     0.33
11   213.87   125.16   112.34     0.33
11   217.13   135.29   112.34     0.33
11   218.44   147.72   112.34     0.33
11   238.32   150.66   112.34     0.33
11   245.49   160.79   112.34     0.33
11   260.16   165.37   112.34     0.33
11   274.50   177.14   112.34     0.33
11   265.37   190.55   112.34     0.33
11   255.27   192.18   112.34     0.33
11   242.88   190.87   112.34     0.33
11   238.65   181.72   112.34     0.33
11   233.76   201.01   112.34     0.33
11   225.93   200.35   112.34     0.33
11   217.79   197.41   112.34     0.33
11   209.96   197.41   112.34     0.33
11   223.00   188.26   112.34     0.33
11   223.33   181.06   112.34     0.33
11   215.50   174.53   112.34     0.33
11   225.93   173.87   112.34     0.33
11   205.40   176.16   112.34     0.33
11   196.27   172.56   112.34     0.33
11   201.49   167.33   112.34     0.33
11   205.40   156.22   112.34     0.33
11   196.27   159.16   112.34     0.33
11   175.09   194.47   112.34     0.33
11   177.04   165.37   112.34     0.33
11   176.39   156.22   112.34     0.33
11   201.82   148.04   112.34     0.33
11   191.39   138.89   112.34     0.33
11   184.21   130.39   112.34     0.33
11   130.11   143.14   112.34     0.33
11   133.04   130.39   112.34     0.33
11   129.13   118.95   112.34     0.33
11   120.33   107.83   112.34     0.33
11   101.10   107.50   112.34     0.33
11   120.33   136.93   112.34     0.33
11   117.73   156.87   112.34     0.33
11   166.94   151.64   112.34     0.33
11   151.62   181.06   112.34     0.33
11   128.81   169.62   112.34     0.33
11   195.30   129.41   112.34     0.33
11   157.16   115.02   112.34     0.33
11   156.84   127.12   112.34     0.33
11   173.46   129.73   112.34     0.33
11   237.99   168.31   115.52     0.33
11   231.15   159.16   113.63     0.33
11   219.74   160.14   115.97     0.33
11   187.15   180.08   114.61     0.33
11   216.48   155.56   115.67     0.33
11   240.27   140.85   115.67     0.33
11   261.13   133.66   113.40     0.33
11   249.73   122.21   116.05     0.33
11   236.69   117.64   113.17     0.33
11   228.22   128.75   115.97     0.33
11   193.34    85.27   114.00     0.33
11   200.51    65.98   115.90     0.33
11   195.62    75.46   116.65     0.33
11   221.37    87.89   114.31     0.33
11   120.33    97.69   116.28     0.33
11   135.65    96.06   116.05     0.33
11   168.57    87.56   116.05     0.33
11   168.90    74.48   116.12     0.33
11   176.07    62.71   116.12     0.33
11    90.02   130.39   115.37     0.33
11    73.72   127.45   114.46     0.33
11    63.95   127.12   115.59     0.33
11    71.77   153.60   115.59     0.33
11    56.12   121.23   114.69     0.33
11    57.10   111.10   116.05     0.33
11    59.38   100.31   114.23     0.33
11    63.95    86.90   116.05     0.33
11    70.47    76.12   115.22     0.33
11    81.87    87.56   116.05     0.33
11    95.56    99.66   115.75     0.33
11   149.99   131.70   115.90     0.33
11   165.31   141.18   115.82     0.33
11   161.07   162.10   114.53     0.33
11   127.83   158.18   115.52     0.33
11   164.33   123.52   115.52     0.33
11   200.19   183.68   115.37     0.33
11   255.59   174.53   113.85     0.33
11   261.79   142.81   115.97     0.33
11   244.84    92.46   115.97     0.33
11   244.51    85.27   115.97     0.33
11   237.02    79.38   115.97     0.33
11   229.85    73.17   115.97     0.33
11   221.37    68.60   115.97     0.33
11   207.68    59.44   115.97     0.33
11   212.24    63.04   115.97     0.33
11   149.67   145.75   115.97     0.33
11   139.89   137.58   115.97     0.33
11   138.91   173.87   113.25     0.33
11   140.21   161.12   115.82     0.33
11   130.76   183.03   115.82     0.33
11   123.27   185.97   115.82     0.33
11   117.07   182.37   115.82     0.33
11   122.94   175.83   115.82     0.33
11    84.15   140.85   115.82     0.33
11   196.60    98.02   115.82     0.33
11   195.95   110.77   115.82     0.33
11   185.84   120.25   115.82     0.33
11   173.79   117.31   115.82     0.33
11   171.83   109.46   115.82     0.33
11   180.96    71.54   115.82     0.33
11   176.72    80.69   115.82     0.33
11   186.82    61.08   115.82     0.33
11   175.09    51.27   115.82     0.33
11   149.01    91.48   115.82     0.33
11   144.78   101.94   115.82     0.33
11   119.03   118.62   115.82     0.33
11   113.16    58.46   115.82     0.33
11    66.23   118.62   115.82     0.33
11    68.84   109.14   115.82     0.33
11    73.72    82.65   115.82     0.33
11   205.73   130.72   115.82     0.33
11   195.30   201.99   115.82     0.33
11   218.76    98.67   122.56     0.33
11   210.29   101.29   122.56     0.33
11   204.42    92.14   122.56     0.33
11   217.13   113.39   122.56     0.33
11   226.91   119.93   122.56     0.33
11   244.19   127.12   122.56     0.33
11   268.96   141.50   122.56     0.33
11   269.61   150.33   122.56     0.33
11   270.59   127.12   122.56     0.33
11   228.22   107.83   122.56     0.33
11   176.39   138.23   122.56     0.33
11   180.63   147.06   122.56     0.33
11   178.35   173.87   122.56     0.33
11   144.78   116.33   122.56     0.33
11   162.05   104.56   122.56     0.33
11   109.25   102.60   122.56     0.33
11   108.60   116.98   122.56     0.33
11   108.93   125.16   122.56     0.33
11    94.91   143.47   122.56     0.33
11    90.67   112.08   122.56     0.33
11    76.66   115.02   122.56     0.33
11    83.18    98.67   122.56     0.33
11    97.19    80.69   122.56     0.33
11    89.04    71.21   122.56     0.33
11    81.55    77.42   122.56     0.33
11   104.04    72.52   122.56     0.33
11   123.27    52.58   122.56     0.33
11   126.53    68.60   122.56     0.33
11   139.89    62.38   122.56     0.33
11   141.84    50.94   122.56     0.33
11   147.71    42.77   122.56     0.33
11   166.94    53.23   122.56     0.33
11   132.39    44.73   122.56     0.33
11    95.89   171.26   122.56     0.33
11    70.14    95.73   122.56     0.33
11   148.36    80.37   123.62     0.33
11   142.82    76.77   123.62     0.33
11   141.52    87.23   123.62     0.33
11   171.50   187.28   124.53     0.33
11   113.49   162.76   124.53     0.33
11   254.29   146.74   125.67     0.33
11   245.16   152.95   125.67     0.33
11   224.30   166.35   125.67     0.33
11   193.67   188.58   125.67     0.33
11    97.52   126.79   125.67     0.33
11    85.46   120.25   125.67     0.33
11   117.07    82.00   125.67     0.33
11   121.31    90.17   125.67     0.33
11   111.86    67.94   125.67     0.33
11   175.09    91.15   125.67     0.33
11   102.73   140.20   125.67     0.33
11   102.41   151.97   125.67     0.33
11   227.24   134.31   125.67     0.33
11   238.97   111.43   125.67     0.33
11   240.27   101.94   126.73     0.33
11   161.40   175.83   127.71     0.33
11   154.56   169.95   127.71     0.33
11   189.43   167.99   127.71     0.33
11   189.10   158.18   127.71     0.33
11   177.37   160.79   127.71     0.33
11   164.33   189.24   127.71     0.33
11   127.83   117.96   128.77     0.33
11   123.92   124.50   128.77     0.33
11   127.83   144.45   128.77     0.33
11   140.87   151.64   129.76     0.33
11   184.54   130.72   129.76     0.33
11   194.97   130.39   129.76     0.33
11   197.90   136.60   129.76     0.33
11   212.90   131.70   129.76     0.33
11   218.11   126.79   129.76     0.33
11   234.41   131.37   129.76     0.33
11   256.57   106.52   128.93     0.33
11   261.13   117.96   128.93     0.33
11   258.85   132.02   128.93     0.33
11   261.79   151.64   128.93     0.33
11   228.54   143.79   127.94     0.33
11   230.50   155.56   129.08     0.33
11   233.43   182.70   127.94     0.33
11   201.16   158.83   127.94     0.33
11   206.70   177.47   127.94     0.33
11   195.30   175.83   127.94     0.33
11   154.23    85.60   127.94     0.33
11   159.77    79.38   127.94     0.33
11   160.42    67.61   127.94     0.33
11   150.97    69.25   127.94     0.33
11   110.88    92.79   127.94     0.33
11   113.16    75.79   127.94     0.33
11    98.17    92.14   127.94     0.33
11   114.47   144.77   127.94     0.33
11    87.41   147.39   127.94     0.33
11    86.11   159.16   127.94     0.33
11   104.69   166.68   127.94     0.33
11   104.04   178.78   127.94     0.33
11   142.17   185.31   129.00     0.33
11   164.01   151.97   129.00     0.33
11   171.83   161.45   129.00     0.33
11   231.80    95.73   129.00     0.33
11   203.44    83.31   129.00     0.33
11   199.86   171.91   128.09     0.33
11   214.85   168.31   128.93     0.33
11   237.34   160.14   128.93     0.33
11   215.50   181.06   128.02     0.33
11   219.74   173.54   128.02     0.33
11   211.27   120.58   128.02     0.33
11   204.75   112.08   128.02     0.33
11   195.62   120.25   127.03     0.33
11   181.28   113.06   127.03     0.33
11   172.81   102.92   127.03     0.33
11   218.44    82.65   127.03     0.33
11   210.94    71.54   127.03     0.33
11   225.28    81.35   127.03     0.33
11   137.28   122.21   124.68     0.33
11   135.33   108.48   124.68     0.33
11   153.90   139.87   122.87     0.33
11   151.62   158.51   122.87     0.33
11   171.83   177.14   123.78     0.33
11   180.96   184.99   123.78     0.33
11   209.31   189.24   123.78     0.33
11   200.19   195.12   123.78     0.33
11   249.07   175.83   124.68     0.33
11   248.42   182.37   124.68     0.33
11   130.11    86.58   128.17     0.33
11   185.52    88.87   128.17     0.33
11   250.38   115.35   128.17     0.33
11   200.84   152.95   128.17     0.33
11   201.49   145.10   128.17     0.33
11   114.14   155.24   128.17     0.33
11   157.81   190.87   128.17     0.33
11   187.15   196.43   128.17     0.33
11   137.93   131.70   128.17     0.33
11   120.01   133.33   128.17     0.33
11    98.50    65.65   128.17     0.33
11   185.19   107.83   128.17     0.33
11   188.45    97.04   128.17     0.33
11   178.02    98.02   128.17     0.33
11   161.07   114.69   128.17     0.33
11   154.88   121.89   128.17     0.33
11   189.43   142.49   128.17     0.33
11   193.34   150.00   128.17     0.33
11   219.09   149.02   128.17     0.33
11   215.50   142.49   128.17     0.33
11   209.96   138.89   128.17     0.33
11   208.66   151.31   128.17     0.33
11   207.03   162.76   128.17     0.33
11   249.40   162.76   128.17     0.33
11   260.16   163.74   128.17     0.33
11   229.85   174.53   128.17     0.33
11   224.30   185.31   128.17     0.33
11   214.20   192.83   128.17     0.33
11   230.17   192.83   128.17     0.33
11   239.95   180.08   128.17     0.33
11   189.76    71.54   128.17     0.33
11   185.84    79.71   128.17     0.33
11   151.30    56.83   128.17     0.33
11   158.14    49.63   128.17     0.33
11   170.53    48.98   128.17     0.33
11   159.12    61.40   128.17     0.33
11   135.65    71.87   128.17     0.33
11   127.18    76.44   128.17     0.33
11   126.20    59.44   128.17     0.33
11   103.38    59.44   128.17     0.33
11   111.86    49.96   128.17     0.33
11    79.92   104.89   128.17     0.33
11    79.27   135.95   128.17     0.33
11    70.79   144.77   128.17     0.33
11    66.23   136.60   128.17     0.33
11    95.56   159.81   128.17     0.33
11   112.18   176.49   128.17     0.33
11   127.83   168.64   128.17     0.33
11   139.89   167.33   131.12     0.33
11   125.87   159.81   131.12     0.33
11   141.52   160.14   131.12     0.33
11   149.67   133.98   131.12     0.33
11   152.27   149.68   131.12     0.33
11   158.79   162.10   131.12     0.33
11   213.87   154.91   131.12     0.33
11   217.46   159.81   131.12     0.33
11   237.67   167.99   131.12     0.33
11   238.97   139.87   131.12     0.33
11   242.88   120.91   131.12     0.33
11   245.16    93.44   131.12     0.33
11   232.78    89.85   131.12     0.33
11   197.25    65.98   131.12     0.33
11   186.50    62.06   131.12     0.33
11   166.29    84.62   131.12     0.33
11   167.92    88.87   131.12     0.33
11   196.27    83.31   131.12     0.33
11   138.26    97.04   131.12     0.33
11   154.88    75.79   131.12     0.33
11   124.24   105.87   131.12     0.33
11   111.86   110.12   131.12     0.33
11    94.26   119.93   131.12     0.33
11    90.67   127.77   131.12     0.33
11    85.78   132.02   131.12     0.33
11   109.90   141.18   131.12     0.33
11   122.29   148.70   131.12     0.33
11   128.81   154.25   131.12     0.33
11   167.27   121.89   131.12     0.33
11   149.67   126.46   131.12     0.33
11   142.17   143.14   131.12     0.33
11   187.47   179.10   131.12     0.33
11   226.91   126.79   131.12     0.33
11    90.35   104.89   131.12     0.33
11    87.74    81.02   131.12     0.33
11    74.70    89.52   131.12     0.33
11    84.81    89.52   131.12     0.33
11   178.67    72.52   131.12     0.33
11   177.70    82.00   131.12     0.33
11   197.90    99.66   131.12     0.33
11   194.64   109.79   131.12     0.33
11   184.21   122.54   131.12     0.33
11   170.53   114.04   131.12     0.33
11   153.25   100.64   131.12     0.33
11   150.32    93.44   131.12     0.33
11   148.04   105.54   131.12     0.33
11   165.96   131.70   131.12     0.33
11   163.36   139.54   131.12     0.33
11   173.46   147.39   131.12     0.33
11   145.76   176.81   131.12     0.33
11   151.62   183.03   131.12     0.33
11   134.35   177.47   131.12     0.33
11   123.59   178.12   131.12     0.33
11   103.38   112.73   134.15     0.33
11   174.76    64.67   134.15     0.33
11   206.38   105.87   135.06     0.33
11   229.52   119.60   137.87     0.33
11   226.59   108.48   137.87     0.33
11   218.76   114.69   137.87     0.33
11   211.92    99.00   137.87     0.33
11   205.40    89.85   137.87     0.33
11   201.16    73.50   137.87     0.33
11   247.77   129.73   137.87     0.33
11   243.21   129.73   137.87     0.33
11   243.21   135.95   137.87     0.33
11   266.35   137.25   137.87     0.33
11   268.30   126.79   137.87     0.33
11   267.98   148.04   137.87     0.33
11   176.72   134.97   137.87     0.33
11   181.28   142.81   137.87     0.33
11   182.26   149.35   137.87     0.33
11   179.00   169.95   137.87     0.33
11    95.89   144.12   137.87     0.33
11   108.93   126.79   137.87     0.33
11   106.32   121.23   137.87     0.33
11   117.07    96.06   137.87     0.33
11   126.53    97.69   137.87     0.33
11   143.80    63.69   137.87     0.33
11   140.87    50.94   137.87     0.33
11    90.02   110.77   137.87     0.33
11    76.66   112.41   137.87     0.33
11   143.15   114.37   137.87     0.33
11   164.66   106.85   137.87     0.33
11   161.40   100.96   137.87     0.33
11   161.40    92.14   137.87     0.33
11   126.85    65.65   137.87     0.33
11   137.93    58.79   137.87     0.33
11   192.36    91.15   137.87     0.33
11    92.95   153.60   137.87     0.33
11   215.83   106.85   137.87     0.33
11   224.30    96.71   137.87     0.33
11    96.21    82.98   137.87     0.33
11   106.32    79.38   137.87     0.33
11    99.47    74.48   137.87     0.33
11   105.34   102.27   137.87     0.33
11   179.33   185.64   139.91     0.33
11   141.19    84.94   139.91     0.33
11   172.81   192.51   139.91     0.33
11   113.49   162.43   139.91     0.33
11   118.05   169.29   139.91     0.33
11   223.00   136.27   142.03     0.33
11   227.56   134.64   142.03     0.33
11   222.35   167.33   142.03     0.33
11   231.80   168.31   142.03     0.33
11   194.97   188.91   142.03     0.33
11   167.59   180.08   142.03     0.33
11   100.78   136.27   142.03     0.33
11   101.10   150.33   142.03     0.33
11    84.81   117.31   142.03     0.33
11   145.43    76.77   142.03     0.33
11   118.05    85.27   142.03     0.33
11   105.99    68.60   142.03     0.33
11   115.77    63.36   142.03     0.33
11   177.70    55.52   142.03     0.33
11   237.34   111.75   142.03     0.33
11   255.59   146.74   142.03     0.33
11   246.14   148.70   142.03     0.33
11   245.82   171.91   142.03     0.33
11   206.70   187.60   142.03     0.33
11   199.21   199.37   142.03     0.33
11   185.84   168.31   143.09     0.33
11   186.17   162.43   143.09     0.33
11   186.50   157.85   143.09     0.33
11   193.67   158.83   143.09     0.33
11   206.38   167.66   143.09     0.33
11   237.02   149.68   143.93     0.33
11   229.19   147.72   143.93     0.33
11   220.39   149.02   143.93     0.33
11   248.10   115.35   143.93     0.33
11   237.02   122.54   143.93     0.33
11   212.57   117.64   143.93     0.33
11   203.12   135.62   143.93     0.33
11   190.73   138.23   143.93     0.33
11   170.85   140.85   143.93     0.33
11   153.25   167.66   143.93     0.33
11   161.40   188.58   143.93     0.33
11   157.81   177.47   143.93     0.33
11   138.58   133.33   143.93     0.33
11   123.59   130.39   143.93     0.33
11   123.27   121.23   143.93     0.33
11   108.93   157.20   143.93     0.33
11   100.12   166.35   143.93     0.33
11    90.02   147.72   143.93     0.33
11   123.27   153.60   143.93     0.33
11    95.24    92.46   143.93     0.33
11   148.69    65.98   143.93     0.33
11   160.75    86.25   143.93     0.33
11   165.64    79.38   143.93     0.33
11   159.77    70.88   143.93     0.33
11   185.19    88.87   144.83     0.33
11   216.81    81.67   145.67     0.33
11   196.93   130.39   145.67     0.33
11   212.57   131.70   145.67     0.33
11   234.08   133.66   145.67     0.33
11   234.08   160.47   145.67     0.33
11   205.40   159.81   145.67     0.33
11   199.21   151.97   145.67     0.33
11   194.97   170.60   145.67     0.33
11   160.10   152.29   145.67     0.33
11   227.89   174.20   145.67     0.33
11   235.06   183.35   145.67     0.33
11   176.72   160.47   145.67     0.33
11   180.96   175.83   145.67     0.33
11   140.21   150.00   146.73     0.33
11   139.24   165.04   146.73     0.33
11   109.90   144.12   146.73     0.33
11   151.95   142.81   146.73     0.33
11   121.96   107.50   146.73     0.33
11   110.23   108.81   146.73     0.33
11    99.47   125.16   146.73     0.33
11    91.32   125.81   146.73     0.33
11    86.44   133.33   146.73     0.33
11   136.30    95.08   146.73     0.33
11   151.95   105.21   146.73     0.33
11   167.92    86.90   146.73     0.33
11   156.84    79.06   146.73     0.33
11   204.75    84.62   146.73     0.33
11   195.95    85.92   146.73     0.33
11   233.76    93.12   146.73     0.33
11   221.70   125.16   146.73     0.33
11   243.53   122.54   146.73     0.33
11   216.81   158.51   146.73     0.33
11   257.55   122.87   146.73     0.33
11   161.07   165.04   146.73     0.33
11   170.53   169.62   146.73     0.33
11   155.21   184.33   146.73     0.33
11   147.38   188.58   146.73     0.33
11   130.44   155.56   146.73     0.33
11   125.55   164.39   146.73     0.33
11   201.16   123.20   146.73     0.33
11   198.88   114.69   146.73     0.33
11   195.95   104.56   146.73     0.33
11   186.17   107.18   146.73     0.33
11   188.13   120.91   147.56     0.33
11   179.98   125.48   147.56     0.33
11   167.92   120.58   148.39     0.33
11   140.54   129.41   148.47     0.33
11   151.62   121.89   148.47     0.33
11   162.70   131.04   148.47     0.33
11   159.44   137.91   149.30     0.33
11   132.07   116.33   149.30     0.33
11   133.37   106.85   149.30     0.33
11   119.68   115.35   149.30     0.33
11   149.34    95.41   149.30     0.33
11   173.46    99.00   149.30     0.33
11   177.37   116.00   149.30     0.33
11   184.21    99.66   149.30     0.33
11   173.79   133.33   156.58     0.33
11   179.00   137.58   156.58     0.33
11   179.33   147.39   156.58     0.33
11   186.82   148.04   156.58     0.33
11   211.59    92.79   156.58     0.33
11   223.98   104.56   156.58     0.33
11   210.29   103.58   156.58     0.33
11   136.96    85.60   156.58     0.33
11   113.16    91.81   156.58     0.33
11   105.67   119.27   156.58     0.33
11   111.21   124.83   156.58     0.33
11   144.45   162.76   156.58     0.33
11   153.25   153.93   156.58     0.33
11   132.72   166.68   156.58     0.33
11   117.07   164.72   156.58     0.33
12   101.04   125.55    -1.67     0.33
12   111.14   122.93     4.09     0.33
12   105.93   103.64    -1.29     0.33
12    85.07   133.07    49.62     0.33
12    66.49    90.89    60.60     0.33
12   182.52   181.45    48.78     0.33
12   255.53   183.09    52.57     0.33
12   263.35   179.49    47.19     0.33
12   256.18   167.40    47.72     0.33
12   256.18   139.28    45.98     0.33
12   281.28   161.84    79.23     0.33
12   272.15   167.72   108.32     0.33
12   268.89   164.45   110.44     0.33
12   277.04   124.57    96.58     0.33
12   255.86   154.64   129.31     0.33
12   127.11   176.22   148.47     0.33
12   109.84   176.22   148.47     0.33
12    53.78   134.70    49.01     0.33
12    56.39   127.51    46.51     0.33
