11   183.36   148.19     4.62     0.33
11   171.13   145.23     4.24     0.33
11   183.79   137.69     2.73     0.33
11   194.89   125.33     8.71     0.33
11   219.62   130.25     2.12     0.33
11   215.67   141.92    15.30     0.33
11   207.29   150.21    18.86     0.33
11   247.75   112.73    19.69     0.33
11   240.54   124.57    22.73     0.33
11   235.66   118.61    20.07     0.33
11   239.36   102.04    17.65     0.33
11   209.90   106.53    16.66     0.33
11   179.86   162.46    17.20     0.33
11   221.65    87.91    18.41     0.33
11   240.29    88.57    17.57     0.33
11   192.56    87.14    21.21     0.33
11   115.16    80.07    20.15     0.33
11   104.37    79.65    21.97     0.33
11    93.85    72.02    20.91     0.33
11    91.11   106.87    19.77     0.33
11    83.03   102.05    22.42     0.33
11    85.27   113.72    25.91     0.33
11   237.67   139.74    17.57     0.33
11   230.77   145.01    21.82     0.33
11   230.10    63.85    15.23     0.33
11   191.87    62.91    18.86     0.33
11   207.46    73.88    19.01     0.33
11   107.52    60.13    15.68     0.33
11   118.43    62.83    19.54     0.33
11   148.65    35.38    15.68     0.33
11   136.48    46.17    19.32     0.33
11   119.10    38.24    19.32     0.33
11   121.84    34.50    19.32     0.33
11   187.89    49.37    19.32     0.33
11   213.88    47.03    20.38     0.33
11   146.09   136.03     0.23     0.33
11   147.97   147.06     0.23     0.33
11   104.91   110.03    17.73     0.33
11   106.24   123.06    17.73     0.33
11   115.58   114.38    17.73     0.33
11    90.83    84.25     8.26     0.33
11   191.81   111.70    16.21     0.33
11   189.53    99.37    18.86     0.33
11   147.96   115.63    17.57     0.33
11   155.36   138.49    17.57     0.33
11   155.22   154.54    17.57     0.33
11   198.64   154.88    17.42     0.33
11   177.42   104.92    19.32     0.33
11   134.96    73.10    22.73     0.33
11    83.41    61.07    28.25     0.33
11   210.09   105.50     0.08     0.33
11   234.07   102.28     0.08     0.33
11   193.56   126.34     0.08     0.33
11   187.89    55.59     0.08     0.33
11   183.70    37.80     0.08     0.33
11   111.21    87.11     0.08     0.33
11   114.42   110.84     0.08     0.33
11    89.48    83.34     0.08     0.33
11   108.65    56.80     6.82     0.33
11   135.61    48.18     6.82     0.33
11   147.91    52.45     6.82     0.33
11   117.26    40.63     6.82     0.33
11   145.46    36.86     6.82     0.33
11   189.55    87.26     6.82     0.33
11   221.88    81.31     6.82     0.33
11   239.66   127.85    10.45     0.33
11   225.64   146.92    10.45     0.33
11   189.72   165.17    14.77     0.33
11   199.79   164.32    16.13     0.33
11   167.66   148.98    13.71     0.33
11   196.02   142.25     7.80     0.33
11   108.39   126.55     5.91     0.33
11    89.13   107.91     5.91     0.33
11   144.91   119.72     5.91     0.33
11   223.80    61.89     5.91     0.33
11   207.35    71.92     5.91     0.33
11   247.52   115.98     5.91     0.33
11   235.67   138.86     5.91     0.33
11   211.63   147.33     5.91     0.33
11   198.61   154.23     5.91     0.33
11   183.38   156.34     5.91     0.33
11   177.44   161.23     5.91     0.33
11   158.39   102.97     5.91     0.33
11   135.99    74.03     5.91     0.33
11   187.48    60.20     9.62     0.33
11   147.06   148.42     9.62     0.33
11   160.77   135.91     9.62     0.33
11   234.74   102.57     9.62     0.33
11   116.25    83.57     9.62     0.33
11   116.80   112.68     9.62     0.33
11    93.66    69.70     9.62     0.33
11   180.72    36.98     9.62     0.33
11   158.14    73.19     6.51     0.33
11   213.80    45.39     6.51     0.33
11   203.52    36.11     6.51     0.33
11   238.37    90.92     6.51     0.33
11   166.17    52.15     6.21     0.33
11   171.28    62.35     6.21     0.33
11   185.34    75.37     6.21     0.33
11   202.37    57.78     6.21     0.33
11   206.13    92.28     6.21     0.33
11   220.27   112.82     6.21     0.33
11   190.20   105.89     6.21     0.33
11   173.09    90.74     6.21     0.33
11   166.41   118.92     6.21     0.33
11   144.19    93.57     6.21     0.33
11   126.96   101.02     6.21     0.33
11   136.07   137.86    12.65     0.33
11   128.65   127.12    12.65     0.33
11   120.19   140.00    12.65     0.33
11   104.84    90.06    12.65     0.33
11   167.05    37.69    12.65     0.33
11   214.61   129.49    12.65     0.33
11   117.84    70.39     1.44     0.33
11    94.63    63.42     1.44     0.33
11   193.05    66.78     1.44     0.33
11   234.84   123.19     1.44     0.33
11   223.54   150.30     1.44     0.33
11   159.33   133.37     1.44     0.33
11   130.95   139.77     1.44     0.33
11   124.97    63.14     9.54     0.33
11   192.43    48.80     9.54     0.33
11   239.27    83.02     9.54     0.33
11   218.74    96.21     9.54     0.33
11   231.47   121.08     9.54     0.33
11   208.51   162.55     9.54     0.33
11   214.83   152.40     9.54     0.33
11   182.58   140.99    11.89     0.33
11   136.11    82.53    14.70     0.33
11   137.96    74.25    14.70     0.33
11   162.56    76.56    14.70     0.33
11   180.78    75.61    14.70     0.33
11   151.82    52.24    14.70     0.33
11   166.21    59.02    16.74     0.33
11   155.22   104.77    16.74     0.33
11   197.17   133.02    16.74     0.33
11   222.75   110.40    16.74     0.33
11   201.01    56.87    16.74     0.33
11   202.27    37.16    16.74     0.33
11   171.21    92.15    17.57     0.33
11   150.65    92.25    17.57     0.33
11   125.72   102.39    17.57     0.33
11   151.56    66.01    17.57     0.33
11   114.33    47.00    17.57     0.33
11   133.88    58.75    17.57     0.33
11    88.12    88.65    18.48     0.33
11   176.60   126.57    18.48     0.33
11   157.57   124.62    18.48     0.33
11   186.63    37.65    18.48     0.33
11   142.15   154.24    18.48     0.33
11   145.44   142.28    18.48     0.33
11   123.26    86.48    18.48     0.33
11   111.52    99.21    18.48     0.33
11   212.75   118.78    20.15     0.33
11   185.71   138.53    20.15     0.33
11   186.50   153.55    20.15     0.33
11   224.10   136.20    20.15     0.33
11   219.36   151.50    20.15     0.33
11   230.75   157.13    20.15     0.33
11   241.37   148.06    20.15     0.33
11   253.94   126.45    20.15     0.33
11   238.84    68.64     9.70     0.33
11   131.17    38.26     9.70     0.33
11   108.92    74.46     9.70     0.33
11   155.01   144.40     9.70     0.33
11   137.18   109.32     9.70     0.33
11   179.84   119.85     4.39     0.33
11   175.37   109.28     4.39     0.33
11   128.09   122.57     4.39     0.33
11   246.63    74.12    23.41     0.33
11   236.24    56.33    23.41     0.33
11   169.67    31.66    23.41     0.33
11   165.81    45.29    23.41     0.33
11   148.24    33.77    23.41     0.33
11   164.87    70.87    23.41     0.33
11   216.09    64.26    23.41     0.33
11   206.17   130.26    23.41     0.33
11   167.52   140.14    26.97     0.33
11   176.02   146.57    26.97     0.33
11   160.98   114.95    27.35     0.33
11   164.71   155.02    27.35     0.33
11   182.64   167.18    27.35     0.33
11   192.37   159.79    27.35     0.33
11   209.51   162.82    27.35     0.33
11   204.47   172.58    27.35     0.33
11   194.89   170.47    27.35     0.33
11   106.88    91.59    27.35     0.33
11   121.56   103.92    27.35     0.33
11   117.48   113.30    27.35     0.33
11   155.49   134.88    27.35     0.33
11   154.53   147.70    27.35     0.33
11   222.03   115.35    27.35     0.33
11   252.08   115.74    27.35     0.33
11   243.91   134.18    27.35     0.33
11   257.66   135.09    27.35     0.33
11   257.51   107.27    27.35     0.33
11   252.82    92.46    27.35     0.33
11   123.58    67.80    27.35     0.33
11   136.55    47.48    27.35     0.33
11   135.57   103.51    27.35     0.33
11   206.03    96.55    27.35     0.33
11   201.82    59.77    27.35     0.33
11   237.86    93.57    27.35     0.33
11   209.68   134.99    33.10     0.33
11   229.46   145.08    33.10     0.33
11   221.24   156.32    33.10     0.33
11   234.26   161.85    33.10     0.33
11   246.65   155.31    33.10     0.33
11   249.90   142.70    33.10     0.33
11   236.42   103.47    33.10     0.33
11   235.38   114.65    33.10     0.33
11   250.45    78.50    33.10     0.33
11   238.50    74.55    33.10     0.33
11   216.65    68.82    33.10     0.33
11   209.07    54.81    33.10     0.33
11   218.35    51.37    33.10     0.33
11   139.69    76.12    33.10     0.33
11   174.88    31.39    33.10     0.33
11   159.35    40.39    33.10     0.33
11   175.56    44.45    33.10     0.33
11   158.92    69.55    33.10     0.33
11   193.64   146.63    33.10     0.33
11   215.40   144.51    33.10     0.33
11   211.94    97.22    39.77     0.33
11   225.32   109.61    39.77     0.33
11   219.62   119.08    39.77     0.33
11   253.31   120.59    39.77     0.33
11   259.65   135.64    39.77     0.33
11   243.96   135.15    39.77     0.33
11   255.23   107.39    39.77     0.33
11   238.08    91.59    39.77     0.33
11   228.94    85.20    39.77     0.33
11   163.58   108.59    39.77     0.33
11   166.47   138.89    39.77     0.33
11   211.12   162.41    39.77     0.33
11   192.25   163.73    39.77     0.33
11   125.90    68.33    39.77     0.33
11   123.27    93.03    39.77     0.33
11   107.41    95.49    39.77     0.33
11   116.77    68.48    39.77     0.33
11   114.57    57.80    39.77     0.33
11   133.30    47.65    39.77     0.33
11   147.48    31.84    39.77     0.33
11   140.64   125.51    22.27     0.33
11   128.74   116.31    22.27     0.33
11   131.55   138.75    22.27     0.33
11   232.48    78.14    22.27     0.33
11   138.04    88.32    22.27     0.33
11   179.58    77.63    22.27     0.33
11   147.75    80.61    22.27     0.33
11   153.68    50.51    22.27     0.33
11   201.10   139.37    27.95     0.33
11   137.55    60.19    27.95     0.33
11   122.85    53.76    27.95     0.33
11   123.43    83.52    27.95     0.33
11   207.03    40.84    27.95     0.33
11   161.66    84.47    27.95     0.33
11   206.49   111.58    27.95     0.33
11   187.68   126.32    27.95     0.33
11   177.78   105.56    28.94     0.33
11   190.60   113.40    29.77     0.33
11   109.30    69.20    29.77     0.33
11   203.74    77.68    29.77     0.33
11   222.53    87.50    29.77     0.33
11   191.11    48.55    32.42     0.33
11   238.58    57.52    32.42     0.33
11   248.04    57.35    32.42     0.33
11   183.32    74.16    32.42     0.33
11   145.92   126.54    32.42     0.33
11   187.72    95.87    32.42     0.33
11   150.65    86.03    32.42     0.33
11   147.91    52.45    32.42     0.33
11   161.24    57.64    32.42     0.33
11   175.76    60.81    32.42     0.33
11   178.69    85.54    32.42     0.33
11   158.10    72.54    41.97     0.33
11   215.10    70.21    41.97     0.33
11   209.10    55.46    41.97     0.33
11   237.62    64.12    41.97     0.33
11   238.41   104.02    41.97     0.33
11   237.72   115.84    41.97     0.33
11   221.27   156.97    41.97     0.33
11   220.44   147.19    41.97     0.33
11   208.07   135.40    41.97     0.33
11   135.37    74.71    41.97     0.33
11   161.67    47.14    41.97     0.33
11   160.31    33.79    41.97     0.33
11   174.96    33.02    41.97     0.33
11   219.96    50.96    41.97     0.33
11   204.17    73.40    41.97     0.33
11   148.66   141.46    41.97     0.33
11   154.89   154.56    41.97     0.33
11   124.04   113.94    41.97     0.33
11   146.23    82.66    41.97     0.33
11   167.20   121.50    41.97     0.33
11   205.81   110.96    41.97     0.33
11   193.57   145.33    41.97     0.33
11   248.99   156.50    41.97     0.33
11   235.30   163.11    41.97     0.33
11   246.18   146.50    41.97     0.33
11   231.90   147.90    41.97     0.33
11   226.52   126.25    41.97     0.33
11   252.54    81.01    41.97     0.33
11   240.05    79.38    41.97     0.33
11   237.35    52.67    41.97     0.33
11   208.96    40.41    41.97     0.33
11   143.59    57.26    41.97     0.33
11    99.24   101.49    41.97     0.33
11    99.53    88.38    41.97     0.33
11   101.95    72.21    41.97     0.33
11   176.45    48.99    41.97     0.33
11   200.35    62.79    41.97     0.33
11   151.13   107.61    36.13     0.33
11   136.58    91.67    36.13     0.33
11   135.81   108.08    36.13     0.33
11   178.81   150.03    36.13     0.33
11   184.75   126.47    36.13     0.33
11   182.32   111.21    37.65     0.33
11   181.51   170.51    37.65     0.33
11   131.68   128.93    37.65     0.33
11   113.61    83.06    37.65     0.33
11   217.95    87.01    38.10     0.33
11   198.68    99.75    39.31     0.33
11   198.06    86.62    40.60     0.33
11   181.09    92.93    41.44     0.33
11   166.87    84.00    41.44     0.33
11   183.81    72.12    42.27     0.33
11   170.16    64.86    43.10     0.33
11   191.60    47.98    43.10     0.33
11   114.52   111.38    43.10     0.33
11   155.33   123.67    43.94     0.33
11   162.01   145.63    43.94     0.33
11   185.55   144.90    44.77     0.33
11   245.40   123.81    45.60     0.33
11   185.95   112.18    45.60     0.33
11   127.40    83.57    48.63     0.33
11   116.30    71.20    48.63     0.33
11   116.97    95.79    48.63     0.33
11   143.07    33.65    49.54     0.33
11   219.99    91.70    48.71     0.33
11   220.44   114.31    48.71     0.33
11   213.79   122.80    48.71     0.33
11   216.76   159.63    49.54     0.33
11   202.98   142.21    49.54     0.33
11   244.34   144.05    49.54     0.33
11   248.45   109.23    49.54     0.33
11   232.89   107.11    49.54     0.33
11   232.57    94.65    49.54     0.33
11   211.32    70.29    49.54     0.33
11   206.42    57.92    49.54     0.33
11   199.40   110.92    50.37     0.33
11   143.56   142.70    50.37     0.33
11   139.05   153.92    50.37     0.33
11   161.27   165.89    50.37     0.33
11   153.05   160.87    50.37     0.33
11    89.76    91.75    50.37     0.33
11    92.56    75.85    50.37     0.33
11    99.32    58.86    50.37     0.33
11   106.89    51.40    50.37     0.33
11   127.23    74.40    50.37     0.33
11   105.34    87.33    52.04     0.33
11   152.57   114.03    52.87     0.33
11   156.76   127.35    52.87     0.33
11   159.92   148.14    52.87     0.33
11   186.61   149.54    52.87     0.33
11   207.41   169.94    52.87     0.33
11   191.90   166.84    52.87     0.33
11   195.17   154.24    52.87     0.33
11   234.40   134.36    52.87     0.33
11   255.20   136.11    52.87     0.33
11   228.05   149.74    52.87     0.33
11   219.33   147.98    53.71     0.33
11   208.91   147.43    53.71     0.33
11   243.19   159.70    53.71     0.33
11   200.60    94.28    54.54     0.33
11   204.61   104.97    54.54     0.33
11   242.20   122.66    54.54     0.33
11   229.50    66.01    54.54     0.33
11   105.80   103.39    30.45     0.33
11   133.23    59.14    46.97     0.33
11   182.12   129.43    50.37     0.33
11   204.93   131.72    52.12     0.33
11   205.26   115.37    52.12     0.33
11   250.56   101.31    52.12     0.33
11   249.91    86.93    53.02     0.33
11   248.28    74.50    52.19     0.33
11   222.86    81.37    50.53     0.33
11   232.64    54.89    49.62     0.33
11   215.04    52.27    49.62     0.33
11   201.67    71.89    49.62     0.33
11   197.11    55.87    49.62     0.33
11   234.27   158.20    63.25     0.33
11   246.00   153.95    62.27     0.33
11   244.70   143.49    59.84     0.33
11   152.46    74.50    52.27     0.33
11   137.14   118.64    52.27     0.33
11   188.96    98.70    51.06     0.33
11   166.15    47.69    53.48     0.33
11   172.01    38.54    54.46     0.33
11   187.99    35.27    54.46     0.33
11   180.81    51.29    54.46     0.33
11   184.73    66.33    54.46     0.33
11   134.53   103.93    55.30     0.33
11   148.87    97.39    55.30     0.33
11   180.16    89.87    56.13     0.33
11   164.52    65.67    56.13     0.33
11   148.22    58.48    56.13     0.33
11   158.98    32.65    56.13     0.33
11   171.36    80.39    56.13     0.33
11   193.20    82.35    56.13     0.33
11   202.33    40.17    56.13     0.33
11   161.91   104.91    56.13     0.33
11   184.07   115.70    56.13     0.33
11   173.64   102.95    56.13     0.33
11   160.93    89.87    56.13     0.33
11   173.64   150.35    56.13     0.33
11   171.69   132.04    56.13     0.33
11   164.52   115.04    56.13     0.33
11   189.62   137.60    56.13     0.33
11   221.23   138.91    56.13     0.33
11   252.52   120.27    56.13     0.33
11   244.70   134.01    56.13     0.33
11   232.31   123.54    56.13     0.33
11   236.55    78.10    56.13     0.33
11   238.18    65.35    56.13     0.33
11   111.07    67.31    58.02     0.33
11   128.34    80.39    58.02     0.33
11   133.23    54.56    59.99     0.33
11   138.44    35.27    62.27     0.33
11   117.58    95.10    59.24     0.33
11   114.98   110.14    60.07     0.33
11    96.72   107.85    60.98     0.33
11    90.53    91.50    60.98     0.33
11    97.05    63.39    60.07     0.33
11    90.53    77.44    59.16     0.33
11   107.81    54.23    60.15     0.33
11   208.19    67.96    61.05     0.33
11   196.46    70.91    61.05     0.33
11   204.93    57.50    62.19     0.33
11   230.36   100.66    64.92     0.33
11   223.51   112.10    64.92     0.33
11   218.30   120.93    65.90     0.33
11   244.70   119.62    64.08     0.33
11   255.13   133.35    62.11     0.33
11   251.54   105.23    60.45     0.33
11   220.58    86.60    58.40     0.33
11   196.13    92.48    66.81     0.33
11   204.93   102.29    66.81     0.33
11   197.76   112.10    66.81     0.33
11   208.19   146.76    68.25     0.33
11   197.11   144.47    68.25     0.33
11   187.66   149.05    68.25     0.33
11   193.85   165.72    69.24     0.33
11   212.43   165.07    69.24     0.33
11   218.62   159.51    69.24     0.33
11   221.56   147.74    68.10     0.33
11   210.15    70.91    68.93     0.33
11   197.11    70.91    68.93     0.33
11   139.10   100.66    45.98     0.33
11   156.04    95.43    45.98     0.33
11   192.87   126.16    45.98     0.33
11   173.64   151.66    45.98     0.33
11   219.93   136.62    45.98     0.33
11   116.93    44.42    45.98     0.33
11   138.77    40.17    45.98     0.33
11   170.39    39.52    45.98     0.33
11   194.83    38.54    45.98     0.33
11   187.99    63.71    46.81     0.33
11   136.16   136.62    47.80     0.33
11   119.21    58.15    48.71     0.33
11   150.18    75.16    59.24     0.33
11   137.14    85.29    59.24     0.33
11   120.19    45.73    59.24     0.33
11   223.84    43.12    59.24     0.33
11   214.06    49.33    59.24     0.33
11   230.36    56.19    59.24     0.33
11   231.33    90.52    59.24     0.33
11   219.93   162.45    58.40     0.33
11   199.07   143.16    58.40     0.33
11   144.31   152.31    59.39     0.33
11   152.78   164.08    60.22     0.33
11   166.15   166.05    60.22     0.33
11   131.27   127.47    60.22     0.33
11   107.15    83.98    61.13     0.33
11   104.55    98.70    61.13     0.33
11   150.50   120.27    61.13     0.33
11   156.70   130.41    61.13     0.33
11   143.98   139.56    61.13     0.33
11   125.08   140.87    61.13     0.33
11   189.94   165.07    61.13     0.33
11   251.54    93.46    61.96     0.33
11   246.65    80.06    61.96     0.33
11   237.53   107.52    61.96     0.33
11   192.87   127.47    61.96     0.33
11   206.89   131.39    61.96     0.33
11   221.23    71.23    61.96     0.33
11   207.22    85.62    61.96     0.33
11   164.84    48.35    62.80     0.33
11   141.70    44.75    62.80     0.33
11   179.51    43.12    62.80     0.33
11   196.13    47.04    62.80     0.33
11   180.81    66.00    62.80     0.33
11   160.93   149.37    62.80     0.33
11   203.63   177.82    62.80     0.33
11   215.36   176.18    62.80     0.33
11   233.94   141.20    62.80     0.33
11   229.05   149.70    62.80     0.33
11   208.52   117.00    62.80     0.33
11   214.39    98.70    63.78     0.33
11   173.97    83.33    63.78     0.33
11   168.43   130.08    63.78     0.33
11   116.61   119.62    63.78     0.33
11   152.13   106.87    63.78     0.33
11   131.60   107.20    64.61     0.33
11   170.39   111.77    64.61     0.33
11   184.73   117.33    64.61     0.33
11   188.96   101.64    64.61     0.33
11   173.64    99.68    64.61     0.33
11   147.57    92.48    64.61     0.33
11   160.61    85.29    64.61     0.33
11   188.64    82.35    64.61     0.33
11   163.54    69.60    65.45     0.33
11   136.49    68.94    65.45     0.33
11   121.82    60.77    65.45     0.33
11   164.84    37.23    65.45     0.33
11   153.44    39.52    65.45     0.33
11   182.12    55.21    65.45     0.33
11   231.66    75.16    65.45     0.33
11   229.70    65.67    65.45     0.33
11   240.13    64.04    65.45     0.33
11   216.99    60.77    65.45     0.33
11   254.48   112.75    65.45     0.33
11   252.52   123.54    65.45     0.33
11   234.59   131.06    65.45     0.33
11   195.81   155.91    65.45     0.33
11   184.40   173.24    65.45     0.33
11   172.34   155.58    65.45     0.33
11   178.86   135.64    66.51     0.33
11   217.97   139.24    66.51     0.33
11   150.83    58.48    66.51     0.33
11   128.01    84.96    66.51     0.33
11   125.08    76.14    66.51     0.33
11   112.37    74.83    66.51     0.33
11   213.73    51.94    67.80     0.33
11   220.90    52.60    67.80     0.33
11   229.38    55.87    67.80     0.33
11   238.50    53.58    68.63     0.33
11   225.14    44.10    68.63     0.33
11   105.85    67.31    68.63     0.33
11   134.86    59.14    68.63     0.33
11   108.13    56.85    68.63     0.33
11    97.38    63.39    68.63     0.33
11    93.14    77.77    68.63     0.33
11    91.18    90.85    68.63     0.33
11   115.95    92.16    68.63     0.33
11   113.02   105.89    68.63     0.33
11   222.86    85.94    68.63     0.33
11   244.37   143.81    68.63     0.33
11   179.51   163.43    68.63     0.33
11   209.17   153.95    68.63     0.33
11   238.83    90.20    68.63     0.33
11   155.72   130.74    70.30     0.33
11   236.87   105.89    70.30     0.33
11   252.19   105.23    70.30     0.33
11   250.24    84.96    70.30     0.33
11   206.89   128.77    70.30     0.33
11   206.56    59.14    70.30     0.33
11   202.65    38.54    70.30     0.33
11   139.10    34.94    70.30     0.33
11   138.77    85.29    70.30     0.33
11   131.93   125.51    70.30     0.33
11   142.68   146.43    70.30     0.33
11   141.70   160.16    70.30     0.33
11   157.67   157.22    70.30     0.33
11   127.69   145.78    70.30     0.33
11   251.54   140.54    -1.21     0.33
11   258.06   119.95     0.68     0.33
11   255.45    98.37     1.74     0.33
11   247.63    86.93     2.58     0.33
11   240.46    99.02     2.58     0.33
11   163.54    59.46    73.93     0.33
11   154.74    29.71    73.93     0.33
11   127.04    94.45    73.93     0.33
11   136.16   116.68    74.77     0.33
11   167.45   141.53    74.77     0.33
11   186.36   156.89    74.77     0.33
11   221.56   129.76    74.77     0.33
11   243.72   125.18    74.77     0.33
11   232.31   114.72    74.77     0.33
11   213.73    78.43    74.77     0.33
11   148.22    79.08    74.77     0.33
11   162.24    79.73    75.60     0.33
11   193.53    61.42    75.60     0.33
11   150.50    71.56    75.60     0.33
11   162.24   119.95    75.60     0.33
11   162.24    97.71    75.60     0.33
11   122.80   130.74    75.60     0.33
11   155.39   166.37    75.60     0.33
11   151.81   146.76    75.60     0.33
11   170.39   174.87    75.60     0.33
11   217.97   168.99    75.60     0.33
11   233.29   168.66    75.60     0.33
11   253.82   142.51    75.60     0.33
11   227.42   123.87    75.60     0.33
11   176.90   146.10    75.60     0.33
11   141.38   101.64    75.60     0.33
11   143.98   129.43    75.60     0.33
11   131.60   156.56    75.60     0.33
11   105.20   117.99    75.60     0.33
11   127.36    50.31    75.60     0.33
11   102.59    49.98    75.60     0.33
11   118.24    47.37    75.60     0.33
11   188.64    38.21    75.60     0.33
11   164.52   164.41    76.43     0.33
11   203.96   167.03    76.43     0.33
11   108.13    94.77    76.43     0.33
11   104.87    83.98    76.43     0.33
11    96.72   101.97    76.43     0.33
11   189.94   129.10    77.26     0.33
11   203.63    88.23    77.26     0.33
11   203.63    77.44    77.26     0.33
11   240.79    77.44    77.26     0.33
11   164.52    50.31    78.17     0.33
11   180.16    46.71    78.17     0.33
11   193.85    48.02    78.17     0.33
11   142.36    47.04    78.17     0.33
11   238.18   145.45    78.17     0.33
11   247.96   151.66    78.17     0.33
11   250.89   131.72    78.17     0.33
11   204.93   181.09    78.17     0.33
11   214.71   180.10    78.17     0.33
11   210.80   172.59    78.17     0.33
11   158.33    64.04    78.17     0.33
11   154.09   105.23    79.92     0.33
11   150.18   117.99    79.92     0.33
11   193.53   119.95    79.92     0.33
11   206.89   118.97    79.92     0.33
11   213.73   100.00    79.92     0.33
11   222.86    73.19    79.92     0.33
11   207.87    46.38    79.92     0.33
11   190.59   103.27    79.92     0.33
11   164.52   133.02    79.92     0.33
11   146.92   138.91    79.92     0.33
11   193.53    82.68    79.92     0.33
11   123.45   115.70    79.92     0.33
11   167.45    70.91    81.36     0.33
11   176.90    61.42    81.36     0.33
11   183.75    75.48    81.36     0.33
11   173.32    88.89    81.36     0.33
11   183.42   115.37    81.36     0.33
11   173.97   122.56    81.36     0.33
11   174.95   106.87    81.36     0.33
11   228.07   104.58    81.36     0.33
11   253.82   116.35    81.36     0.33
11   237.53   133.68    81.36     0.33
11   231.99    69.60    81.36     0.33
11   215.36   119.29    81.36     0.33
11   165.82    33.96    81.36     0.33
11   192.55   173.89    81.36     0.33
11   180.81   177.82    81.36     0.33
11   229.38   155.26    81.36     0.33
11   225.79   137.93    81.36     0.33
11   153.76    42.79    81.36     0.33
11   181.79    96.73    81.36     0.33
11   122.15   137.93    81.36     0.33
11   127.36   106.22    81.36     0.33
11   150.83    88.89    81.36     0.33
11   113.35   123.22    81.36     0.33
11   119.87    63.39    81.36     0.33
11   216.34    65.35    81.36     0.33
11   170.06   155.58    81.36     0.33
11   196.79   154.93    81.36     0.33
11   125.08    78.75    85.60     0.33
11   115.95    74.50    85.60     0.33
11   105.20    66.98    85.60     0.33
11   136.16    84.96    85.60     0.33
11   138.12    66.33    85.60     0.33
11   141.05    38.87    85.60     0.33
11   199.39    70.25    85.60     0.33
11   212.43    53.90    85.60     0.33
11   234.92   106.22    85.60     0.33
11   245.68   107.85    85.60     0.33
11   214.71    87.91    85.60     0.33
11   229.05    76.46    85.60     0.33
11   207.22   155.58    85.60     0.33
11   224.16   147.08    85.60     0.33
11   215.04   161.47    85.60     0.33
11   224.16   162.78    85.60     0.33
11   211.78   127.79    85.60     0.33
11   180.16   165.72    85.60     0.33
11   155.72   133.35    85.60     0.33
11   158.33   158.20    85.60     0.33
11   142.03   160.82    85.60     0.33
11   131.27   123.87    85.60     0.33
11   129.97   136.62    85.60     0.33
11   122.80    89.21    85.60     0.33
11   207.54    67.96    85.60     0.33
11   116.61   103.60    85.60     0.33
11   177.88   136.62    85.60     0.33
11   140.73   149.37    87.26     0.33
11    87.27    90.85    88.10     0.33
11    92.49    73.52    88.10     0.33
11   117.91    38.87    88.10     0.33
11   248.28    90.85    88.10     0.33
11   229.05    93.46    88.10     0.33
11   203.30   106.54    88.10     0.33
11   195.81    95.75    88.93     0.33
11   195.48   139.89    88.93     0.33
11   208.52   141.53    89.92     0.33
11   231.01   116.02    89.92     0.33
11   246.00   124.85    90.75     0.33
11   226.77    56.19    90.75     0.33
11   189.62    39.52    90.75     0.33
11   125.73    48.02    90.75     0.33
11   114.98    51.94    90.75     0.33
11   148.22    75.48    90.75     0.33
11   107.81    92.48    92.49     0.33
11   104.55   109.81    92.49     0.33
11   140.40   102.95    92.49     0.33
11   208.19    80.39    92.49     0.33
11   253.17   141.85    92.49     0.33
11   162.89   143.81    92.49     0.33
11   182.77   154.60    92.49     0.33
11   102.27    83.66    92.49     0.33
11    91.18   103.27    92.49     0.33
11   242.09    83.00    92.49     0.33
11   130.30    59.14    92.49     0.33
11   162.24    95.43    92.49     0.33
11   163.54   116.68    92.49     0.33
11   155.39   171.93    92.49     0.33
11   154.09   164.08    92.49     0.33
11   170.39   174.87    92.49     0.33
11   180.16    48.02    94.01     0.33
11   169.08    50.64    94.01     0.33
11   140.73    49.98    94.01     0.33
11   156.37    71.89    94.01     0.33
11   253.50   131.06    94.01     0.33
11   244.05   140.22    94.01     0.33
11   237.20   150.35    94.01     0.33
11   215.04   169.97    94.01     0.33
11   206.24   182.07    94.01     0.33
11   127.36   155.91    94.01     0.33
11   130.95    90.52    94.84     0.33
11   103.24    53.90    94.84     0.33
11   106.83    44.10    94.84     0.33
11   150.50    29.71    94.84     0.33
11   199.39    60.12    95.90     0.33
11   197.44    47.04    95.90     0.33
11   190.27   126.49    95.90     0.33
11   201.02   120.93    95.90     0.33
11   149.53   107.52    95.90     0.33
11   147.57   125.83    95.90     0.33
11   139.10   137.93    95.90     0.33
11   153.76    59.46    95.90     0.33
11    99.01   124.85    95.90     0.33
11   176.25    66.33    96.88     0.33
11   183.42   107.52    96.88     0.33
11   176.58    92.81    96.88     0.33
11   184.07    77.77    96.88     0.33
11   160.93    84.64    97.64     0.33
11   148.55    91.18    97.64     0.33
11   124.43   115.37    98.78     0.33
11   119.54   135.97    98.78     0.33
11   114.33   124.20    98.78     0.33
11   191.57   156.56    98.78     0.33
11   193.85   172.91    98.78     0.33
11   182.12   173.89    98.78     0.33
11   184.40   182.07    98.78     0.33
11   176.25   181.41    98.78     0.33
11   226.77   139.56    98.78     0.33
11   217.65   130.74    98.78     0.33
11   209.17    97.71    98.78     0.33
11   196.46    84.64    98.78     0.33
11   162.89    35.27    98.78     0.33
11   154.09    47.04    98.78     0.33
11   173.64   122.89    98.78     0.33
11   216.99   113.41    99.61     0.33
11   166.15   160.82    99.61     0.33
11   150.18   144.47    99.61     0.33
11   116.61    73.52   101.28     0.33
11   131.93    79.08   101.28     0.33
11   105.53    67.96   101.28     0.33
11   117.26    87.91   102.11     0.33
11   129.97   124.52   102.11     0.33
11   153.44   134.99   102.11     0.33
11   168.43   135.31   102.11     0.33
11   207.22   158.85   102.11     0.33
11   223.19   165.72   102.11     0.33
11   226.45   145.78   102.11     0.33
11   227.75    76.46   102.11     0.33
11   219.60    73.52   102.11     0.33
11   216.02    86.93   102.11     0.33
11   201.35    73.85   102.11     0.33
11   215.69    52.60   102.11     0.33
11   232.96   106.54   102.11     0.33
11   245.68   111.77   102.11     0.33
11   254.15   123.87   102.11     0.33
11   139.75    39.85   102.11     0.33
11   116.28   102.95   102.11     0.33
11   142.03   165.39   102.11     0.33
11   177.88   139.24   102.11     0.33
11   216.34   153.62   102.11     0.33
11   139.42    65.67   102.11     0.33
11    92.49    67.31   102.11     0.33
11    98.68    95.75   102.11     0.33
11   129.32   144.14   102.94     0.33
11   141.70   153.30   102.94     0.33
11   237.20    70.91   102.94     0.33
11   169.41    79.73   102.94     0.33
11   167.78   107.20   102.94     0.33
11   230.36   129.10   102.94     0.33
11   225.47   157.55   102.94     0.33
11   127.69   105.56   102.94     0.33
11   234.27    94.77   103.78     0.33
11   250.24    95.10   103.78     0.33
11   220.90   100.98   103.78     0.33
11   201.67   110.14   103.78     0.33
11   185.05    60.77   103.78     0.33
11   122.15    39.52   103.78     0.33
11    88.25    88.56   103.78     0.33
11    88.25    76.14   103.78     0.33
11   204.28   169.64   103.78     0.33
11   137.47   116.02   103.78     0.33
11   193.85   140.87   104.76     0.33
11   193.53    96.73   104.76     0.33
11   170.71   152.31   104.76     0.33
11   211.13    68.29   104.76     0.33
11   125.73    69.27   104.76     0.33
11   231.99    55.87   106.13     0.33
11   233.94   117.33   106.13     0.33
11   244.70   129.43   106.13     0.33
11   143.33    81.69   106.13     0.33
11   117.26    55.21   106.13     0.33
11   205.91   148.06   106.13     0.33
11   206.24   134.66   106.13     0.33
11   105.20   107.52   108.02     0.33
11   107.48    88.56   108.02     0.33
11   100.64    79.08   108.02     0.33
11   155.39   161.47   108.02     0.33
11   158.98   144.14   108.02     0.33
11   151.81   173.57   108.02     0.33
11   132.25   164.08   108.02     0.33
11   179.51   155.91   108.02     0.33
11   186.68   142.83   108.02     0.33
11   243.39    80.71   108.02     0.33
11   205.91    83.66   108.02     0.33
11   158.65   116.68   108.85     0.33
11   161.59    99.68   108.85     0.33
11   163.87   177.16   108.85     0.33
11    91.51   106.22   108.85     0.33
11   171.04    55.87   109.76     0.33
11   170.71    41.48   109.76     0.33
11   183.10    44.75   109.76     0.33
11   139.42    48.35   109.76     0.33
11   150.18    72.21   109.76     0.33
11   129.97    57.50   109.76     0.33
11   249.59   138.26   109.76     0.33
11   242.09   144.14   109.76     0.33
11   239.81   156.56   109.76     0.33
11   215.04   172.59   109.76     0.33
11   207.22   181.41   109.76     0.33
11   128.34   156.24   109.76     0.33
11   106.18    57.83   110.60     0.33
11   107.15    46.71   110.60     0.33
11   127.36    96.41   111.43     0.33
11   200.37   123.87   111.43     0.33
11   188.64   128.77   111.43     0.33
11   206.89    59.79   112.26     0.33
11   202.65    49.33   112.26     0.33
11   199.07    66.00   112.26     0.33
11   185.05    74.83   112.26     0.33
11   187.66   108.50   112.26     0.33
11   162.56    67.64   112.26     0.33
11   151.48    58.15   112.26     0.33
11   148.22   105.23   113.09     0.33
11   154.74    88.56   113.09     0.33
11   177.88   102.62   113.09     0.33
11   134.86   129.10   113.09     0.33
11   152.13   125.18   113.09     0.33
11   132.90    91.18   113.09     0.33
11   124.10    87.58   113.09     0.33
11   106.50   118.64   113.09     0.33
11   139.10   140.22   113.09     0.33
11   183.10   164.41   113.09     0.33
11   224.16    64.37   113.09     0.33
11   232.96    83.33   113.09     0.33
11   210.15   104.91   113.09     0.33
11   158.98    36.90   113.93     0.33
11   173.97    49.65   113.93     0.33
11   198.74    87.58   113.93     0.33
11   208.52    99.02   113.93     0.33
11   222.53    92.48   113.93     0.33
11   218.95   136.29   113.93     0.33
11   194.83   158.53   113.93     0.33
11   186.68   171.28   113.93     0.33
11   194.83   176.84   113.93     0.33
11   118.89   140.22   113.93     0.33
11   120.52   128.12   113.93     0.33
11   116.28   118.31   113.93     0.33
11   139.42    97.71   113.93     0.33
11   159.63    50.64   113.93     0.33
11   218.30   125.83   113.93     0.33
11   167.13   122.89   113.93     0.33
11   179.51   119.62   114.76     0.33
11   210.47   118.31   114.76     0.33
11   179.19   177.16   114.76     0.33
11   150.18   147.41   114.76     0.33
11   114.33    77.12   116.43     0.33
11   103.24    68.29   116.43     0.33
11   167.45   166.05   117.26     0.33
11   206.89   160.16   117.26     0.33
11   225.14   149.05   117.26     0.33
11   222.53   166.70   117.26     0.33
11   237.53   108.18   117.26     0.33
11   250.24   111.12   117.26     0.33
11   238.83   122.24   117.26     0.33
11   230.36   139.56   117.26     0.33
11   171.04   139.56   117.26     0.33
11   116.28    95.75   117.26     0.33
11   139.42    70.25   117.26     0.33
11   218.62    74.50   117.26     0.33
11   203.96    76.79   117.26     0.33
11   137.79    39.85   117.26     0.33
11   223.19    52.27   117.26     0.33
11   216.02    86.93   117.26     0.33
11   226.77    78.75   118.09     0.33
11   221.56   113.41   118.09     0.33
11   230.03   129.76   118.09     0.33
11   218.30   158.85   118.09     0.33
11   140.40   149.70   118.09     0.33
11   143.01   167.68   118.09     0.33
11   128.99   122.56   118.09     0.33
11   128.01   141.85   118.09     0.33
11   116.93   107.20   118.09     0.33
11    99.33    95.10   118.09     0.33
11   128.01    79.41   118.09     0.33
11   114.98    67.64   118.09     0.33
11    91.51    70.58   118.09     0.33
11    96.40    62.41   118.09     0.33
11   173.64    73.52   118.09     0.33
11   167.45    86.27   118.09     0.33
11   148.55   137.28   118.09     0.33
11   178.53   148.39   118.09     0.33
11   158.98   152.64   118.09     0.33
11   191.90    82.68   118.09     0.33
11   225.14   103.60   119.00     0.33
11   234.59    98.04   119.00     0.33
11   189.62    57.17   119.00     0.33
11   180.16    62.41   119.00     0.33
11   148.55    42.13   119.00     0.33
11   123.78    43.77   119.00     0.33
11   136.81   116.02   119.00     0.33
11   132.90   106.87   119.00     0.33
11    91.84    90.20   119.00     0.33
11   202.98   108.50   119.00     0.33
11   187.33    99.68   119.84     0.33
11   169.08   151.99   119.84     0.33
11   139.10    83.00   121.73     0.33
11   203.96   133.02   121.73     0.33
11   206.89   147.74   121.73     0.33
11   199.72   142.83   122.56     0.33
11   141.38   158.53   122.56     0.33
11   177.23    32.65   123.40     0.33
11   116.61    58.15   123.40     0.33
11   125.08    73.19   123.40     0.33
11   112.37    85.29   124.23     0.33
11    96.40    79.41   124.23     0.33
11   106.50   108.50   124.23     0.33
11   158.98   140.87   124.23     0.33
11   183.75   142.51   124.23     0.33
11   202.33   173.57   124.23     0.33
11   245.68   132.37   124.23     0.33
11   207.54    88.23   124.23     0.33
11   216.99    61.10   124.23     0.33
11   213.41    50.96   124.23     0.33
11   168.10   106.87   125.06     0.33
11   151.16    69.60   125.06     0.33
11   166.80    56.85   125.06     0.33
11   183.42    43.44   125.06     0.33
11   173.32    43.44   125.06     0.33
11   134.53    48.35   125.06     0.33
11   156.70    76.46   125.06     0.33
11   136.81    60.77   125.06     0.33
11   155.72   113.08   125.06     0.33
11   162.24    94.45   125.06     0.33
11   238.83   142.51   125.06     0.33
11   242.74   152.31   125.06     0.33
11   229.38   158.85   125.06     0.33
11   211.78   170.95   125.06     0.33
11   203.63   180.10   125.06     0.33
11   194.50   183.05   125.06     0.33
11   179.84   183.70   125.06     0.33
11   163.87   178.47   125.06     0.33
11   146.59   176.84   125.06     0.33
11   156.70   161.47   125.06     0.33
11   130.30   164.08   125.06     0.33
11    95.10   107.52   125.06     0.33
11   101.94   135.64   125.06     0.33
11   195.16    39.52   125.06     0.33
11   176.58   131.72   125.06     0.33
11   107.15    62.08   126.12     0.33
11   115.63    46.71   126.12     0.33
11    99.33    55.54   126.96     0.33
11   181.14    52.92   126.96     0.33
11   199.39   125.18   126.96     0.33
11   176.25   158.20   126.96     0.33
11   250.56   141.53   126.96     0.33
11   187.99   131.06   126.96     0.33
11   192.87   116.68   126.96     0.33
11   234.27    56.52   126.96     0.33
11   200.70   164.74   126.96     0.33
11   193.20   167.68   126.96     0.33
11   153.44   172.59   126.96     0.33
11   203.30    67.64   127.79     0.33
11   204.61    53.25   127.79     0.33
11   159.63    65.02   127.79     0.33
11   192.22    67.96   127.79     0.33
11   181.79    79.41   127.79     0.33
11   148.22    60.12   127.79     0.33
11   123.13    62.41   127.79     0.33
11    97.05   121.91   127.79     0.33
11   240.79    87.58   127.79     0.33
11   229.05   117.66   127.79     0.33
11   149.53   123.54   128.62     0.33
11   132.90   130.41   128.62     0.33
11   127.69    93.14   128.62     0.33
11   120.52    84.96   128.62     0.33
11   178.21   102.62   128.62     0.33
11   185.05   109.81   128.62     0.33
11   148.87   107.20   128.62     0.33
11   148.55    90.20   128.62     0.33
11   211.78   135.64   129.68     0.33
11   221.56   133.02   129.68     0.33
11   209.17   100.98   129.68     0.33
11   224.82    96.41   129.68     0.33
11   237.53    80.71   129.68     0.33
11   122.15   136.62   129.68     0.33
11   110.41   118.64   129.68     0.33
11   119.21   124.52   129.68     0.33
11   187.99   170.30   129.68     0.33
11   187.99   148.39   130.52     0.33
11   201.02   151.33   130.52     0.33
11   210.80   112.43   130.52     0.33
11   180.81   120.27   130.52     0.33
11   160.61   131.39   130.52     0.33
11   165.50   122.89   130.52     0.33
11   161.26    38.21   130.52     0.33
11   122.15   115.04   131.35     0.33
11   139.42    96.08   131.35     0.33
11   112.70   143.81   131.35     0.33
11   213.08   123.54   132.18     0.33
11   195.81    83.98   133.17     0.33
11   203.63    79.41   133.17     0.33
11   223.51    77.12   133.17     0.33
11   214.71    90.85   133.17     0.33
11   218.95   163.76   133.17     0.33
11   212.43   151.33   133.17     0.33
11   208.84   161.80   133.17     0.33
11   204.61   154.60   133.17     0.33
11   226.12   146.10   133.17     0.33
11   215.36   144.47   133.17     0.33
11   238.83   127.14   133.17     0.33
11   238.18   111.45   133.17     0.33
11   167.13   144.14   133.17     0.33
11   177.56   146.43   133.17     0.33
11   155.72   149.05   133.17     0.33
11   141.05   151.01   133.17     0.33
11   177.56   175.20   133.17     0.33
11   183.42   160.82   133.17     0.33
11   143.66   168.66   133.17     0.33
11   128.01   144.14   133.17     0.33
11   108.13    96.41   133.17     0.33
11   115.63    92.16   133.17     0.33
11   113.35    76.79   133.17     0.33
11   173.64    71.89   133.17     0.33
11   169.41    84.96   133.17     0.33
11   147.90   143.81   133.17     0.33
11   145.94   132.37   133.17     0.33
11   117.91   105.23   133.17     0.33
11   100.64    72.87   133.17     0.33
11    98.68    65.02   133.17     0.33
11   115.30    65.67   133.17     0.33
11   128.67    53.90   133.17     0.33
11   247.96   113.08   133.17     0.33
11   230.36   137.28   133.17     0.33
11   219.93   111.45   133.17     0.33
11   212.10    78.10   133.17     0.33
11   139.75    73.19   133.17     0.33
11   169.73   166.05   133.17     0.33
11   107.81   129.10   133.17     0.33
11    99.01    95.10   133.17     0.33
11   103.90    85.62   133.17     0.33
11   226.45    54.23   133.17     0.33
11   187.99    97.39   134.99     0.33
11   200.70   112.10   134.99     0.33
11   198.09   100.98   135.82     0.33
11   179.84    65.02   135.82     0.33
11   190.92    54.56   135.82     0.33
11   226.77    67.64   135.82     0.33
11   229.70    88.23   135.82     0.33
11   233.62   100.98   135.82     0.33
11   132.90   117.66   135.82     0.33
11   129.64   106.87   135.82     0.33
11    92.49    89.87   135.82     0.33
11    86.30    83.33   135.82     0.33
11   179.51    90.20   135.82     0.33
11   131.93    84.31   137.71     0.33
11   124.75    75.16   138.55     0.33
11   165.17   106.22   141.20     0.33
11   154.74    73.19   141.20     0.33
11   193.20   140.22   142.03     0.33
11   201.67   131.39   142.03     0.33
11   182.77   140.22   142.03     0.33
11   158.98   158.20   142.03     0.33
11   150.50   171.28   142.03     0.33
11   165.82   179.45   142.03     0.33
11   196.46   178.14   142.03     0.33
11   194.50   167.35   142.03     0.33
11   205.59   172.26   142.03     0.33
11   167.45   154.28   142.03     0.33
11   130.30   163.10   142.03     0.33
11   172.01   110.47   142.03     0.33
11   204.61    90.52   142.03     0.33
11   174.62    49.65   142.03     0.33
11   165.82    54.23   142.03     0.33
11   200.70    66.66   143.62     0.33
11   204.28    50.64   143.62     0.33
11   216.67    58.81   143.62     0.33
11   177.56    35.27   143.62     0.33
11   134.86    45.73   144.46     0.33
11   146.27    63.39   144.46     0.33
11   128.67    67.64   144.46     0.33
11   118.89    52.60   144.46     0.33
11   105.53   108.18   144.46     0.33
11    93.47   114.06   144.46     0.33
11    95.10   136.62   145.29     0.33
11   125.08   132.04   145.29     0.33
11   149.20   110.14   145.29     0.33
11   125.41    94.45   145.29     0.33
11   188.64   110.47   146.12     0.33
11   175.60   102.29   146.12     0.33
11   209.82   103.60   146.12     0.33
11   187.66   126.16   146.96     0.33
11   158.33   133.68   147.79     0.33
11   162.56   122.89   147.79     0.33
11   132.90   131.06   147.79     0.33
11   110.09   143.81   147.79     0.33
11   189.62   149.70   147.79     0.33
11   208.19   135.64   147.79     0.33
11   227.75   118.31   147.79     0.33
11   227.10   126.81   147.79     0.33
11   212.10   118.31   147.79     0.33
11   223.19    95.43   147.79     0.33
11   221.88   103.27   147.79     0.33
11   241.76    91.50   147.79     0.33
11   196.13    75.81   147.79     0.33
11   113.67   116.68   147.18     0.33
11   126.38   124.52   146.35     0.33
11   103.24   122.56   146.35     0.33
11   143.33   121.58   147.18     0.33
11   149.20   158.53   147.18     0.33
11   172.34   131.72   147.18     0.33
11   176.90   118.64   147.18     0.33
11   141.05    99.02   147.18     0.33
11   148.22    88.23   147.18     0.33
11   184.07    77.44   147.18     0.33
11   165.17    66.66   147.18     0.33
11   156.37    93.79   147.18     0.33
11   155.39   119.29   147.18     0.33
11   116.28   154.93   147.18     0.33
11    91.18   102.95   147.18     0.33
11   165.82    37.23   147.18     0.33
11   192.22    39.19   147.18     0.33
11   211.78    68.29   147.18     0.33
11   198.74   122.24   147.18     0.33
11   201.67   144.47   147.18     0.33
11   176.25   183.05   147.18     0.33
11   117.91    85.29   147.18     0.33
11    98.35    79.08   147.18     0.33
11   208.84    96.41   147.18     0.33
11   209.17    83.98   147.18     0.33
11   114.00    94.45   149.83     0.33
11   159.96    76.79   149.83     0.33
11   225.14    76.14   149.83     0.33
11   217.65    89.54   149.83     0.33
11   196.46    84.64   149.83     0.33
11   206.56    75.81   149.83     0.33
11   242.09   112.10   149.83     0.33
11   241.11   102.62   149.83     0.33
11   247.30   125.51   149.83     0.33
11   226.77   135.31   149.83     0.33
11   221.23   155.26   149.83     0.33
11   217.65   162.78   149.83     0.33
11   214.39   168.99   149.83     0.33
11   217.65   139.89   149.83     0.33
11   176.25   147.08   149.83     0.33
11   166.47   147.74   149.83     0.33
11   155.72   150.68   149.83     0.33
11   141.38   150.03   149.83     0.33
11   126.71   138.26   149.83     0.33
11   141.38   131.39   149.83     0.33
11   138.12    67.96   149.83     0.33
11   139.75    55.87   149.83     0.33
11   130.30    53.25   149.83     0.33
11   105.85    81.37   149.83     0.33
11   114.98    74.18   149.83     0.33
11   113.67    64.04   149.83     0.33
11   104.55    88.89   149.83     0.33
11   104.55    98.04   149.83     0.33
11   124.43   107.85   149.83     0.33
11   170.71   170.30   149.83     0.33
11   163.21   170.62   149.83     0.33
11   181.79   177.49   149.83     0.33
11   188.31   171.93   149.83     0.33
11   183.75   159.18   149.83     0.33
11   181.79   168.33   149.83     0.33
11   208.84   150.35   149.83     0.33
11   204.61   161.80   149.83     0.33
11   196.79   155.26   149.83     0.33
11   171.36    81.69   149.83     0.33
11   156.70   106.87   149.83     0.33
11   166.47    91.18   149.83     0.33
11   152.78    53.90   149.83     0.33
11   113.35   133.35   153.01     0.33
11   128.99   149.70   153.01     0.33
11   140.40   168.01   153.01     0.33
11   149.53   140.87   153.01     0.33
11   208.84   111.77   154.00     0.33
11   188.31    97.39   154.91     0.33
11   176.58    88.56   155.74     0.33
11   182.44    58.15   156.58     0.33
11   174.62    63.06   156.58     0.33
11   194.50    58.48   158.62     0.33
11   201.67    59.14   158.62     0.33
11   132.25    83.98   153.32     0.33
11   235.25   129.43   153.32     0.33
11   230.03    91.50   153.32     0.33
11   199.39   110.14   153.32     0.33
11    91.51    87.91   153.32     0.33
11   152.78    73.19   156.80     0.33
11   156.70    38.87   157.64     0.33
11   165.82    55.87   157.64     0.33
11   177.56   108.50   160.36     0.33
11   180.16   138.58   160.36     0.33
11   167.78    49.00   160.36     0.33
11   190.92   106.87   162.26     0.33
11   179.19   116.68   162.26     0.33
11   174.62    98.04   163.09     0.33
11   169.73   112.75   163.09     0.33
11   184.73    76.14   163.09     0.33
11   198.09    75.48   163.09     0.33
11   207.22    94.12   163.92     0.33
11   209.17   104.58   163.92     0.33
11   224.16   103.60   163.92     0.33
11   225.79   113.74   163.92     0.33
11   203.63   138.58   164.76     0.33
11   225.47   126.49   164.76     0.33
11   231.99   119.62   164.76     0.33
11   205.26    87.91   164.76     0.33
11   188.96    46.38   164.76     0.33
11   166.80    36.58   165.82     0.33
11   135.51    53.90   165.82     0.33
11   157.02    81.37   165.82     0.33
11   148.87    86.60   165.82     0.33
11   149.53   103.93   165.82     0.33
11   152.46   113.74   169.07     0.33
11   142.03   126.49   165.06     0.33
11   126.71   133.35   165.06     0.33
11   129.97   123.54   165.06     0.33
11   125.73    96.73   165.06     0.33
11   114.00    97.06   165.06     0.33
11   114.33    84.31   166.42     0.33
11   105.20    81.37   166.42     0.33
11   108.13    93.14   166.42     0.33
11   102.92   114.72   166.42     0.33
11   108.13   124.85   166.42     0.33
11   117.58   123.22   166.42     0.33
11   118.89   111.12   166.42     0.33
11   107.81   105.89   166.42     0.33
11   206.56    77.77   166.42     0.33
11   216.34    90.20   166.42     0.33
11   238.50   102.62   168.32     0.33
11   243.07   114.39   169.23     0.33
11   239.16   132.37   170.06     0.33
11   230.36   135.31   171.04     0.33
11   213.41   138.26   171.88     0.33
11   215.36   156.56   172.71     0.33
11   209.50   164.74   172.71     0.33
11   197.44   169.97   173.54     0.33
11   187.01   158.20   173.54     0.33
11   213.08   124.20   163.01     0.33
11   192.87   118.64   163.01     0.33
11   191.24   144.79   163.85     0.33
11   192.22   129.43   164.83     0.33
11   180.49   131.06   164.83     0.33
11   167.45   129.76   164.83     0.33
11   154.09   129.10   164.83     0.33
11   136.16   109.16   165.74     0.33
11   127.69    69.92   165.74     0.33
11   158.65    56.19   165.74     0.33
11   160.93    47.04   165.74     0.33
11   151.16    51.29   165.74     0.33
11   143.98    61.10   165.74     0.33
11   135.84    67.96   165.74     0.33
11   130.62    75.48   165.74     0.33
11   206.89    50.96   165.74     0.33
11   114.00    65.67   165.74     0.33
11   123.45    60.12   165.74     0.33
11   140.07    95.43   165.74     0.33
11   158.98    94.12   165.74     0.33
11   160.61   104.25   165.74     0.33
11   160.61   119.95   165.74     0.33
11   172.67    81.37   165.74     0.33
11   163.87    72.21   165.74     0.33
11   201.67   126.81   165.74     0.33
11   208.52   149.37   165.74     0.33
11   196.79   156.56   165.74     0.33
11   224.16   154.28   165.74     0.33
11   221.56   139.89   165.74     0.33
11   231.66   144.79   165.74     0.33
11   179.84   150.68   165.74     0.33
11   165.17   151.33   165.74     0.33
11   157.02   159.18   165.74     0.33
11   157.35   151.66   165.74     0.33
11   145.94   152.31   165.74     0.33
11   149.85   165.39   166.57     0.33
11   137.79   149.70   166.57     0.33
11   139.10   136.62   166.57     0.33
11   130.95   140.22   166.57     0.33
11   104.87   143.16   166.57     0.33
11   114.00   143.81   166.57     0.33
11   115.63   154.60   166.57     0.33
11   125.41   162.45   166.57     0.33
11   142.03   161.80   167.41     0.33
11   166.47   173.89   167.41     0.33
11   164.84   164.08   167.41     0.33
11   174.62   163.43   167.41     0.33
11   180.16   168.66   167.41     0.33
11   187.99   174.87   167.41     0.33
11   205.91   172.59   167.41     0.33
11   224.49    80.39   168.32     0.33
11   213.73    75.81   168.32     0.33
11   193.53    67.31   169.15     0.33
11   179.19    49.33   169.15     0.33
11   176.25    40.17   169.15     0.33
11   211.13   113.41   169.15     0.33
11   227.10    90.20   169.15     0.33
11   164.19   142.18   169.15     0.33
11   197.11    98.37   169.15     0.33
11   134.53    87.58   169.98     0.33
11   135.84    81.37   169.98     0.33
11   159.63    64.37   169.98     0.33
11   185.70    83.98   169.98     0.33
11   124.75    86.27   169.98     0.33
11    92.81    88.89   170.82     0.33
11    97.05   105.89   170.82     0.33
11   117.91   134.99   170.82     0.33
11   124.75   150.68   170.82     0.33
11   135.51   168.33   171.65     0.33
11   188.31    97.71   171.65     0.33
11   176.58    61.75   172.48     0.33
11   152.78    75.48   172.48     0.33
11   168.43    58.48   173.32     0.33
11   152.13    40.50   174.15     0.33
11   175.27   105.89   176.95     0.33
11   190.27   108.50   177.79     0.33
11   182.44   115.04   177.79     0.33
11   178.53   143.49   181.35     0.33
11   151.16   153.95   181.35     0.33
11   136.81   125.18   182.25     0.33
11   142.36   139.89   181.27     0.33
11   126.38   132.37   181.27     0.33
11   128.01   122.56   181.27     0.33
11   170.71   114.06   179.60     0.33
11   176.25   119.62   179.60     0.33
11   192.55   120.27   179.60     0.33
11   207.22   104.58   179.60     0.33
11   223.84   103.60   179.60     0.33
11   209.17   127.79   180.51     0.33
11   197.44   143.16   180.51     0.33
11   187.66   148.72   180.51     0.33
11   221.23   121.91   180.51     0.33
11   233.94   119.62   180.51     0.33
11   210.15    96.73   180.51     0.33
11   202.00    88.89   180.51     0.33
11   206.56    60.44   180.51     0.33
11   123.45    97.71   180.51     0.33
11   116.28    77.12   180.51     0.33
11   192.87    46.71   180.51     0.33
11   181.79    80.06   181.35     0.33
11   170.06    83.00   181.35     0.33
11   160.28    83.98   181.35     0.33
11   146.27   104.58   181.35     0.33
11   129.32    73.52   181.35     0.33
11   122.80    67.96   181.35     0.33
11   131.93    54.23   181.35     0.33
11   141.70    51.94   181.35     0.33
11   162.24    53.58   181.35     0.33
11   167.78    35.92   181.35     0.33
11   169.73    46.38   181.35     0.33
11   228.40   113.08   181.35     0.33
11   231.01    98.37   181.35     0.33
11   199.39   159.83   181.35     0.33
11   229.70   127.47   181.35     0.33
11   198.09   129.76   181.35     0.33
11   186.68   134.33   181.35     0.33
11   170.71   131.72   181.35     0.33
11   158.00   117.66   181.35     0.33
11   149.20    86.60   181.35     0.33
11   165.17   100.00   181.35     0.33
11   155.72    94.12   181.35     0.33
11   142.68    73.52   181.35     0.33
11   147.24    61.10   181.35     0.33
11   138.44    64.04   182.18     0.33
11   189.62    58.15   182.18     0.33
11   203.30    77.12   182.18     0.33
11   180.81    73.19   182.18     0.33
11   150.50   168.99   182.18     0.33
11   103.90    83.00   182.18     0.33
11   114.33    92.48   182.18     0.33
11   108.78   102.95   183.01     0.33
11   120.19   108.50   183.01     0.33
11   104.87   121.25   183.01     0.33
11   121.17   124.52   183.01     0.33
11   101.29   137.60   183.01     0.33
11   111.07   158.53   183.01     0.33
11   126.06   164.41   183.01     0.33
11   112.04   150.35   183.01     0.33
11   131.27   139.56   183.01     0.33
11   138.44   151.33   183.01     0.33
11   144.64   163.10   183.01     0.33
11   170.71   167.35   183.01     0.33
11   182.44   166.70   183.01     0.33
11   175.27   157.87   183.01     0.33
11   165.17   152.64   183.01     0.33
11   205.26   150.68   183.01     0.33
11   152.78   140.54   183.01     0.33
11   157.35   130.74   183.01     0.33
11   145.61   120.93   183.01     0.33
11   137.79   111.12   183.01     0.33
11   133.23   102.95   183.92     0.33
11   217.32    78.43   183.92     0.33
11   217.97    90.85   183.92     0.33
11   226.45    82.68   183.92     0.33
11   237.20   103.60   183.92     0.33
11   223.19   143.49   183.92     0.33
11   199.39   114.06   183.92     0.33
11   163.87    73.52   183.92     0.33
11   205.91   141.20   183.92     0.33
11   162.89   144.79   185.59     0.33
11   170.39   141.20   185.59     0.33
11   211.78   111.45   185.59     0.33
11   197.44    99.35   185.59     0.33
11   155.72   105.23   185.59     0.33
11   134.21    89.21   185.59     0.33
11   158.33    63.71   185.59     0.33
11   192.55    70.91   185.59     0.33
11   196.79    64.69   185.59     0.33
11   177.23    94.45   187.18     0.33
11   215.36   142.51   187.18     0.33
11   214.39   136.29   187.18     0.33
11   224.82   133.35   187.18     0.33
11   125.41   146.43   187.18     0.33
11   116.61   142.18   187.18     0.33
11   106.50   144.14   187.18     0.33
11    95.10   107.20   187.18     0.33
11   104.22    94.77   187.18     0.33
11   210.47    78.43   188.01     0.33
11   175.93    59.79   188.01     0.33
11   172.99    70.91   188.01     0.33
11   155.07    78.43   188.01     0.33
11   134.86    81.37   188.01     0.33
11   121.50    86.60   188.01     0.33
11   110.09   113.08   188.01     0.33
11   150.83   114.06   188.01     0.33
11   160.93   164.41   188.01     0.33
11   188.96    94.12   188.01     0.33
11   194.18    86.93   188.01     0.33
11   111.72   129.76   188.01     0.33
11    92.81    91.83   188.01     0.33
11    91.84   127.79   188.01     0.33
11   188.31   158.53   189.83     0.33
11   175.60   104.25   193.62     0.33
11   184.40   117.00   193.62     0.33
11   190.59   106.87   193.62     0.33
11   169.08   109.48   195.74     0.33
11   172.34   120.27   195.74     0.33
11   205.26   103.93   195.74     0.33
11   221.56   121.25   195.74     0.33
11   209.17   129.10   195.74     0.33
11   196.13   142.18   195.74     0.33
11   191.57   147.41   195.74     0.33
11   181.14   151.66   195.74     0.33
11   191.90   119.62   195.74     0.33
11   177.56   126.81   195.74     0.33
11   207.22    98.04   195.74     0.33
11   206.56    87.58   195.74     0.33
11   228.40   106.54   196.57     0.33
11   227.42    96.08   196.57     0.33
11   228.73   117.99   196.57     0.33
11   231.01   129.10   196.57     0.33
11   180.49    84.96   196.57     0.33
11   168.10    87.25   196.57     0.33
11   147.24    85.62   196.57     0.33
11   146.59    99.68   196.57     0.33
11   191.24   129.10   196.57     0.33
11   167.45   128.77   197.40     0.33
11   160.61    82.02   197.40     0.33
11   141.70    49.98   197.40     0.33
11   158.98    53.58   197.40     0.33
11   128.99    57.50   197.40     0.33
11   123.78    67.64   197.40     0.33
11   104.22    79.73   197.40     0.33
11   112.70    88.89   197.40     0.33
11   121.50    93.79   197.40     0.33
11   125.73   129.10   197.40     0.33
11   139.75   125.18   197.40     0.33
11   144.96   143.16   197.40     0.33
11   152.46   154.93   197.40     0.33
11   141.38   166.70   197.40     0.33
11   176.25   135.97   197.40     0.33
11   220.25   129.10   197.40     0.33
11   235.90   119.29   197.40     0.33
11   219.27   105.56   197.40     0.33
11   203.63   119.95   197.40     0.33
11   182.44   140.54   197.40     0.33
11   157.35   117.99   197.40     0.33
11   161.91   115.70   197.40     0.33
11   165.17   100.00   197.40     0.33
11   155.07    90.85   197.40     0.33
11   201.35    79.08   197.40     0.33
11   205.91    69.27   197.40     0.33
11   181.79    73.19   197.40     0.33
11   143.98    75.48   197.40     0.33
11   140.73    65.02   197.40     0.33
11   114.00    75.48   197.40     0.33
11   130.95   117.33   197.40     0.33
11   110.74   105.23   198.24     0.33
11   122.80   106.87   198.24     0.33
11   158.33   127.47   198.24     0.33
11   178.86   164.41   198.24     0.33
11   171.69   168.01   198.24     0.33
11   152.46   143.49   199.07     0.33
11   154.41   148.72   199.07     0.33
11   205.59   142.18   199.07     0.33
11   128.34   163.10   199.07     0.33
11   112.37   160.82   199.07     0.33
11   133.56   139.89   199.07     0.33
11   143.01   114.39   199.90     0.33
11   131.27    94.45   200.81     0.33
11   162.24    75.16   200.81     0.33
11   156.70    64.37   200.81     0.33
11   198.42   100.66   201.65     0.33
11   217.97    94.12   201.65     0.33
11   211.45   112.75   202.56     0.33
11   215.36   141.53   202.56     0.33
11   170.06   141.85   203.39     0.33
11   169.73   153.30   203.39     0.33
11   160.28   163.10   203.39     0.33
11   133.88    79.73   203.39     0.33
11   133.88    85.94   203.39     0.33
11   155.07   104.25   203.39     0.33
11   148.55   115.70   203.39     0.33
11   194.83    88.23   203.39     0.33
11   188.64    65.67   203.39     0.33
11   170.71    73.52   203.39     0.33
11   177.23    63.71   203.39     0.33
11   120.19    81.69   203.39     0.33
11   110.09   114.06   204.22     0.33
11   121.50   145.78   204.22     0.33
11    95.75   134.66   204.22     0.33
11   112.37   128.77   204.22     0.33
11    95.75   112.75   204.22     0.33
11   148.22   132.37   204.22     0.33
11   183.75    96.08   204.22     0.33
11   192.87    78.75   204.22     0.33
11   168.10    64.04   204.22     0.33
11   134.21   104.58   204.22     0.33
11   136.49   155.26   204.22     0.33
11   105.20   148.06   204.22     0.33
11    94.77    98.37   205.06     0.33
11    87.92   121.91   205.06     0.33
11    99.01   122.89   205.06     0.33
11    83.69   109.48   205.06     0.33
11    76.52   123.22   205.06     0.33
11    87.60   135.64   205.06     0.33
11   121.82   153.30   205.06     0.33
11   160.93   139.89   205.06     0.33
11   191.90   109.81   208.92     0.33
11   180.49   118.31   208.92     0.33
11   172.99   102.29   208.92     0.33
11   179.84   109.16   208.92     0.33
11   179.19    88.56   213.46     0.33
11   176.90    80.71   213.46     0.33
11   185.38    81.69   213.46     0.33
11   166.15    84.64   211.65     0.33
11   170.06    91.83   211.65     0.33
11   149.53    83.00   211.65     0.33
11   145.61    95.10   212.48     0.33
11   143.66   105.23   212.48     0.33
11   171.69   123.54   212.33     0.33
11   168.76   112.75   212.33     0.33
11   190.59   123.54   212.33     0.33
11   195.48   131.39   212.33     0.33
11   205.26   103.60   212.33     0.33
11   199.39   112.10   212.33     0.33
11   204.93    94.12   212.33     0.33
11   224.82   117.00   212.33     0.33
11   214.71   122.24   212.33     0.33
11   208.52   137.60   212.33     0.33
11   199.39   149.05   212.33     0.33
11   191.90   150.68   212.33     0.33
11   185.70   145.45   212.33     0.33
11   182.44   152.31   212.33     0.33
11   174.30   160.49   212.33     0.33
11   168.43   127.79   214.15     0.33
11   157.02   127.47   214.15     0.33
11   176.25   136.62   214.15     0.33
11   184.73   137.60   214.15     0.33
11   185.38   128.45   214.15     0.33
11   200.37   138.91   214.15     0.33
11   202.33   124.85   214.15     0.33
11   220.25   131.72   214.15     0.33
11   220.25   104.58   214.15     0.33
11   156.37   114.39   214.15     0.33
11   162.24   103.93   214.98     0.33
11   178.86    72.54   214.98     0.33
11   138.77    71.23   214.98     0.33
11   146.27    62.73   214.98     0.33
11   139.42    63.06   214.98     0.33
11   158.65    93.14   214.98     0.33
11   143.01    81.04   214.98     0.33
11   151.16    75.16   215.81     0.33
11   139.75    93.79   215.81     0.33
11   123.13    89.54   215.81     0.33
11   112.37   102.29   215.81     0.33
11   104.87    82.35   215.81     0.33
11   122.15    69.27   215.81     0.33
11   131.93   130.08   215.81     0.33
11   124.75   124.52   216.72     0.33
11   131.27   145.12   216.72     0.33
11   147.90   145.78   216.72     0.33
11   154.74   152.97   216.72     0.33
11   143.33   162.78   216.72     0.33
11   124.10   159.83   217.63     0.33
11   112.70   159.83   217.63     0.33
11   140.73   120.93   217.63     0.33
11   187.66   104.25   218.46     0.33
11   197.11   102.62   218.46     0.33
11   168.43    72.87   218.46     0.33
11   204.28    79.08   219.30     0.33
11   214.06    93.46   219.30     0.33
11   220.90    96.41   219.30     0.33
11   209.50   114.72   219.30     0.33
11   135.18   109.81   220.21     0.33
11   129.32    91.18   220.21     0.33
11   129.97   103.27   220.21     0.33
11   133.56    80.71   220.21     0.33
11    93.47   134.66   221.04     0.33
11   106.18   144.47   221.04     0.33
11    90.21   102.29   221.04     0.33
11    99.01   113.41   221.04     0.33
11   114.98   128.77   221.04     0.33
11   170.39   140.87   221.04     0.33
11   171.36   152.31   221.04     0.33
11   163.21   151.99   221.87     0.33
11   158.65   139.89   221.87     0.33
11   144.31   131.72   221.87     0.33
11   147.57   115.37   221.87     0.33
11   151.81   101.31   221.87     0.33
11   156.70    65.35   221.87     0.33
11   194.18    82.68   221.87     0.33
11   187.33    94.12   221.87     0.33
11   108.46   119.95   222.71     0.33
11   111.72    91.83   223.54     0.33
11   113.02    79.41   223.54     0.33
11    85.97   122.89   223.54     0.33
11    88.25   110.79   223.54     0.33
11   111.39   110.47   223.54     0.33
11   159.30    80.39   223.54     0.33
11   165.50    85.94   227.93     0.33
11   167.78   102.62   228.76     0.33
11   176.90   119.62   228.76     0.33
11   170.06   114.06   228.76     0.33
11   196.79   109.48   228.76     0.33
11   195.81   119.95   228.76     0.33
11   194.83   132.04   228.76     0.33
11   177.88    90.85   228.76     0.33
11   200.04    98.70   228.76     0.33
11   206.56   101.31   228.76     0.33
11   203.30   105.89   228.76     0.33
11   206.24    91.18   228.76     0.33
11   177.56    83.66   228.76     0.33
11   184.73   115.70   228.76     0.33
11   143.33   103.93   228.76     0.33
11   150.50    88.23   228.76     0.33
11   126.38    80.71   228.76     0.33
11   105.85   103.60   228.76     0.33
11    98.35   100.33   228.76     0.33
11   138.44   154.28   228.76     0.33
11   139.75   139.24   228.76     0.33
11   182.77   150.03   228.76     0.33
11   156.04   161.14   228.76     0.33
11   167.78   127.47   229.60     0.33
11   155.72   115.70   229.60     0.33
11   185.05   125.83   229.60     0.33
11   183.10   138.26   229.60     0.33
11   202.98   128.45   229.60     0.33
11   120.19   109.48   229.60     0.33
11   157.02   128.45   229.60     0.33
11   177.23   102.95   229.60     0.33
11   190.59    74.50   229.60     0.33
11    97.38   124.85   229.60     0.33
11    95.75   150.03   229.60     0.33
11   104.87   155.58   229.60     0.33
11   165.17   117.33   229.60     0.33
11   123.13   136.62   229.60     0.33
11   149.85   109.16   257.47     0.33
11   140.73   107.20   257.47     0.33
11   158.33   100.33   255.05     0.33
11   122.80   133.02   252.63     0.33
11   122.80   145.45   250.20     0.33
11   165.17   109.81   245.13     0.33
11   182.44   112.75   246.87     0.33
11   173.97   113.74   246.04     0.33
11   192.87   109.48   246.04     0.33
11   198.09   119.62   243.84     0.33
11   169.08    74.18   242.10     0.33
11   158.00    77.77   242.10     0.33
11   159.63    86.27   241.26     0.33
11   169.73    87.58   241.26     0.33
11   163.21    94.12   241.26     0.33
11   185.38    97.06   240.43     0.33
11   187.66    89.87   240.43     0.33
11   192.87    97.06   240.43     0.33
11   153.76   102.95   239.60     0.33
11   148.55   113.08   239.60     0.33
11   136.49   109.16   238.69     0.33
11   127.36    95.43   238.69     0.33
11   138.44    99.35   238.69     0.33
11   137.47    88.23   237.85     0.33
11   119.21    88.23   237.85     0.33
11   139.75    78.75   237.85     0.33
11   159.30    67.64   237.85     0.33
11   172.34    62.73   225.89     0.33
11   186.36    65.67   225.89     0.33
11   154.09    54.23   220.28     0.33
11   136.49   124.52   241.04     0.33
11   147.90   129.43   241.87     0.33
11   156.04   140.54   241.95     0.33
11   169.08   143.49   241.95     0.33
11   154.09   151.01   242.78     0.33
11   116.28   120.27   243.61     0.33
11   105.85   118.31   243.61     0.33
11   109.44   131.72   244.52     0.33
11   110.41   142.18   244.52     0.33
11    98.68   140.22   244.52     0.33
11   114.33    99.35   243.61     0.33
11   155.72   124.52   244.75     0.33
11   163.21   119.29   244.75     0.33
11   168.76   130.08   245.66     0.33
11   186.36   128.77   245.66     0.33
11   196.46   133.35   245.66     0.33
11   177.23   123.22   245.66     0.33
11   174.30    99.02   245.66     0.33
11   148.55    80.06   245.66     0.33
11   124.43   108.18   245.66     0.33
11   112.37   111.12   245.66     0.33
11   141.38   146.76   245.66     0.33
11   181.14   137.28   246.49     0.33
12   168.94   154.80    -2.35     0.33
12   152.41   163.20    13.26     0.33
12   213.50   164.25    18.10     0.33
12   115.99   134.66    29.32     0.33
12   198.78   182.38    19.69     0.33
12   186.50   178.44    19.69     0.33
12   105.99    43.51     8.71     0.33
12   153.56   160.19    24.92     0.33
12   123.83    35.05    32.35     0.33
12   203.85   154.61    49.09     0.33
12   260.13   107.46    11.44     0.33
12   155.25   155.19     4.85     0.33
12   256.00   128.30    12.88     0.33
12   217.62   174.51    31.13     0.33
12   200.42   188.84    35.53     0.33
12   185.73   182.40    35.53     0.33
12   196.52   182.82    35.53     0.33
12   183.38   187.44    20.07     0.33
12   199.23   190.86    20.07     0.33
12   191.28   188.66    20.07     0.33
12   175.72   165.90    52.49     0.33
12   153.92   167.05    38.56     0.33
12   122.14   127.46    24.09     0.33
12   247.87    72.75     1.36     0.33
12   215.41   175.94    54.46     0.33
12   189.55   186.79    47.04     0.33
12   197.63   185.38    46.06     0.33
12   179.04    29.86   105.52     0.33
12   214.58    35.53    58.02     0.33
12   118.17    33.05    59.69     0.33
12   258.26   102.98    60.75     0.33
12   177.79    30.91    72.42     0.33
12   220.07    34.26    72.49     0.33
12   196.92    28.60    72.49     0.33
12   130.99    28.45    72.49     0.33
12   118.17    33.05    72.49     0.33
12   258.88    96.07    88.55     0.33
12   189.54    24.73   100.82     0.33
12   196.85    33.51   109.38     0.33
12   212.73    31.37   113.40     0.33
12   213.52    40.17   114.23     0.33
12   236.89    68.74   118.85     0.33
12   250.64    88.31   123.55     0.33
12   245.00    99.09   130.21     0.33
12   252.44   122.60   127.71     0.33
12   105.97   155.15   131.12     0.33
12   126.30   157.04   130.14     0.33
12   119.00   148.58   130.14     0.33
12    75.70   100.76   122.03     0.33
12    75.70   100.76    88.85     0.33
12   102.94   134.69   105.90     0.33
12   115.10   161.22   122.94     0.33
12   180.30    91.35   118.25     0.33
12   155.28    49.77   133.77     0.33
12   143.46    48.42   136.96     0.33
12   153.82    40.68   140.29     0.33
12   142.15    42.27   140.29     0.33
12   239.06    72.88   144.15     0.33
12   184.67    37.75   109.08     0.33
12   241.85    76.33   132.11     0.33
12   254.07    97.63   121.81     0.33
12   254.24   132.00   127.94     0.33
12   216.00    62.63   174.00     0.33
12   225.24    70.66   174.00     0.33
12   235.10    84.55   171.95     0.33
12   246.91    98.01   168.16     0.33
12   232.91    67.64   166.88     0.33
12   240.24    76.75   169.60     0.33
12    90.93   123.53   112.64     0.33
12    83.79   111.79   126.05     0.33
12   240.70   135.33   144.00     0.33
12   232.89   141.96   148.70     0.33
12   158.55    43.70   194.00     0.33
12   150.15    51.67   194.00     0.33
12   158.65    45.66   210.13     0.33
12   164.75    49.93   211.87     0.33
12   172.63    50.82   211.87     0.33
12   212.41    81.15   212.71     0.33
12   121.83   115.36   214.52     0.33
12   122.69   100.59   214.52     0.33
12   116.28   140.21   216.49     0.33
12   106.43   132.87   216.49     0.33
12   105.63    92.64   216.49     0.33
12   163.09    55.58   227.70     0.33
12   120.92   147.82   228.84     0.33
12   148.08    93.04   244.37     0.33
12   124.76   121.43   242.32     0.33
12   132.92   115.11   255.81     0.33
12   133.34   135.71   256.64     0.33
12   141.17   116.97   246.19     0.33
12   167.73    81.86   243.91     0.33
12   183.30    55.18   225.43     0.33
12   190.70   177.56    49.16     0.33
12   123.20   129.04    49.16     0.33
12   262.58   113.57    20.76     0.33
12   261.74   123.35    19.77     0.33
12   251.96   135.61    18.86     0.33
12   258.71   126.49    45.07     0.33
12   260.67   116.35    45.98     0.33
12   262.30   106.87    45.98     0.33
