11   104.59   139.65     0.30     0.33
11   101.98   151.42     0.30     0.33
11    93.83   136.38     0.30     0.33
11    81.44   121.34     0.30     0.33
11    79.49   102.05     0.30     0.33
11    88.61    92.57     1.29     0.33
11   111.76    79.81     1.29     0.33
11   117.30   101.72     1.29     0.33
11   111.43   107.28     1.29     0.33
11   116.32   125.59     1.29     0.33
11   142.39   155.34    17.12     0.33
11   101.00   140.30    21.29     0.33
11   110.13   151.74    20.91     0.33
11   102.96   158.61    21.74     0.33
11    86.33   155.67    21.74     0.33
11    85.36   165.15    21.74     0.33
11    79.16   130.82    25.22     0.33
11    77.86   120.36    25.22     0.33
11    86.33   115.12    26.06     0.33
11    69.71   114.80    26.06     0.33
11   128.70    95.18    34.39     0.33
11    77.86    86.03    31.13     0.33
11    93.18    91.26    31.28     0.33
11    94.16    81.12    35.91     0.33
11   113.39    91.26    34.47     0.33
11   123.49    76.55    39.39     0.33
11   115.99    66.74    38.94     0.33
11   104.91    66.74    45.15     0.33
11   113.06    78.51    49.77     0.33
11   104.59    78.83    50.90     0.33
11   126.10    94.85    56.21     0.33
11   101.00    92.89    56.21     0.33
11    96.11    98.12    56.21     0.33
11    78.18    81.78    56.21     0.33
11    82.42    74.26    56.21     0.33
11    89.92    73.60    65.68     0.33
11    72.32    87.99    69.08     0.33
11    64.50   106.62    76.13     0.33
11    70.04   119.37    76.13     0.33
11    70.69   126.89    77.57     0.33
11    93.50   127.88    80.98     0.33
11    89.92   119.05    71.81     0.33
11    84.05   103.03    75.83     0.33
11   101.65    92.89    79.69     0.33
11    94.48    96.82    75.07     0.33
11   119.58    72.62    78.55     0.33
11   125.12    65.10    78.55     0.33
11   132.62    74.26    78.55     0.33
11   135.55    80.80    79.39     0.33
11   125.77    99.43    79.39     0.33
11   140.76    95.83    79.39     0.33
11   142.72   140.63    80.29     0.33
11   125.12   148.15    85.82     0.33
11   151.52   114.80    85.82     0.33
11   148.91   105.32    85.82     0.33
11   160.32   123.30    85.82     0.33
11   160.32   138.01    85.82     0.33
11   130.99   133.11    88.85     0.33
11   118.60   121.99    89.69     0.33
11   124.47   113.49    89.69     0.33
11   138.16   112.18    89.69     0.33
11   115.01    87.01    89.69     0.33
11   115.01    76.55    89.69     0.33
11   105.56    84.39    89.69     0.33
11    93.83    81.78    89.69     0.33
11   124.14    91.26    89.69     0.33
11   109.47    66.41    89.69     0.33
11    97.41    67.06    89.69     0.33
11    88.29    69.03    89.69     0.33
11    71.99    84.39    89.69     0.33
11    71.34   104.34    89.69     0.33
11    78.51   124.28    89.69     0.33
11    87.31   128.53    89.69     0.33
11    96.76   147.16    89.69     0.33
11   134.90   149.13    89.69     0.33
11   152.82   150.11    89.69     0.33
11    92.85   101.72    93.02     0.33
11    88.94   105.97    93.85     0.33
11    99.70    98.12    93.85     0.33
11   113.39    98.12    93.85     0.33
11   118.27    71.64    93.85     0.33
11   135.22    74.91    93.85     0.33
11   129.36    69.03    94.76     0.33
11   132.29    98.78    95.60     0.33
11   139.46   105.97    95.60     0.33
11   142.72    95.18    95.60     0.33
11   137.18    85.05    95.60     0.33
11   144.02   120.68    95.60     0.33
11   147.61   134.74    95.60     0.33
11   138.16   137.36    95.60     0.33
11   152.17   125.59    95.60     0.33
11   127.73   141.28    95.60     0.33
11    93.83   121.99    96.43     0.33
11   101.98   116.43    96.43     0.33
11   115.01   139.97    96.43     0.33
11    86.01   115.12    96.43     0.33
11   151.52   107.28   102.49     0.33
11   155.10   117.09   102.49     0.33
11   161.62   127.88   102.49     0.33
11   122.19   147.82   102.49     0.33
11   127.73   160.24   102.49     0.33
11    95.46   134.74   104.76     0.33
11   107.52   133.76   104.76     0.33
11    97.09   147.82   104.76     0.33
11   130.99   133.43   104.76     0.33
11   135.22   152.40   104.76     0.33
11   115.67   117.41   104.76     0.33
11   119.90   120.68   104.76     0.33
11   127.73   116.76   104.76     0.33
11   124.14   110.55   104.76     0.33
11   114.69    61.51   104.76     0.33
11   105.89    64.45   104.76     0.33
11    94.16    67.06   104.76     0.33
11    82.10    67.06   104.76     0.33
11    91.55    75.89   104.76     0.33
11    99.70    86.68   104.76     0.33
11   117.95    93.22   104.76     0.33
11   113.71    84.72   104.76     0.33
11   125.44    87.33   104.76     0.33
11   105.89    76.87   104.76     0.33
11    74.60    82.76   104.76     0.33
11    71.67    89.30   104.76     0.33
11    69.38   100.41   104.76     0.33
11    76.23   112.84   104.76     0.33
11    79.81   122.32   104.76     0.33
11    84.70   132.78   104.76     0.33
11   117.62   156.32   104.76     0.33
11   149.24   153.05   104.76     0.33
11   139.79   128.53   104.76     0.33
11   135.55   117.41   104.76     0.33
11   128.05   126.24   104.76     0.33
11   117.62   129.51   104.76     0.33
11   107.19   121.99   104.76     0.33
11   122.84   101.39   104.76     0.33
11   111.43   109.24   106.13     0.33
11   105.56   101.39   106.13     0.33
11   106.87    91.91   107.34     0.33
11    89.59    94.85   107.34     0.33
11    85.68   106.95   109.23     0.33
11    95.13   104.99   109.23     0.33
11    99.04    97.80   109.23     0.33
11    84.70    86.03   109.23     0.33
11    79.81    95.18   109.23     0.33
11    79.49   103.03   109.23     0.33
11   114.36    71.97   109.23     0.33
11   130.01    79.49   109.23     0.33
11   157.06   139.32   109.23     0.33
11   149.89   145.20   109.23     0.33
11   108.82   150.76   109.23     0.33
11   103.93   139.32   109.23     0.33
11   108.17   163.19   109.23     0.33
11    76.23   135.07   109.23     0.33
11   140.44    85.70   111.50     0.33
11   143.70    96.49   111.50     0.33
11   130.99    99.10   111.50     0.33
11   135.87   108.26   111.50     0.33
11   149.89   127.22   111.50     0.33
11   143.37   120.68   111.50     0.33
11   130.66   140.30   111.50     0.33
11   124.79   135.39   111.50     0.33
11   122.51   141.28   111.50     0.33
11   125.44   144.88   111.50     0.33
11   114.36   144.55   111.50     0.33
11   100.67   116.76   111.50     0.33
11    95.13   122.64   111.50     0.33
11    86.98   113.82   111.50     0.33
11    98.39    80.80   111.50     0.33
11   132.62    72.29   111.50     0.33
11   132.94    89.62   111.50     0.33
11   122.84    76.87   111.50     0.33
11   126.10   159.59   117.94     0.33
11   151.52   118.72   117.94     0.33
11   145.33   108.91   117.94     0.33
11   113.39   100.74   117.94     0.33
11   114.69   117.41   121.50     0.33
11   118.93   120.68   121.50     0.33
11   128.38   118.07   121.50     0.33
11   127.07   109.57   121.50     0.33
11   117.62    91.26   121.50     0.33
11   107.84    76.22   121.50     0.33
11   103.28    69.03   121.50     0.33
11    87.64    77.85   121.50     0.33
11    99.37    86.68   121.50     0.33
11    69.06    91.26   121.50     0.33
11    74.93    84.06   121.50     0.33
11   113.71    63.47   121.50     0.33
11    93.18    67.39   121.50     0.33
11    82.75    67.39   121.50     0.33
11    79.81   111.20   121.50     0.33
11    71.99   110.87   121.50     0.33
11    68.41   101.07   121.50     0.33
11    73.30   101.07   121.50     0.33
11    74.93   121.66   121.50     0.33
11    86.66   120.36   121.50     0.33
11    84.70   130.49   121.50     0.33
11   131.64   155.01   121.50     0.33
11   134.57   127.88   121.50     0.33
11   141.42   136.70   121.50     0.33
11   108.50   131.14   121.50     0.33
11    96.11   147.82   121.50     0.33
11    95.79   138.01   121.50     0.33
11   109.15   110.55   121.50     0.33
11   107.52   123.30   121.50     0.33
11    98.07   130.16   121.50     0.33
11   117.30   127.88   121.50     0.33
11   140.76   151.74   121.50     0.33
11   115.99   157.30   121.50     0.33
11   127.07   138.34   126.73     0.33
11   119.58   142.26   126.73     0.33
11   128.05   147.49   126.73     0.33
11   145.33   130.16   126.73     0.33
11   154.78   128.86   126.73     0.33
11   101.33   120.68   126.73     0.33
11   100.67   104.99   126.73     0.33
11    91.55   110.55   126.73     0.33
11    87.96    96.49   126.73     0.33
11    99.70    96.82   126.73     0.33
11    89.27    87.01   126.73     0.33
11    77.21    92.57   126.73     0.33
11    78.51    78.51   126.73     0.33
11    97.41    80.14   126.73     0.33
11   116.64    71.97   126.73     0.33
11   122.19    77.85   126.73     0.33
11   131.31    82.43   126.73     0.33
11   136.20    87.99   126.73     0.33
11   139.13    95.83   126.73     0.33
11   135.87   107.28   126.73     0.33
11   139.79   114.80   126.73     0.33
11   143.04   122.97   126.73     0.33
11   124.79   129.84   126.73     0.33
11   111.10   138.66   126.73     0.33
11   111.43   147.16   126.73     0.33
11   119.25   150.76   126.73     0.33
11   148.91   144.22   126.73     0.33
11   153.15   137.68   126.73     0.33
11   130.33    97.47   126.73     0.33
11   127.07    91.26   126.73     0.33
11   121.53    99.43   126.73     0.33
11   117.62   106.95   126.73     0.33
11   108.17    93.87   126.73     0.33
11   107.52    86.35   126.73     0.33
11    93.83   103.03   126.73     0.33
11    81.12   103.03   126.73     0.33
11   148.59   112.51   136.50     0.33
11   140.76   106.30   136.50     0.33
11   125.77   113.49   137.33     0.33
11   127.73   103.68   138.32     0.33
11   116.32   116.76   138.32     0.33
11   134.90   125.91   140.90     0.33
11   137.50   137.68   140.97     0.33
11    97.09   139.32   140.82     0.33
11    85.68   129.18   140.82     0.33
11    92.85   118.39   140.82     0.33
11   102.96   126.24   140.82     0.33
11   113.71   125.91   140.82     0.33
11   131.64   118.07   140.82     0.33
11   116.64    90.60   140.82     0.33
11    82.10   111.86   140.82     0.33
11    99.37   117.41   143.17     0.33
11    91.87   108.91   143.17     0.33
11    86.66    96.82   143.17     0.33
11    98.07    91.91   143.17     0.33
11   101.00   100.41   143.17     0.33
11   128.05    90.93   143.17     0.33
11   119.90   102.70   143.17     0.33
11   135.55   113.49   143.17     0.33
11   140.11   119.37   143.17     0.33
11   144.67   129.18   143.17     0.33
11   152.82   123.62   143.17     0.33
11   120.23   140.63   144.53     0.33
11   128.38   131.80   146.50     0.33
11   122.84   124.61   146.50     0.33
11   107.19   134.41   146.50     0.33
11    79.16   121.01   146.50     0.33
11    86.01   140.95   147.79     0.33
11   105.56   110.22   150.52     0.33
11   115.99   113.16   154.98     0.33
11   123.16   112.84   154.98     0.33
11   129.03   103.68   154.98     0.33
11    88.61   127.22   155.97     0.33
11    92.20   133.43   155.97     0.33
11   115.34   127.88   155.97     0.33
11   133.92   125.91   155.97     0.33
11   110.78    99.10   155.97     0.33
11   109.47   120.68   155.97     0.33
11   128.05   118.39   155.97     0.33
11    86.66   115.78   155.97     0.33
11    74.93   110.22   155.97     0.33
11    78.51   103.03   155.97     0.33
11   116.97    88.97   155.97     0.33
11    93.18   119.05   161.50     0.33
11    91.55   109.89   161.50     0.33
11   100.02   100.41   161.50     0.33
11    86.01   103.03   161.50     0.33
11    87.31    91.91   161.50     0.33
11   129.68    95.51   161.50     0.33
11   133.59   115.45   161.50     0.33
11   118.27   101.72   161.50     0.33
11   115.34   138.99   161.50     0.33
11    97.09   142.59   161.50     0.33
11    71.34   126.57   161.50     0.33
11    96.76    90.60   162.64     0.33
11   108.50    85.37   162.64     0.33
11    76.88   121.34   166.04     0.33
11    85.36   140.95   167.03     0.33
11   102.96   134.09   169.68     0.33
11    90.57   151.09   171.65     0.33
11    73.30   146.51   171.65     0.33
11    89.59   126.89   172.48     0.33
11   111.76   131.14   172.48     0.33
11   127.07   126.24   172.48     0.33
11   117.62   113.82   172.48     0.33
11    74.60   108.26   172.48     0.33
11    72.64    98.12   172.48     0.33
11   118.93    94.20   172.48     0.33
11   109.15   108.59   172.48     0.33
11   130.99   104.99   172.48     0.33
11    82.42    78.51    95.90     0.33
11    89.27    91.26    92.26     0.33
11    82.42    98.45    91.43     0.33
11   114.36   172.34    89.54     0.33
11   134.57   121.99    89.54     0.33
11   108.50   126.57    89.54     0.33
11   113.39   108.59    88.70     0.33
11   103.28   109.24    88.70     0.33
11   105.24   135.07    88.70     0.33
11    96.76   137.03    88.70     0.33
11   107.52   149.78    88.70     0.33
11   123.16    83.41    88.70     0.33
11    80.79    87.66    87.79     0.33
11    72.32    93.87    87.79     0.33
11   100.67    75.89    87.79     0.33
11   121.86   131.14    85.52     0.33
11   115.01   160.90    85.52     0.33
11   132.29   162.20    85.52     0.33
11    87.96   143.57    84.69     0.33
11    82.10   136.70    84.69     0.33
11    95.13   110.87    78.93     0.33
11    95.46   117.41    78.93     0.33
11    81.77   113.49    78.93     0.33
11    84.38    81.12    78.93     0.33
11    79.49    77.20    78.93     0.33
11   136.53   103.35    78.93     0.33
11   144.35   123.95    78.93     0.33
11   148.26   130.82    78.93     0.33
11   116.97   139.65    78.93     0.33
11   106.87   118.07    78.93     0.33
11   133.59    90.28    78.93     0.33
11   123.16   156.65    78.93     0.33
11    96.11   155.67    78.93     0.33
11    71.99   111.86    77.87     0.33
11   109.47   100.41    77.87     0.33
11   124.79   107.28    77.87     0.33
11    87.96   106.62    77.87     0.33
11    81.77    94.53    74.92     0.33
11   113.39    94.85    74.77     0.33
11    91.55    88.64    73.93     0.33
11   106.54    85.70    73.93     0.33
11   106.87    66.08    73.10     0.33
11   118.93    83.41    73.10     0.33
11   124.47    92.89    73.10     0.33
11   130.01   117.74    73.10     0.33
11   118.27   119.37    73.10     0.33
11   113.71   110.55    73.10     0.33
11   136.85   132.45    73.10     0.33
11   133.59   146.84    73.10     0.33
11   140.76   112.51    73.10     0.33
11   107.52   128.20    73.10     0.33
11   113.71   147.49    73.10     0.33
11   103.93   144.88    73.10     0.33
11   100.67   131.80    73.10     0.33
11    82.75   125.91    73.10     0.33
11    78.84   118.07    73.10     0.33
11   126.42   127.88    70.22     0.33
11   122.84   140.95    70.22     0.33
11   119.58   131.14    70.22     0.33
11   154.78   113.16    70.22     0.33
11   155.76   137.03    70.22     0.33
11   155.43   127.55    70.22     0.33
11   145.00   147.49    70.22     0.33
11   113.06   159.59    70.22     0.33
11    94.48   137.03    70.22     0.33
11   102.30   105.97    70.22     0.33
11   124.47    72.29    62.72     0.33
11   131.31    83.74    62.72     0.33
11   137.83    96.82    62.72     0.33
11   135.22   104.34    62.72     0.33
11   122.51   102.37    62.72     0.33
11   146.30   131.47    62.72     0.33
11   142.07   140.63    62.72     0.33
11    98.39   117.09    62.72     0.33
11    91.87   108.91    62.72     0.33
11    75.90   106.62    62.72     0.33
11    70.04    96.82    62.72     0.33
11    95.46    80.47    62.72     0.33
11    86.33    83.74    62.72     0.33
11   136.85   125.26    62.72     0.33
11   125.12   152.07    62.72     0.33
11   147.61   104.99    62.72     0.33
11   106.21   117.74    62.72     0.33
11    94.16   148.15    62.72     0.33
11    86.33   142.59    62.72     0.33
11   113.39    99.43    59.16     0.33
11    85.36    99.76    59.16     0.33
11    71.99   122.32    59.16     0.33
11    66.13   107.93    59.16     0.33
11   117.62    65.43    59.16     0.33
11   146.30   119.05    59.16     0.33
11   117.95    87.01    56.96     0.33
11   114.69   114.47    56.96     0.33
11   126.10   114.14    56.96     0.33
11    85.68   114.47    56.96     0.33
11    98.07   128.53    56.96     0.33
11   112.73   143.57    56.96     0.33
11   106.87   133.43    56.96     0.33
11   133.92   145.20    56.96     0.33
11   132.29   136.05    56.96     0.33
11   137.83   112.51    56.96     0.33
11   142.72    85.37    56.96     0.33
11    90.90    90.60    56.96     0.33
11    78.84    93.55    56.96     0.33
11    94.16    68.04    56.96     0.33
11    85.68   124.28    55.75     0.33
11    93.18   134.09    53.93     0.33
11   102.63   140.63    53.93     0.33
11   107.84   152.40    53.93     0.33
11   122.19   137.36    53.93     0.33
11   125.12   127.22    53.93     0.33
11   115.99   121.99    53.93     0.33
11   103.93   120.68    45.30     0.33
11    94.81   114.80    45.30     0.33
11   104.26   109.89    45.30     0.33
11    77.21   105.32    45.30     0.33
11    72.97   113.49    45.30     0.33
11    69.06    98.78    45.30     0.33
11    69.06    88.97    45.30     0.33
11   103.28   101.39    45.30     0.33
11   117.95   106.62    45.30     0.33
11   129.36   104.66    45.30     0.33
11   129.36    87.33    45.30     0.33
11   131.96    75.89    45.30     0.33
11   136.53    94.85    45.30     0.33
11   145.98   104.99    45.30     0.33
11   154.45   113.16    45.30     0.33
11   132.94   123.95    45.30     0.33
11   139.13   134.41    45.30     0.33
11   141.42   142.59    45.30     0.33
11   140.76   151.74    45.30     0.33
11   131.64   166.13    45.30     0.33
11    83.73   167.11    45.30     0.33
11    80.79   156.65    45.30     0.33
11    75.58   122.64    40.00     0.33
11   140.44   118.72    40.00     0.33
11   148.26   135.72    40.00     0.33
11   144.35   156.97    40.00     0.33
11    88.29    73.60    38.94     0.33
11   127.40   113.82    38.94     0.33
11   119.25    97.14    38.94     0.33
11    89.59   101.39    38.94     0.33
11   110.45   130.16    38.94     0.33
11   119.25   146.18    38.94     0.33
11   130.66   151.09    38.94     0.33
11   154.45   145.53    38.10     0.33
11   126.10   134.74    38.10     0.33
11   113.39   117.74    38.10     0.33
11   106.87   142.91    38.10     0.33
11    96.44   144.22    38.10     0.33
11    89.27   138.99    38.10     0.33
11    91.22   126.89    38.10     0.33
11    81.44    93.87    38.10     0.33
11   106.21   106.62    26.29     0.33
11   101.98    88.64    26.29     0.33
11   104.59    76.55    26.29     0.33
11   120.88    83.08    25.45     0.33
11   138.81    87.99    24.09     0.33
11   139.46   107.93    24.09     0.33
11   147.28   124.61    24.09     0.33
11   137.83   138.99    24.09     0.33
11   132.94   124.93    24.09     0.33
11    97.74   122.97    24.09     0.33
11    96.76   108.91    24.09     0.33
11    76.56   101.39    24.09     0.33
11   120.23   105.97    23.26     0.33
11   129.03   151.42    23.26     0.33
11   112.08   127.88    23.26     0.33
11   121.86   119.70    22.04     0.33
11   149.56   143.24    22.04     0.33
11   116.97    70.66    22.04     0.33
11    86.98   102.37    21.21     0.33
11   103.61   101.07    20.07     0.33
11    92.20    79.49    19.01     0.33
11   127.73    99.43    16.97     0.33
11   116.64    93.87    16.97     0.33
11   129.03    73.60    16.97     0.33
11   149.56   105.64    16.97     0.33
11   120.88   135.07    16.97     0.33
11    89.59   142.26    16.97     0.33
11    89.27   127.55    16.13     0.33
11    67.76   126.57    16.13     0.33
11    79.49    89.95    15.15     0.33
11   108.17   119.37    13.33     0.33
11   140.44   119.05    13.33     0.33
11   126.75   143.57    13.33     0.33
11   117.62   145.86    13.33     0.33
11   125.12   157.30    13.33     0.33
11   128.38   113.49     9.77     0.33
11    99.37    91.91     9.77     0.33
11   126.10    86.68     9.77     0.33
11    87.96   112.18     9.77     0.33
11    98.72   113.82     7.04     0.33
11   102.96   128.53     7.04     0.33
11   131.31   128.20     7.04     0.33
11   136.85   142.91     7.04     0.33
11   143.04   127.88     7.04     0.33
11   141.09    99.76     7.04     0.33
11    91.87   102.70     5.30     0.33
11   113.71    91.91     1.14     0.33
11   104.26   100.41     1.14     0.33
11   129.03   103.03     1.14     0.33
11   117.95   132.78     1.14     0.33
11    95.46    83.74     1.14     0.33
11    66.13   110.22   154.23     0.33
11    66.13   119.70   154.23     0.33
11    75.90   141.28   154.23     0.33
11    66.78   145.86   154.23     0.33
11    60.91   133.76   154.23     0.33
11    86.98   148.80   147.33     0.33
11   111.43   149.13   146.27     0.33
11    97.41   151.42   145.21     0.33
11   128.70   145.53   143.47     0.33
11    64.50    95.18   140.21     0.33
11    99.37    73.93   140.21     0.33
11   112.41    82.43   140.21     0.33
11    71.99   133.11   140.21     0.33
11    73.30   112.18   140.21     0.33
11    75.58    89.62   152.86     0.33
11    96.11    82.76   152.86     0.33
12    72.03   124.57     0.00     0.33
12    73.01   131.43     0.00     0.33
12    75.62   135.35     0.00     0.33
12    86.05   139.61     0.00     0.33
12    71.38   111.81     0.00     0.33
12   111.79   153.01     0.00     0.33
12    93.87   153.66     0.00     0.33
12    82.79   154.32     0.00     0.33
12    62.25   113.45    36.97     0.33
12    84.42   146.47    44.77     0.33
12    96.48   155.63    44.77     0.33
12   119.62   160.53    44.77     0.33
12    80.50   133.07    51.89     0.33
12   105.60   170.66    51.89     0.33
12   113.42   170.66    52.87     0.33
12   103.97   164.45    56.74     0.33
12    84.74   157.91    61.36     0.33
12    75.94   134.37    90.29     0.33
12    99.73   155.63    99.16     0.33
12   120.27   162.49   101.05     0.33
12    86.37   145.49   102.11     0.33
12    97.78   163.15   102.11     0.33
12    68.12   112.14   102.26     0.33
12    69.42   120.97   104.99     0.33
12   137.87   142.22   118.78     0.33
12   102.67   147.12   122.71     0.33
12    87.68   143.86   124.31     0.33
12    71.05   136.01   167.63     0.33
12    81.16   132.41   170.82     0.33
12   102.67   115.41   165.51     0.33
12   102.34   123.26   165.51     0.33
12    81.16   148.76   166.42     0.33
12   145.69   116.39   157.56     0.33
12   105.28   143.53   146.58     0.33
