11   181.79   106.83   202.03     0.33
11   193.20   118.60   202.03     0.33
11   164.52   124.15   202.03     0.33
11   152.79   119.58   202.03     0.33
11   144.96   119.90   202.03     0.33
11   183.42   132.00   202.03     0.33
11   195.16   130.69   202.03     0.33
11   183.75   140.17   202.03     0.33
11   167.45   137.89   202.03     0.33
11   194.50   142.46   202.03     0.33
11   164.52    98.00   202.03     0.33
11   156.04    94.08   202.03     0.33
11   145.29    97.35   202.03     0.33
11   141.38   105.85   202.03     0.33
11   128.01   105.85   202.03     0.33
11   203.96    97.35   202.03     0.33
11   211.78    87.54   202.03     0.33
11   208.84   104.86   199.75     0.33
11   208.52   116.96   190.59     0.33
11   214.06   123.83   189.75     0.33
11   181.47   119.58   188.62     0.33
11   181.14    99.96   188.62     0.33
11   132.90   109.77   188.01     0.33
11   130.95   118.27   188.01     0.33
11   201.67    86.88   186.80     0.33
11   205.26    92.11   186.80     0.33
11   215.36    85.90   186.80     0.33
11   225.14    89.83   183.69     0.33
11   253.50    80.67   174.68     0.33
11   208.52   139.19   189.91     0.33
11   218.95   144.42   189.91     0.33
11   204.93   151.29   189.91     0.33
11   172.67   154.89   189.91     0.33
11   172.01   147.04   189.91     0.33
11   155.07   112.71   189.91     0.33
11   165.17   117.94   189.91     0.33
11   166.80    94.08   186.27     0.33
11   147.24    94.40   186.27     0.33
11   138.44    98.98   186.27     0.33
11   195.81   116.63   186.27     0.33
11   194.50   129.71   186.27     0.33
11   194.50   139.52   186.27     0.33
11   174.62   126.44   186.27     0.33
11   163.21   126.77   186.27     0.33
11   170.71   137.89   186.27     0.33
11   162.24   137.89   186.27     0.33
11   180.81   132.65   186.27     0.33
11   186.68   143.44   186.27     0.33
11   211.13   132.65   186.27     0.33
11   218.30   115.65   186.27     0.33
11   225.47   110.75   186.27     0.33
11   235.25   105.85   186.27     0.33
11   248.61   109.12   186.27     0.33
11   244.37   121.54   186.27     0.33
11   230.68    96.36   186.27     0.33
11   241.44    89.50   186.27     0.33
11   259.69    98.00   186.27     0.33
11   197.11    57.46   186.27     0.33
11   191.24    97.02   186.27     0.33
11   171.69   111.40   186.27     0.33
11   147.24   116.96   186.27     0.33
11   118.56   101.92   184.22     0.33
11   115.30   132.33   169.38     0.33
11   130.95   110.75   169.60     0.33
11   179.51   116.63   171.50     0.33
11   193.85   122.85   178.09     0.33
11   201.02   129.39   178.09     0.33
11   247.63    92.11   178.09     0.33
11   231.33    79.69   178.09     0.33
11   234.27    69.88   178.09     0.33
11   188.96    61.05   191.57     0.33
11   185.38    82.63   197.71     0.33
11   172.67    90.81   170.36     0.33
11   163.21    97.02   170.36     0.33
11   168.43   113.69   170.36     0.33
11   169.41   126.44   168.32     0.33
11   165.17   136.91   168.32     0.33
11   177.23   127.75   168.32     0.33
11   216.02   123.17   173.92     0.33
11   205.59   122.85   173.92     0.33
11   199.39   137.89   173.92     0.33
11   199.39   154.23   173.92     0.33
11   206.24   149.66   173.09     0.33
11   221.23   144.75   173.09     0.33
11   223.19   149.66   173.09     0.33
11   232.96   141.48   173.09     0.33
11   242.42   101.92   173.09     0.33
11   192.87    81.00   177.18     0.33
11   183.42    74.46   167.48     0.33
11   188.96    67.59   167.48     0.33
11   202.00    57.78   167.48     0.33
11   122.80   113.04   177.03     0.33
11   113.35   118.92   177.03     0.33
11   144.64   123.50   177.03     0.33
11   142.03   115.98   177.03     0.33
11   138.77   122.85   177.03     0.33
11   213.08    98.00   177.03     0.33
11   204.93   103.23   177.03     0.33
11   151.81    79.04   183.69     0.33
11   161.91    83.94   181.42     0.33
11   144.64    75.77   181.42     0.33
11   141.70    84.27   181.42     0.33
11   182.77    82.63   181.42     0.33
11   208.19    71.19   179.22     0.33
11   223.84   135.27   179.22     0.33
11   235.25   128.40   179.22     0.33
11   231.99   118.60   179.22     0.33
11   153.76   103.56   179.22     0.33
11   179.19    59.09   179.22     0.33
11   167.78    70.21   179.22     0.33
11   209.82   108.79   179.22     0.33
11   187.33   108.46   179.22     0.33
11   186.36   126.12   179.22     0.33
11   244.37    75.77   168.32     0.33
11   263.60    87.54   168.32     0.33
11   231.33    99.96   170.59     0.33
11   231.33    92.44   170.59     0.33
11   224.16   113.04   170.59     0.33
11   247.96   122.85   170.59     0.33
11   185.05    98.65   170.59     0.33
11   159.30    90.48   170.59     0.33
11   144.31    92.77   170.59     0.33
11   144.31   101.60   170.59     0.33
11   136.16   100.29   170.59     0.33
11   127.69   120.23   170.59     0.33
11   147.90    65.30   170.59     0.33
11   158.33    63.34   170.59     0.33
11   169.73    61.38   170.59     0.33
11   214.06    84.59   170.59     0.33
11   203.63    85.25   170.59     0.33
11   198.42    88.52   170.59     0.33
11   197.11   101.27   170.59     0.33
11   203.30    47.65   170.59     0.33
11   202.98    65.63   170.59     0.33
11   257.08   103.56   163.62     0.33
11   246.65   110.75   163.62     0.33
11   258.39    96.69   163.62     0.33
11   265.88    78.06   153.17     0.33
11   255.45    83.61   153.17     0.33
11   250.89    77.73   153.17     0.33
11   264.90    89.50   153.17     0.33
11   250.24    93.75   153.17     0.33
11   227.10    87.86   154.23     0.33
11   231.99    78.71   159.91     0.33
11   232.64    67.59   159.91     0.33
11   225.14    77.73   159.91     0.33
11   240.79    58.11   159.91     0.33
11   250.24    63.67   159.91     0.33
11   249.59    71.19   159.91     0.33
11   225.14   136.25   159.91     0.33
11   215.36   138.21   159.91     0.33
11   197.76   130.69   159.91     0.33
11   214.39   129.71   159.91     0.33
11   236.87   128.40   159.91     0.33
11   244.05   132.98   159.91     0.33
11   219.60    95.38   159.91     0.33
11   207.22    94.08   159.91     0.33
11   191.57    82.31   159.91     0.33
11   192.55   117.29   155.59     0.33
11   176.90   116.96   155.59     0.33
11   197.44   139.52   154.53     0.33
11   209.82   151.29   154.53     0.33
11   225.14   151.94   152.18     0.33
11   232.96   145.08   151.35     0.33
11   192.87   155.21   151.35     0.33
11   201.02   152.60   151.35     0.33
11   215.36   119.90   157.86     0.33
11   204.28   124.81   157.86     0.33
11   138.44   139.52   157.86     0.33
11   144.31   130.04   157.86     0.33
11   148.22   122.52   157.86     0.33
11   135.84   124.15   157.86     0.33
11   140.07   110.75   157.86     0.33
11   158.33   110.75   157.86     0.33
11   151.16    91.13   157.86     0.33
11   162.24    82.63   157.86     0.33
11   166.47    73.81   157.86     0.33
11   192.87    52.55   157.86     0.33
11   221.23    54.19   157.86     0.33
11   146.92    80.02   157.86     0.33
11   152.46    73.48   157.86     0.33
11   139.10    85.58   157.86     0.33
11   138.12    74.13   157.86     0.33
11   130.30    88.19   157.86     0.33
11   131.27    97.02   157.86     0.33
11   120.19   107.81   154.61     0.33
11   135.84   103.23   154.61     0.33
11   141.38    93.42   154.61     0.33
11   164.84    98.98   153.32     0.33
11   159.63    89.50   153.32     0.33
11   172.67    88.52   153.32     0.33
11   185.70    96.04   153.32     0.33
11   171.36    61.38   148.55     0.33
11   204.93    75.77   148.55     0.33
11   200.70    62.36   148.55     0.33
11   207.54    66.29   148.55     0.33
11   195.16    73.81   148.55     0.33
11   253.50   102.58   148.55     0.33
11   246.33   113.69   148.55     0.33
11   248.28   124.48   148.55     0.33
11   255.78   125.79   148.55     0.33
11   256.76   116.63   148.55     0.33
11   271.10   107.15   140.21     0.33
11   182.44   123.83   150.89     0.33
11   166.15   138.21   150.89     0.33
11   194.18   101.92   150.89     0.33
11   184.73   102.90   150.89     0.33
11   234.27    97.67   154.15     0.33
11   226.45   115.00   154.15     0.33
11   235.57   104.21   154.15     0.33
11   219.93    62.36   143.62     0.33
11   250.24    53.21   145.36     0.33
11   259.36    64.32   145.14     0.33
11   213.08    49.61   144.23     0.33
11   203.96    50.92   144.23     0.33
11   199.39    44.38   142.94     0.33
11   233.94    66.94   143.17     0.33
11   226.12    77.40   143.17     0.33
11   218.62    94.40   143.17     0.33
11   246.65    69.23   143.17     0.33
11   249.91    61.05   143.17     0.33
11   217.32   132.00   142.11     0.33
11   246.00   136.58   142.11     0.33
11   228.73   136.25   142.11     0.33
11   243.39   129.06   142.11     0.33
11   202.65   131.67   144.30     0.33
11   195.48    90.48   144.15     0.33
11   170.71   125.79   145.21     0.33
11   165.82   108.13   145.21     0.33
11   131.27   107.81   145.21     0.33
11   130.62   120.23   145.21     0.33
11   127.36   130.04   145.21     0.33
11   128.01   140.17   145.21     0.33
11   129.32   156.85   144.99     0.33
11   141.38   161.10   144.99     0.33
11   154.09   104.54   149.91     0.33
11   148.87   113.69   149.91     0.33
11   175.93   106.17   149.91     0.33
11   222.21   107.15   149.91     0.33
11   117.26   121.87   147.26     0.33
11   108.13   115.65   147.26     0.33
11   103.24   118.27   147.26     0.33
11   107.48   124.15   147.26     0.33
11   108.13   133.64   147.26     0.33
11   117.58   135.60   147.26     0.33
11   112.37   139.85   147.26     0.33
11    93.79   132.00   143.62     0.33
11    87.92   123.83   143.62     0.33
11    86.30   134.94   143.62     0.33
11   177.56    97.02   145.21     0.33
11   213.73   110.42   145.21     0.33
11   212.10    84.27   151.35     0.33
11   182.12    72.17   151.35     0.33
11   189.94    62.36   151.35     0.33
11   181.79    48.63   151.35     0.33
11   146.27    65.63   151.35     0.33
11   175.27    78.71   151.35     0.33
11   182.44    84.59   151.35     0.33
11   202.98   105.85   138.47     0.33
11   201.35   118.60   138.47     0.33
11   219.93   118.27   138.47     0.33
11   236.55    79.69   142.56     0.33
11   204.93    94.73   142.56     0.33
11   184.07   133.64   142.56     0.33
11   183.75   147.69   142.56     0.33
11   175.60   148.35   142.56     0.33
11   222.21   142.79   142.56     0.33
11   156.70   150.96   143.47     0.33
11   114.65    99.96   143.47     0.33
11   237.53    52.88   143.47     0.33
11   241.76    61.71   143.47     0.33
11   144.31   103.88   143.47     0.33
11   182.12    63.34   144.76     0.33
11   172.34    51.57   144.76     0.33
11   161.26   127.10   144.76     0.33
11   137.79   138.54   141.35     0.33
11   144.31   148.68   141.35     0.33
11   117.91   148.35   141.35     0.33
11   144.64   129.06   141.35     0.33
11   136.49   128.40   141.35     0.33
11   150.18   122.19   141.35     0.33
11   132.25    89.50   141.35     0.33
11   129.97    97.02   141.35     0.33
11   144.31    81.65   141.35     0.33
11   150.83    90.48   141.35     0.33
11   158.00    78.38   141.35     0.33
11   157.67    71.52   141.35     0.33
11   191.57    52.23   141.35     0.33
11   232.31   127.42   141.35     0.33
11   140.07    71.84   141.35     0.33
11   128.01    77.73   141.35     0.33
11   243.07    88.52   141.35     0.33
11   223.51    52.55   141.35     0.33
11   177.23   157.83   141.35     0.33
11   163.21   160.12   141.35     0.33
11   187.99   114.35   137.18     0.33
11   174.95   116.63   137.18     0.33
11   168.10    92.44   137.18     0.33
11   230.36    91.79   137.18     0.33
11   236.22   104.86   136.05     0.33
11   259.36    84.59   136.05     0.33
11   264.25    90.48   136.05     0.33
11   266.21    79.36   136.05     0.33
11   256.43    76.75   136.05     0.33
11   172.67    83.94   136.05     0.33
11   185.38    77.73   136.05     0.33
11   173.32    74.13   136.05     0.33
11   174.95    67.92   136.05     0.33
11   138.44    98.98   136.05     0.33
11   143.01    91.79   136.05     0.33
11   120.52   106.83   134.99     0.33
11   163.21   140.17   134.99     0.33
11   195.81   138.54   134.99     0.33
11   192.87   151.62   134.99     0.33
11   212.10   149.66   134.99     0.33
11   233.62   145.73   134.99     0.33
11   187.66   100.29   134.99     0.33
11   214.39    80.67   134.99     0.33
11   215.69    70.21   134.99     0.33
11   184.73    87.86   134.99     0.33
11   156.04   104.54   134.08     0.33
11   161.26   112.06   134.08     0.33
11   186.68   124.15   134.08     0.33
11   174.30   104.86   134.08     0.33
11   165.17   101.27   134.08     0.33
11   147.90   111.73   134.08     0.33
11   135.51   112.38   134.08     0.33
11   224.49   103.23   134.08     0.33
11   271.42    98.00   134.08     0.33
11   247.96    81.98   134.08     0.33
11   253.82    93.42   134.08     0.33
11   263.93   110.42   134.08     0.33
11   208.52   141.48   134.08     0.33
11   228.40   115.00   134.08     0.33
11   239.16   118.92   134.08     0.33
11   116.93   113.04   134.08     0.33
11   125.41   163.06   134.08     0.33
11    99.66   146.39   134.08     0.33
11   104.55   153.91   134.08     0.33
11   183.10    47.32   134.08     0.33
11   195.16    61.38   134.08     0.33
11   217.97    54.52   134.08     0.33
11   241.11   142.14   134.08     0.33
11   198.74    73.48   130.59     0.33
11   205.59    63.67   130.59     0.33
11   205.26    77.40   130.59     0.33
11   252.52   102.58   130.59     0.33
11   250.56   126.77   130.59     0.33
11   258.71   123.50   130.59     0.33
11   116.61   134.62   130.59     0.33
11   104.87   135.27   130.59     0.33
11    99.01   122.85   130.59     0.33
11   104.22   114.02   130.59     0.33
11   109.76   122.19   130.59     0.33
11   234.59    68.25   127.26     0.33
11   247.96    53.21   127.26     0.33
11   172.01   127.10   129.08     0.33
11   194.83    93.09   129.08     0.33
11   207.22    53.86   129.08     0.33
11   209.82    45.36   129.08     0.33
11   173.97    47.00   129.08     0.33
11   172.34    57.46   128.24     0.33
11   158.00   149.33   128.24     0.33
11   138.12   167.64   128.24     0.33
11   140.40   159.79   128.24     0.33
11   139.75   152.93   128.24     0.33
11   128.67   155.87   128.24     0.33
11   137.47   144.42   128.24     0.33
11   124.76   146.39   128.24     0.33
11   124.76   132.00   128.24     0.33
11   133.23   106.17   128.24     0.33
11    88.25   134.94   128.24     0.33
11    88.58   124.81   128.24     0.33
11    93.79   131.67   128.24     0.33
11   111.39   142.14   128.24     0.33
11   203.30   131.02   128.24     0.33
11   251.54   116.96   128.24     0.33
11   219.60    63.67   128.24     0.33
11   190.27    71.84   128.24     0.33
11   211.45   118.27   128.24     0.33
11   213.73   108.46   128.24     0.33
11   241.44   108.79   128.24     0.33
11   260.99    68.25   128.24     0.33
11   230.03    55.82   128.24     0.33
11   195.16    85.25   128.24     0.33
11   211.78    87.54   128.24     0.33
11   181.79    61.38   128.24     0.33
11   146.92   101.60   128.24     0.33
11   160.28    90.15   128.24     0.33
11   122.47   121.21   128.24     0.33
11   117.58   100.61   128.24     0.33
11   123.13    96.69   128.24     0.33
11   109.44   102.90   128.24     0.33
11   140.07   127.75   124.61     0.33
11   143.01   144.10   124.61     0.33
11   146.27    83.94   124.61     0.33
11   151.81    95.38   124.61     0.33
11   133.23    92.77   124.61     0.33
11   127.36   104.21   124.61     0.33
11   158.33    71.52   124.61     0.33
11   193.20    54.84   124.61     0.33
11   222.21    50.27   124.61     0.33
11   221.23   133.64   124.61     0.33
11   230.68   140.83   124.61     0.33
11   239.16   131.35   124.61     0.33
11   245.35   134.62   124.61     0.33
11   264.58   118.92   121.05     0.33
11   262.95   131.35   121.05     0.33
11   254.80   140.50   121.05     0.33
11   219.27   125.14   121.05     0.33
11   220.90   116.31   121.05     0.33
11   213.08   128.73   121.05     0.33
11   234.27    86.56   121.05     0.33
11   229.38    92.44   121.05     0.33
11   184.07   121.21   117.11     0.33
11   181.79   107.81   117.11     0.33
11   171.69   100.29   117.11     0.33
11   183.75    98.00   117.11     0.33
11   169.41    87.86   117.11     0.33
11   147.90   112.38   117.11     0.33
11   132.90   115.00   117.11     0.33
11   160.28   139.52   117.11     0.33
11   155.07   111.40   117.11     0.33
11   159.63   103.56   117.11     0.33
11   243.72   146.39   117.11     0.33
11   231.01   148.02   117.11     0.33
11   258.06    81.98   117.11     0.33
11   273.38   110.42   117.11     0.33
11   261.32    92.77   117.11     0.33
11   251.87    74.79   117.11     0.33
11   263.93   103.88   117.11     0.33
11   266.86    85.58   117.11     0.33
11   271.42    98.65   117.11     0.33
11   251.87    63.67   117.11     0.33
11   244.05    73.48   117.11     0.33
11   246.98    88.84   117.11     0.33
11   240.46    97.35   117.11     0.33
11   228.07   109.12   117.11     0.33
11   236.55   119.90   117.11     0.33
11   229.38   126.12   117.11     0.33
11   220.90    98.65   117.11     0.33
11   216.02    76.42   117.11     0.33
11   204.61    98.00   117.11     0.33
11   191.57   115.98   117.11     0.33
11   192.22   106.50   117.11     0.33
11   201.02   109.44   117.11     0.33
11   200.04   121.87   117.11     0.33
11   180.81    82.96   117.11     0.33
11   128.67    79.36   117.11     0.33
11   119.87    90.15   117.11     0.33
11   152.46    78.38   117.11     0.33
11   183.75    52.88   117.11     0.33
11   194.50    48.30   117.11     0.33
11   196.79   132.65   117.11     0.33
11   190.92   149.66   117.11     0.33
11   223.84   158.48   117.11     0.33
11   214.06   164.70   115.44     0.33
11   249.26   127.10   115.44     0.33
11   252.52   102.25   115.44     0.33
11   202.65    66.29   115.44     0.33
11   201.35    76.09   115.44     0.33
11   175.93    68.57   115.44     0.33
11   166.15    66.29   115.44     0.33
11   167.45   114.35   115.44     0.33
11   200.04   160.45   115.44     0.33
11   188.31   164.37   115.44     0.33
11   177.56   160.77   115.44     0.33
11   183.75   131.67   115.44     0.33
11   199.07   144.42   115.44     0.33
11   215.04   138.21   115.44     0.33
11   156.70   123.17   115.44     0.33
11   110.74   122.52   114.53     0.33
11   111.72   114.02   114.53     0.33
11   101.61   114.02   114.53     0.33
11    99.01   126.12   114.53     0.33
11   107.48   134.94   114.53     0.33
11   119.54   136.25   114.53     0.33
11   140.73   109.77   114.53     0.33
11   114.65   151.62   114.53     0.33
11   126.38   166.00   114.53     0.33
11    96.73   149.00   114.53     0.33
11    96.73   140.17   113.63     0.33
11    77.82   139.85   113.63     0.33
11   167.78   126.12   113.63     0.33
11   176.58   128.40   113.63     0.33
11   191.24    94.40   113.63     0.33
11   206.56    76.42   113.63     0.33
11   204.61    54.19   113.63     0.33
11   207.22    46.34   113.63     0.33
11   213.08    52.55   113.63     0.33
11   241.44   108.13   112.79     0.33
11   250.89   116.96   112.79     0.33
11   158.00   148.02   112.79     0.33
11   154.41   154.23   112.79     0.33
11   141.38   154.23   112.79     0.33
11   138.77   161.10   112.79     0.33
11   135.84   167.31   112.79     0.33
11   126.38   153.25   112.79     0.33
11   125.08   131.35   112.79     0.33
11   114.00   105.85   112.79     0.33
11   125.41    98.00   112.79     0.33
11    91.84   131.35   112.79     0.33
11    85.64   131.35   112.79     0.33
11   174.30    54.19   106.88     0.33
11   147.24    99.63   106.88     0.33
11   155.07    95.71   106.88     0.33
11   142.03    94.08   106.88     0.33
11   136.81    81.65   106.88     0.33
11   133.56    95.06   106.88     0.33
11   159.30    73.15   106.88     0.33
11   145.29    74.13   106.88     0.33
11   132.58   106.17   106.88     0.33
11   191.90    57.46   106.88     0.33
11   197.44    71.84   106.88     0.33
11   194.50    78.38   106.88     0.33
11   210.80    59.42   106.88     0.33
11   215.04    65.96   106.88     0.33
11   221.88    48.96   106.88     0.33
11   247.30    55.50   101.73     0.33
11   231.66    87.21   103.47     0.33
11   209.17    86.23   103.47     0.33
11   220.58   120.23   103.47     0.33
11   233.62   139.52   103.47     0.33
11   251.54   133.31   103.47     0.33
11   260.02   120.23   103.47     0.33
11   260.99   130.69   103.47     0.33
11   140.40   145.41   103.47     0.33
11   180.81   145.41   103.47     0.33
11   166.47   153.58   102.34     0.33
11   147.90   166.98   101.50     0.33
11   137.47   119.58   101.50     0.33
11   165.50   139.85   101.50     0.33
11   228.40   147.69   101.50     0.33
11   243.07   148.02   101.50     0.33
11   184.40   122.85   101.50     0.33
11   183.42   113.04   101.50     0.33
11   171.04   102.90   101.50     0.33
11   173.32    87.54   101.50     0.33
11   165.17    88.52   101.50     0.33
11   158.98   111.08   101.50     0.33
11   117.58   119.25   101.50     0.33
11   218.62    77.40   101.50     0.33
11   259.36    83.29   101.50     0.33
11   158.00   133.31   101.50     0.33
11   147.57   138.54   101.50     0.33
11   181.47   101.60   101.50     0.33
11   203.63   128.73   101.50     0.33
11   213.41   155.54   101.50     0.33
11   223.51   163.39   101.50     0.33
11   232.96   155.54   101.50     0.33
11   241.44   131.35   101.50     0.33
11   238.83   120.23   101.50     0.33
11   226.45   129.39   101.50     0.33
11   260.99   106.83   101.50     0.33
11   266.86   116.96   101.50     0.33
11   269.47    99.96   101.50     0.33
11   272.73    82.63   101.50     0.33
11   260.34    73.15   101.50     0.33
11   247.96    73.48   101.50     0.33
11   246.98    89.50   101.50     0.33
11   228.73    65.30   101.50     0.33
11   235.57    73.81   101.50     0.33
11   233.62    99.63   101.50     0.33
11   225.47   110.42   101.50     0.33
11   215.04    93.09   101.50     0.33
11   214.39   102.58   101.50     0.33
11   202.00    96.04   101.50     0.33
11   193.20   107.81   101.50     0.33
11   201.35   117.94   101.50     0.33
11   204.93   109.44   101.50     0.33
11   189.29   152.93   101.50     0.33
11   191.90   135.27   101.50     0.33
11   180.49    79.69   101.50     0.33
11   155.39    83.61   101.50     0.33
11   187.01    67.59   101.50     0.33
11   144.31   126.77   101.50     0.33
11   134.86   134.29   101.50     0.33
11   126.06   117.29   101.50     0.33
11   127.69   142.46   101.50     0.33
11   114.65    95.71   101.50     0.33
11   128.01    86.23   101.50     0.33
11   243.07    65.96   101.50     0.33
11   261.97    63.02   101.50     0.33
11   201.02   178.43   101.50     0.33
11   202.65   170.25   101.50     0.33
11   160.61   166.66   101.50     0.33
11   171.69   173.85   101.50     0.33
11   187.99   175.48   101.50     0.33
11   152.79   176.14   101.50     0.33
11   250.56   142.46   101.50     0.33
11   139.42   112.06    98.55     0.33
11   109.11   137.89    98.55     0.33
11    94.44   143.12    98.55     0.33
11    77.17   138.87    98.55     0.33
11    98.68   124.48    98.55     0.33
11   104.55   122.85    98.55     0.33
11   177.88   128.73    98.55     0.33
11   206.89    76.75    98.55     0.33
11   180.16    91.46    98.55     0.33
11   167.45    97.02    98.55     0.33
11   171.04   111.73    98.55     0.33
11   206.56    52.88    98.55     0.33
11   205.26    67.27    98.55     0.33
11   250.24   100.94    98.55     0.33
11   193.20   143.12    98.55     0.33
11   198.09   157.83    98.55     0.33
11   173.32   156.52    98.55     0.33
11   214.39   167.31    98.55     0.33
11   222.21   150.31    98.55     0.33
11   122.47   132.98    97.72     0.33
11   130.62   154.89    97.72     0.33
11   128.34   165.02    97.72     0.33
11   137.79   169.60    97.72     0.33
11   140.73   156.19    97.72     0.33
11   157.35   149.66    97.72     0.33
11   127.04    98.98    95.82     0.33
11   115.30   108.13    95.82     0.33
11    86.62   126.44    95.82     0.33
11   117.91   153.25    95.82     0.33
11   150.18   109.12    95.82     0.33
11   163.54   124.15    95.82     0.33
11   170.06    72.82    95.82     0.33
11   214.71   136.58    95.82     0.33
11   241.11   109.44    95.82     0.33
11   249.26   118.27    95.82     0.33
11   191.57    96.69    95.82     0.33
11   153.44   122.52    95.82     0.33
11   103.24   113.69    95.82     0.33
11   188.64   165.35    95.82     0.33
11   165.82    64.65    95.82     0.33
11   235.90    55.82    95.82     0.33
11   185.38   124.48    86.13     0.33
11   183.42   114.02    86.13     0.33
11   181.14   104.21    86.13     0.33
11   163.21   112.38    86.13     0.33
11   168.10   135.92    86.13     0.33
11   156.70   131.67    86.13     0.33
11   149.85   137.56    86.13     0.33
11   172.99    87.21    86.13     0.33
11   163.87    89.17    86.13     0.33
11   148.22    98.00    86.13     0.33
11   152.79    76.75    86.13     0.33
11   164.19    73.15    86.13     0.33
11   135.51    85.90    86.13     0.33
11   133.56   104.21    86.13     0.33
11   219.93    73.81    86.13     0.33
11   213.73    62.69    86.13     0.33
11   230.03    84.92    86.13     0.33
11   255.78    85.25    86.13     0.33
11   258.71    74.46    86.13     0.33
11   262.30   104.21    86.13     0.33
11   222.53   115.98    86.13     0.33
11   206.56   127.75    86.13     0.33
11   241.76   134.29    86.13     0.33
11   245.68   143.77    86.13     0.33
11   231.33   142.79    86.13     0.33
11   259.69   136.58    86.13     0.33
11   238.50   155.87    86.13     0.33
11   219.60   159.79    86.13     0.33
11   224.82   165.35    86.13     0.33
11   205.91   170.25    86.13     0.33
11   201.02   174.83    86.13     0.33
11   210.47   151.29    86.13     0.33
11   173.64   156.19    82.57     0.33
11   152.13   148.68    82.57     0.33
11   138.44   152.27    82.57     0.33
11   138.77   169.93    82.57     0.33
11   202.65    77.40    82.57     0.33
11   192.55    86.56    82.57     0.33
11   195.81    58.44    82.57     0.33
11   206.56    57.46    82.57     0.33
11   118.56   115.33    86.96     0.33
11   137.79    95.38    86.96     0.33
11   194.83    72.82    86.96     0.33
11   179.51   145.08    86.96     0.33
11   250.56   131.35    86.96     0.33
11   261.32   125.79    86.96     0.33
11   213.41   119.58    86.96     0.33
11   106.50   149.00    86.96     0.33
11   146.92    87.21    86.96     0.33
11   206.56    86.88    86.96     0.33
11   177.23    61.38    86.96     0.33
11   223.51    55.82    86.96     0.33
11    97.70   134.29    86.96     0.33
11   120.19   124.81    84.31     0.33
11   136.16   136.58    84.31     0.33
11   128.01   145.73    84.31     0.33
11   223.84   104.21    84.31     0.33
11   234.92    91.13    84.31     0.33
11   248.93    69.55    84.31     0.33
11   260.02   117.29    84.31     0.33
11   254.15   110.10    84.31     0.33
11   226.12    64.32    84.31     0.33
11   216.99    88.19    84.31     0.33
11   213.08   105.19    84.31     0.33
11   202.98    97.67    84.31     0.33
11   197.44   117.94    84.31     0.33
11   197.76   108.79    84.31     0.33
11   235.57   124.48    84.31     0.33
11   235.25   113.69    84.31     0.33
11   239.81    79.36    84.31     0.33
11   272.40    91.79    84.31     0.33
11   222.86   132.33    84.31     0.33
11   203.63   140.83    84.31     0.33
11   193.20   132.00    84.31     0.33
11   186.36   177.12    84.31     0.33
11   169.73   169.60    84.31     0.33
11   154.41   163.39    84.31     0.33
11   150.50   176.14    84.31     0.33
11   177.56   186.93    84.31     0.33
11   164.84   188.24    84.31     0.33
11   240.79    99.31    76.51     0.33
11   231.99   101.92    76.51     0.33
11   251.54    99.63    76.51     0.33
11   185.05    81.00    76.51     0.33
11   177.56    95.38    76.51     0.33
11   164.19   103.23    76.51     0.33
11   138.12   111.73    76.51     0.33
11   154.09   122.19    76.51     0.33
11   168.43   123.83    76.51     0.33
11   111.07   136.58    76.51     0.33
11    97.05   141.48    76.51     0.33
11   100.31   120.23    76.51     0.33
11    75.54   142.46    76.51     0.33
11    75.21   133.96    76.51     0.33
11    86.95   124.48    76.51     0.33
11    88.90   141.48    76.51     0.33
11   100.64   162.73    76.51     0.33
11    75.87   167.31    76.51     0.33
11   130.30   162.73    76.51     0.33
11   149.20   112.71    76.51     0.33
11   153.44   102.25    76.51     0.33
11   118.56   103.88    76.51     0.33
11   128.01   116.96    76.51     0.33
11   133.88   125.79    76.51     0.33
11   175.60    75.77    76.51     0.33
11   189.29    97.67    76.51     0.33
11   212.10    70.21    76.51     0.33
11   264.90    91.79    76.51     0.33
11   271.75   119.25    76.51     0.33
11   245.68   120.89    76.51     0.33
11   241.76   109.77    76.51     0.33
11   218.95   148.35    76.51     0.33
11   215.36   135.92    76.51     0.33
11   201.35   163.06    76.51     0.33
11   197.76   155.21    76.51     0.33
11   192.22   149.00    76.51     0.33
11   188.96   166.98    76.51     0.33
11   185.70   157.50    76.51     0.33
11   174.62   177.45    76.51     0.33
11   160.93   179.08    76.51     0.33
11   124.76   135.27    76.51     0.33
11   120.52   156.52    76.51     0.33
11   116.61   148.68    76.51     0.33
11   119.21   175.81    76.51     0.33
11    89.55   159.46    76.51     0.33
11   250.56    92.11    76.51     0.33
11   165.50    86.56    70.60     0.33
11   152.79    93.75    70.60     0.33
11   134.21   101.60    70.60     0.33
11   157.02    81.00    70.60     0.33
11   142.36   102.90    70.60     0.33
11   177.88   105.52    70.60     0.33
11   174.95   115.33    70.60     0.33
11   219.93   116.31    70.60     0.33
11   206.56   126.12    70.60     0.33
11   219.60    77.40    70.60     0.33
11   216.02    62.04    70.60     0.33
11   251.22    83.94    70.60     0.33
11   262.62    82.31    70.60     0.33
11   262.95   107.48    70.60     0.33
11   183.75   123.83    70.60     0.33
11   170.06   135.27    70.60     0.33
11   157.67   131.35    70.60     0.33
11   148.22   138.21    70.60     0.33
11   163.21   147.69    70.60     0.33
11   143.33   154.89    70.60     0.33
11   232.64   139.52    68.55     0.33
11   243.72   140.83    68.55     0.33
11   257.73   138.54    68.55     0.33
11   258.71   127.10    68.55     0.33
11   249.59   145.08    68.55     0.33
11   241.76   152.27    68.55     0.33
11   208.19   157.50    68.55     0.33
11   210.15   147.04    68.55     0.33
11   217.97   158.16    68.55     0.33
11   225.14   165.35    68.55     0.33
11   217.65   167.64    68.55     0.33
11   212.76   173.20    68.55     0.33
11   207.54   170.58    68.55     0.33
11   199.07   176.14    68.55     0.33
11   172.34   188.89    68.55     0.33
11   162.56   189.22    68.55     0.33
11   150.83   162.73    68.55     0.33
11   117.91   115.00    68.55     0.33
11   116.61   124.48    68.55     0.33
11   108.46   128.08    68.55     0.33
11    96.40   129.71    68.55     0.33
11   231.33    88.52    68.55     0.33
11   234.59   124.81    68.55     0.33
11   199.39    96.36    64.24     0.33
11   197.76    77.40    64.24     0.33
11   196.13    62.36    64.24     0.33
11   235.57    74.79    64.24     0.33
11   216.67   104.86    64.24     0.33
11   172.01   156.19    64.24     0.33
11   195.48   111.08    64.24     0.33
11   215.36    93.42    64.24     0.33
11   195.16   127.75    64.24     0.33
11   185.05   138.54    64.24     0.33
11   199.72   139.19    64.24     0.33
11   234.59   154.89    64.24     0.33
11   230.03   158.16    64.24     0.33
11   139.75   170.58    64.24     0.33
11   132.90   152.93    64.24     0.33
11   152.79   146.06    64.24     0.33
11   166.47   170.25    64.24     0.33
11   151.16   183.00    64.24     0.33
11   198.42   169.27    59.31     0.33
11   191.57   168.95    59.31     0.33
11   142.36   179.41    60.15     0.33
11   126.38   182.68    60.15     0.33
11   117.58   178.43    60.15     0.33
11   117.58   165.02    60.15     0.33
11   103.24   165.68    60.15     0.33
11    92.49   173.52    60.15     0.33
11    85.64   161.10    60.15     0.33
11    79.45   173.85    60.15     0.33
11    73.58   164.37    60.15     0.33
11    71.63   157.50    60.15     0.33
11    75.87   146.71    60.15     0.33
11    74.89   138.21    60.15     0.33
11   160.28   120.89    60.15     0.33
11   139.42   112.06    60.15     0.33
11   185.05    97.35    60.15     0.33
11   178.86    92.11    60.15     0.33
11   211.45    68.57    60.15     0.33
11   242.42   103.23    60.15     0.33
11   225.79   102.58    60.15     0.33
11   136.81   144.10    60.15     0.33
11   114.65   138.54    60.15     0.33
11    95.10   143.44    60.15     0.33
11    87.27   135.60    60.15     0.33
11    90.86   123.83    60.15     0.33
11   163.54   109.12    60.15     0.33
11   185.38    81.32    58.63     0.33
11   210.80    80.67    58.63     0.33
11   161.91    99.63    58.63     0.33
11   150.18   114.35    58.63     0.33
11   141.70   121.54    58.63     0.33
11   127.36   124.48    58.63     0.33
11   122.15   105.19    58.63     0.33
11   256.43    99.96    58.63     0.33
11   244.05   127.42    58.63     0.33
11   183.10   176.79    58.63     0.33
11   134.21   162.73    58.63     0.33
11   116.93   149.00    58.63     0.33
11   223.19   147.04    58.63     0.33
11   220.90   132.98    58.63     0.33
11   177.23    72.82    58.63     0.33
11   170.06    77.73    58.63     0.33
11   179.84   107.48    53.86     0.33
11   169.08    91.13    53.86     0.33
11   151.81    94.08    53.86     0.33
11   145.29   103.23    53.86     0.33
11   147.57   138.87    53.86     0.33
11   169.73   148.68    53.86     0.33
11   144.64   158.16    53.86     0.33
11   143.01   151.29    53.86     0.33
11   199.39   161.43    53.86     0.33
11   160.28    86.23    53.86     0.33
11   255.45    87.54    53.86     0.33
11   238.83    95.06    53.86     0.33
11   266.53   113.37    53.86     0.33
11   223.19   112.71    53.86     0.33
11   171.69   122.85    53.02     0.33
11   256.10   135.60    53.02     0.33
11   244.37   140.83    53.02     0.33
11   231.33   139.52    53.02     0.33
11   239.81   134.62    53.02     0.33
11   212.76   151.62    53.02     0.33
11   226.45   170.58    53.02     0.33
11   216.34   174.50    53.02     0.33
11   181.79   119.90    53.02     0.33
11   166.47   134.29    53.02     0.33
11   122.15   115.33    53.02     0.33
11   112.37   117.62    53.02     0.33
11   113.67   128.40    53.02     0.33
11   115.63   171.23    53.02     0.33
11    93.47   157.83    53.02     0.33
11   135.51   185.95    53.02     0.33
11   131.27   176.47    53.02     0.33
11   122.15   188.24    53.02     0.33
11   177.23   190.85    53.02     0.33
11   164.52   191.83    53.02     0.33
11   199.07   178.43    53.02     0.33
11   204.61   169.27    53.02     0.33
11   212.43   166.33    53.02     0.33
11   241.44   155.87    53.02     0.33
11   250.89   146.39    53.02     0.33
11   236.55   148.02    53.02     0.33
11   260.02   127.10    53.02     0.33
11   252.52   127.75    53.02     0.33
11   233.62   129.06    53.02     0.33
11   238.83   118.92    53.02     0.33
11   223.84    72.17    53.02     0.33
11   133.23   101.60    53.02     0.33
11   158.33   153.91    53.02     0.33
11   207.54   158.48    53.02     0.33
11   222.53   162.08    53.02     0.33
11   206.24   113.37    53.02     0.33
11   206.89   124.48    53.02     0.33
11   218.30   124.48    53.02     0.33
11   208.52   139.19    53.02     0.33
11   193.20   150.96    53.02     0.33
11   183.42   156.85    53.02     0.33
11   175.93   167.96    53.02     0.33
11   170.39   182.35    53.02     0.33
11   152.13   170.25    53.02     0.33
11   124.43   135.60    53.02     0.33
11   105.20   151.62    53.02     0.33
11    99.98   133.31    53.02     0.33
11   226.12    89.83    53.02     0.33
11   235.90    84.27    53.02     0.33
11   249.91   112.71    53.02     0.33
11   248.61    79.69    53.02     0.33
11   198.74    75.44    46.13     0.33
11   216.67   106.17    46.13     0.33
11   234.27   112.38    46.13     0.33
11   197.76   107.48    46.13     0.33
11   190.27   123.83    46.13     0.33
11   169.41   159.46    46.13     0.33
11   162.89   173.52    46.13     0.33
11   154.09   180.39    46.13     0.33
11   180.81   140.17    46.13     0.33
11   194.18   136.91    46.13     0.33
11   210.80    97.02    44.31     0.33
11   197.76    97.67    44.31     0.33
11   186.36   101.27    44.31     0.33
11   180.49    95.71    44.31     0.33
11   225.47   100.94    44.31     0.33
11   240.13   104.54    44.31     0.33
11   159.96   122.52    44.31     0.33
11   165.50   111.73    44.31     0.33
11   172.01   101.60    44.31     0.33
11   132.25   112.38    44.31     0.33
11   160.61   142.79    44.31     0.33
11   133.56   147.69    44.31     0.33
11   142.68   171.56    44.31     0.33
11   141.70   182.68    44.31     0.33
11   231.66   155.54    44.31     0.33
11   233.62   163.71    44.31     0.33
11   214.39    69.88    44.31     0.33
11   195.48    87.21    44.31     0.33
11   234.92    78.38    44.31     0.33
11   134.86   138.87    44.31     0.33
11    93.47   124.15    44.31     0.33
11   116.61   140.83    44.31     0.33
11    93.14   143.77    44.31     0.33
11    76.52   138.21    44.31     0.33
11    74.89   147.69    44.31     0.33
11    71.30   159.79    44.31     0.33
11    74.89   167.96    44.31     0.33
11    91.51   171.23    44.31     0.33
11   103.57   170.25    44.31     0.33
11   123.45   162.41    44.31     0.33
11   221.88    81.65    44.31     0.33
11   206.56    88.19    44.31     0.33
11   221.56   149.98    39.92     0.33
11   223.19   134.62    39.92     0.33
11   254.15   102.25    39.92     0.33
11   160.28   101.27    39.92     0.33
11   152.79   114.02    39.92     0.33
11   143.33   117.94    39.92     0.33
11   143.01   129.06    39.92     0.33
11   126.38   124.48    39.92     0.33
11   183.42   174.50    39.92     0.33
11   181.79   182.68    39.92     0.33
11   185.38   163.06    39.92     0.33
11   185.70    82.96    39.92     0.33
11   173.97    84.27    39.92     0.33
11   122.15   151.62    39.92     0.33
11   145.94   159.14    37.12     0.33
11   144.31   149.66    37.12     0.33
11   169.08   149.00    37.12     0.33
11   158.33   154.23    37.12     0.33
11   209.50   151.94    37.12     0.33
11   204.61   161.43    37.12     0.33
11   200.37   169.93    37.12     0.33
11   195.16   176.14    37.12     0.33
11   222.53   169.27    37.12     0.33
11   213.41   164.70    37.12     0.33
11   238.18   153.91    37.12     0.33
11   244.37   150.64    37.12     0.33
11   251.22   146.39    37.12     0.33
11   249.59   135.60    37.12     0.33
11   238.50   140.83    37.12     0.33
11   247.96   126.12    37.12     0.33
11   233.94   132.00    37.12     0.33
11   223.84    71.52    37.12     0.33
11   204.93    71.19    37.12     0.33
11   183.75    75.44    37.12     0.33
11   150.18    96.04    37.12     0.33
11   179.84   108.79    37.12     0.33
11   175.60   124.15    37.12     0.33
11   168.43   123.17    37.12     0.33
11   140.40   106.50    37.12     0.33
11   110.09   120.56    37.12     0.33
11   121.17   109.77    37.12     0.33
11    99.66   156.52    37.12     0.33
11    90.21   156.19    37.12     0.33
11    83.04   162.73    37.12     0.33
11   175.27   189.54    37.12     0.33
11   164.52   192.49    37.12     0.33
11   176.58   173.52    37.12     0.33
11   175.93   158.16    37.12     0.33
11   263.60   116.96    37.12     0.33
11   269.47   123.50    37.12     0.33
11   261.97   130.04    37.12     0.33
11   203.63   181.04    37.12     0.33
11   248.28   115.33    37.12     0.33
11   248.93    92.44    37.12     0.33
11   234.59    97.35    37.12     0.33
11   220.58    91.46    37.12     0.33
11   237.85   123.83    37.12     0.33
11   224.16   115.98    37.12     0.33
11   216.02   125.79    37.12     0.33
11   205.26   115.33    37.12     0.33
11   203.96   127.42    37.12     0.33
11   214.06   140.83    37.12     0.33
11   203.63   143.12    37.12     0.33
11   196.46   154.23    37.12     0.33
11   186.36   150.31    37.12     0.33
11   168.43   133.96    37.12     0.33
11   150.18   134.94    37.12     0.33
11   103.57   134.29    37.12     0.33
11   108.46   147.04    37.12     0.33
11   163.87    91.13    37.12     0.33
11   131.60   177.12    37.12     0.33
11   120.19   183.33    37.12     0.33
11   127.04   189.87    37.12     0.33
11   145.29   191.18    37.12     0.33
11   237.53    88.52    37.12     0.33
11   216.67   106.83    30.15     0.33
11   196.46   108.13    30.15     0.33
11   187.01   125.14    30.15     0.33
11   162.89   179.41    30.15     0.33
11   155.39   169.93    30.15     0.33
11   214.71   174.83    30.15     0.33
11   123.13   136.25    30.15     0.33
11   196.46   137.23    30.15     0.33
11   180.49   138.87    30.15     0.33
11   187.01   115.65    30.15     0.33
11   194.83    79.36    30.15     0.33
11    88.58   134.29    30.15     0.33
11   205.26    98.00    26.82     0.33
11   213.73    82.96    26.82     0.33
11   189.62    99.63    26.82     0.33
11   178.21    95.38    26.82     0.33
11   196.79    89.17    26.82     0.33
11   236.87   109.12    26.82     0.33
11   233.94   164.70    26.82     0.33
11   224.82   156.52    26.82     0.33
11   151.81   145.73    26.82     0.33
11   143.01   170.25    26.82     0.33
11   148.22   181.37    26.82     0.33
11   167.45   163.71    26.82     0.33
11   156.04   124.81    26.82     0.33
11   167.78   111.08    26.82     0.33
11   134.53   146.39    26.82     0.33
11   123.13   165.02    26.82     0.33
11   133.88   117.62    26.82     0.33
11   115.30   135.60    26.82     0.33
11    94.44   142.14    26.82     0.33
11    83.36   148.35    26.82     0.33
11    96.07   169.93    26.82     0.33
11    72.93   165.35    26.82     0.33
11   157.67   105.52    24.24     0.33
11   142.68   118.92    24.24     0.33
11   135.51   130.04    24.24     0.33
11   124.43   126.12    24.24     0.33
11   117.91   149.98    24.24     0.33
11   187.66   166.66    24.24     0.33
11   226.45   144.10    24.24     0.33
11   184.40   182.68    24.24     0.33
11   248.93   133.96    19.24     0.33
11   249.59   145.41    19.24     0.33
11   241.76   150.64    19.24     0.33
11   231.99    99.63    19.24     0.33
11   219.27    97.35    19.24     0.33
11   223.84    84.27    19.24     0.33
11   230.03   130.04    19.24     0.33
11   262.95   114.02    19.24     0.33
11   264.25   125.14    19.24     0.33
11   212.76   149.66    19.24     0.33
11   206.89   157.83    19.24     0.33
11   222.21   168.62    19.24     0.33
11   204.28   180.72    19.24     0.33
11   201.02   166.66    19.24     0.33
11   193.85   172.22    19.24     0.33
11   178.53   156.52    19.24     0.33
11   174.62   174.50    19.24     0.33
11   175.60   185.95    19.24     0.33
11   166.47   191.18    19.24     0.33
11   162.56   153.58    19.24     0.33
11   146.92   157.50    19.24     0.33
11   175.60   127.75    19.24     0.33
11   181.14   106.50    19.24     0.33
11   174.30   118.92    20.07     0.33
11   169.73   144.75    20.98     0.33
11   208.19   135.27    20.98     0.33
11   198.42   125.46    20.98     0.33
11   209.82   121.21    20.98     0.33
11   229.38   119.58    20.98     0.33
11   239.48   135.92    20.98     0.33
11   242.74   121.54    20.98     0.33
11   169.41    89.83    20.98     0.33
11   156.70    95.06    20.98     0.33
11   143.98   106.50    21.82     0.33
11   145.61   131.67    21.82     0.33
11   162.24   136.25    21.82     0.33
11    97.38   153.91    21.82     0.33
11   107.48   147.04    21.82     0.33
11   104.55   135.60    21.82     0.33
11    88.58   164.04    21.82     0.33
11   123.78   183.66    22.65     0.33
11   131.93   162.08    18.18     0.33
11   195.48   153.25    12.88     0.33
11   187.01   137.89    10.76     0.33
11   202.65   110.42    10.76     0.33
11   222.21   109.77    10.76     0.33
11   250.56    98.98    10.76     0.33
11   251.87   125.46    10.76     0.33
11   203.63    97.02    10.76     0.33
11   195.81    78.71    10.76     0.33
11   185.70    93.75    10.76     0.33
11   187.66   118.92     7.42     0.33
11   168.43   107.15     7.42     0.33
11   153.44   109.44     7.42     0.33
11   140.73   121.21     7.42     0.33
11   139.42   143.12     7.42     0.33
11   157.35   145.08     7.42     0.33
11   151.16   169.27     7.42     0.33
11   145.29   178.10     7.42     0.33
11   168.76   161.10     7.42     0.33
11   184.07   166.00     7.42     0.33
11   183.42   183.33     7.42     0.33
11   220.25   154.23     7.42     0.33
11   229.70   154.23     7.42     0.33
11   222.86   145.08     7.42     0.33
11   234.92   164.70     7.42     0.33
11   120.52   158.16     7.42     0.33
11   124.10   140.17     7.42     0.33
11   122.80   125.79     7.42     0.33
11   161.59   178.75     7.42     0.33
11   120.52   168.95     7.42     0.33
11   121.82   179.73     7.42     0.33
11   159.63   124.81     7.42     0.33
11   245.02   111.73     7.42     0.33
11   245.68   138.21     4.17     0.33
11   240.46   148.68     4.17     0.33
11   207.22   149.33     4.17     0.33
11   214.39   158.48     4.17     0.33
11   220.58   168.95     4.17     0.33
11   199.39   166.33     4.17     0.33
11   205.26   174.83     4.17     0.33
11   174.95   176.14     4.17     0.33
11   178.86   192.49     4.17     0.33
11   163.54   191.18     4.17     0.33
11   143.66   161.43     4.17     0.33
11   145.94   148.68     4.17     0.33
11   155.72   157.83     4.17     0.33
11   100.64   147.04     4.17     0.33
11    87.60   149.98     4.17     0.33
11    90.53   162.08     4.17     0.33
11   148.22   136.25     4.17     0.33
11   171.69   132.33     4.17     0.33
11   173.97   116.31     4.17     0.33
11   170.71   147.04     4.17     0.33
11   223.84   127.75     4.17     0.33
11   209.82   135.60     4.17     0.33
11   197.44   127.10     4.17     0.33
11   209.17   121.21     4.17     0.33
11   232.64   134.62     4.17     0.33
11   233.94   118.60     4.17     0.33
11   232.64    97.35     4.17     0.33
11   218.62    87.54     4.17     0.33
11   163.21    91.79     4.17     0.33
11   137.14   109.12     4.17     0.33
11   105.53   135.60     4.17     0.33
11   131.27   171.23     1.89     0.33
11   132.90   154.56     1.89     0.33
11   114.65   149.00     1.89     0.33
11   180.49   154.89     0.76     0.33
11   196.79   178.10     0.76     0.33
12   105.28   161.18     0.00     0.33
12   103.97   173.28     0.00     0.33
12   115.38   172.95    27.19     0.33
12   135.59   181.78    15.60     0.33
12   191.65   188.97    41.06     0.33
12   109.19   173.61    66.43     0.33
12   194.25   187.01    58.48     0.33
12   107.56   161.18    30.45     0.33
12   102.67   180.80    22.73     0.33
12   209.90   145.16   109.08     0.33
12   165.90    56.23   135.14     0.33
12   158.73    60.48   130.06     0.33
12   152.21    65.39   130.06     0.33
12   146.67    75.52   138.02     0.33
12   151.56    70.62   128.47     0.33
12   169.16    52.31   171.27     0.33
12   174.05    48.06   171.27     0.33
12   181.54    49.70   171.27     0.33
12   126.79   100.70   182.03     0.33
12   222.53   113.04   202.03     0.33
12   229.38   116.63   202.03     0.33
12   230.03   104.21   202.03     0.33
12   241.44   109.12   202.03     0.33
12   229.05    96.36   202.03     0.33
12   213.41   109.44   202.03     0.33
12   218.95   127.42   202.03     0.33
12   212.76   132.00   202.03     0.33
12   175.27   118.92   202.03     0.33
12   174.62   108.79   202.03     0.33
12   175.93   125.79   202.03     0.33
12   156.04   132.33   202.03     0.33
12   147.57   131.02   202.03     0.33
12   156.04   125.14   202.03     0.33
12   148.22   111.73   202.03     0.33
12   192.87   107.81   202.03     0.33
