11   184.36   211.90     0.98     0.33
11   114.94   202.75     0.30     0.33
11   139.39   212.23     0.30     0.33
11   152.75   202.42     0.30     0.33
11   145.58   161.55     0.30     0.33
11   168.07   181.82     0.30     0.33
11   183.06   164.49     0.30     0.33
11   208.16   160.57     0.30     0.33
11   197.07   182.48     0.30     0.33
11   119.83   172.34     0.30     0.33
11   149.16   132.13     0.30     0.33
11   162.85   151.42     0.30     0.33
11   195.12   117.74     1.14     0.33
11   169.70    98.45     1.14     0.33
11    94.73   181.82     1.14     0.33
11   104.18   218.11     1.14     0.33
11   151.12   106.30     1.14     0.33
11   207.83   134.09     1.14     0.33
11   175.89   119.70     1.97     0.33
11   184.04   136.38     1.97     0.33
11    95.06   201.44     1.97     0.33
11   107.77   151.09     1.97     0.33
11   114.29   124.28     1.97     0.33
11   128.96   144.88     1.97     0.33
11   137.43   116.76     3.86     0.33
11   185.99    91.91     3.86     0.33
11   212.07   110.22     3.86     0.33
11   212.07   180.19     3.86     0.33
11   121.13   218.11     3.86     0.33
11   141.99   185.42     3.86     0.33
11   131.89   195.55     3.86     0.33
11   162.53   167.44     4.92     0.33
11   154.05   186.40     4.92     0.33
11    96.69   166.13     4.92     0.33
11   114.94   138.34     4.92     0.33
11   164.81   134.42     6.59     0.33
11   159.27   118.07     6.59     0.33
11   163.83    84.39     6.59     0.33
11   133.52   101.72     6.59     0.33
11   192.19   149.46     7.50     0.33
11   196.42   197.19     7.50     0.33
11   218.26   146.19     9.32     0.33
11   147.86   149.13     9.32     0.33
11   129.93   130.82     9.32     0.33
11   121.46   112.84     9.32     0.33
11   130.59   161.88    10.23     0.33
11   140.04   172.34    10.23     0.33
11   107.12   184.44    10.23     0.33
11   196.75   104.01    10.23     0.33
11   181.43   107.61    10.23     0.33
11   217.28   126.57    10.23     0.33
11   174.59   151.42    10.23     0.33
11   182.08   178.55    10.23     0.33
11   180.45   197.52    13.18     0.33
11   185.99   211.25    16.66     0.33
11   209.13   166.13    16.66     0.33
11   198.05   182.48    16.66     0.33
11   200.01   158.94    16.66     0.33
11   164.16   181.82    16.66     0.33
11   151.44   196.54    16.66     0.33
11   138.73   213.54    16.66     0.33
11   110.05   208.63    18.33     0.33
11    98.64   219.09    18.33     0.33
11    93.75   178.55    18.33     0.33
11   118.53   173.98    18.33     0.33
11   127.65   180.51    18.33     0.33
11   118.53   196.21    18.33     0.33
11   180.45   127.22    18.33     0.33
11   197.07   133.76    19.39     0.33
11   198.38   117.09    19.39     0.33
11   165.13    98.78    19.39     0.33
11   151.12   105.64    19.39     0.33
11   148.84   134.42    21.36     0.33
11   138.41   140.95    21.36     0.33
11   138.41   155.34    21.36     0.33
11   105.16   151.09    21.36     0.33
11   117.55   143.57    21.36     0.33
11   108.42   121.99    22.50     0.33
11   151.77   120.03    22.50     0.33
11   212.39   108.26    22.50     0.33
11   161.22   159.26    22.50     0.33
11   165.13   208.31    22.50     0.33
11   123.41   227.92    22.50     0.33
11   132.54   196.21    24.16     0.33
11   148.84   183.13    24.16     0.33
11   161.22   141.94    24.16     0.33
11   165.46   120.36    24.16     0.33
11   136.78   111.20    24.16     0.33
11   197.07   200.13    24.16     0.33
11   189.25   167.11    24.16     0.33
11   188.93   147.49    24.16     0.33
11   136.45   163.84    27.35     0.33
11   172.30   171.03    27.35     0.33
11   172.63   151.74    27.35     0.33
11   223.15   152.07    27.35     0.33
11   211.74   139.65    27.35     0.33
11   178.17   109.57    27.35     0.33
11   124.07   119.70    29.47     0.33
11   179.80   200.46    29.47     0.33
11   164.81   196.21    31.51     0.33
11   210.44   187.05    31.51     0.33
11    96.69   198.17    31.51     0.33
11   118.20   241.00    31.51     0.33
11   133.84   240.35    31.51     0.33
11   140.69   230.54    31.51     0.33
11   146.88   222.69    31.51     0.33
11   201.31   167.76    32.35     0.33
11   200.66   158.28    32.35     0.33
11   198.05   183.46    32.35     0.33
11   151.77   195.88    32.35     0.33
11   136.13   214.52    32.35     0.33
11   111.03   220.40    32.35     0.33
11   176.87   211.90    32.35     0.33
11   123.09   158.28    32.35     0.33
11   148.19   155.01    32.35     0.33
11   157.64   135.07    32.35     0.33
11   181.43    97.80    32.35     0.33
11   224.13   125.59    32.35     0.33
11   191.53    82.10    32.35     0.33
11   213.05   161.88    32.35     0.33
11   174.59   183.46    33.71     0.33
11   160.24   176.26    33.71     0.33
11   129.93   176.26    33.71     0.33
11   118.20   170.05    33.71     0.33
11    85.93   181.82    33.71     0.33
11   100.60   184.77    33.71     0.33
11   112.98   205.69    33.71     0.33
11    96.36   221.06    33.71     0.33
11   181.43   127.88    33.71     0.33
11   207.50    94.53    33.71     0.33
11   163.83    74.59    33.71     0.33
11   174.91    85.05    33.71     0.33
11   149.49    91.59    33.71     0.33
11   126.35   103.36    33.71     0.33
11   118.53   134.74    35.68     0.33
11   107.44   135.40    35.68     0.33
11   138.08   127.55    35.68     0.33
11   193.82   126.57    35.68     0.33
11   203.92   127.55    35.68     0.33
11   195.45   139.97    35.68     0.33
11   198.70   111.86    35.68     0.33
11   227.71   165.48    35.68     0.33
11   216.96   188.36    35.68     0.33
11   124.07   214.19    37.80     0.33
11   124.72   230.21    37.80     0.33
11   158.29   228.25    37.80     0.33
11   168.39   210.27    37.80     0.33
11   183.71   224.98    37.80     0.33
11   194.79   216.81    37.80     0.33
11   192.84   207.00    37.80     0.33
11   160.57   163.84    37.80     0.33
11   114.94   189.67    37.80     0.33
11    98.32   172.01    37.80     0.33
11   103.86   152.07    37.80     0.33
11   116.57   147.17    37.80     0.33
11   139.39   150.44    37.80     0.33
11   151.12   143.24    37.80     0.33
11   181.10   153.38    37.80     0.33
11   213.37   109.24    37.80     0.33
11   221.19   135.07    38.71     0.33
11   227.39   142.92    38.71     0.33
11   166.11    92.24    38.71     0.33
11   173.28   101.07    38.71     0.33
11   156.01   102.38    38.71     0.33
11   155.03   117.09    38.71     0.33
11   115.59   113.82    38.71     0.33
11   105.49   115.45    38.71     0.33
11   146.88   100.74    38.71     0.33
11   207.50    85.70    38.71     0.33
11   186.97   118.07    38.71     0.33
11   147.21   211.57    38.71     0.33
11   185.99   185.42    38.71     0.33
11   129.93   140.63    40.15     0.33
11   168.07   126.90    40.15     0.33
11   176.87   141.94    40.15     0.33
11   147.53   174.63    40.15     0.33
11   140.36   189.34    40.15     0.33
11   142.32   115.45    40.15     0.33
11   190.23   170.38    40.98     0.33
11   197.73   198.82    40.98     0.33
11   209.79   175.94    40.98     0.33
11   127.00   197.84    40.98     0.33
11   106.47   201.11    40.98     0.33
11   206.53   209.94    40.98     0.33
11   170.02   224.00    40.98     0.33
11   129.61   113.82    40.98     0.33
11   114.61   214.84    41.97     0.33
11   164.48   153.05    43.03     0.33
11   198.05   149.46    43.03     0.33
11   213.70   142.59    43.03     0.33
11   205.55   137.03    43.03     0.33
11   223.80   152.72    43.03     0.33
11   173.61   172.01    43.03     0.33
11   175.56   114.15    43.03     0.33
11   139.71   161.55    43.03     0.33
11   136.78    93.87    43.03     0.33
11   154.38    77.53    43.03     0.33
11   101.25   231.85    43.03     0.33
11   182.08   198.50    45.83     0.33
11   148.84   224.33    46.66     0.33
11   140.04   229.56    46.66     0.33
11   120.48   241.33    46.66     0.33
11    95.06   204.38    46.66     0.33
11    93.43   213.54    46.66     0.33
11   164.16   199.80    46.66     0.33
11   156.99   213.86    46.66     0.33
11   160.90   192.28    46.66     0.33
11   133.19   206.67    47.72     0.33
11   138.41   217.46    47.72     0.33
11   201.96   160.57    47.72     0.33
11   217.93   162.21    47.72     0.33
11   123.41   118.72    48.56     0.33
11   189.90    83.09    48.56     0.33
11   185.99    97.14    48.56     0.33
11   223.15   123.30    48.56     0.33
11   225.43   131.15    48.56     0.33
11   128.30   153.71    48.56     0.33
11   126.02   164.82    48.56     0.33
11   156.01   134.42    48.56     0.33
11    88.87   151.42    48.56     0.33
11    86.58   184.11    49.39     0.33
11    96.69   188.03    49.39     0.33
11   119.83   169.40    49.39     0.33
11   131.89   173.98    49.39     0.33
11   181.10   127.88    49.39     0.33
11   209.46    96.82    49.39     0.33
11   166.76    70.01    49.39     0.33
11   174.26    92.24    50.22     0.33
11   197.07   136.70    51.06     0.33
11   193.82   125.59    51.06     0.33
11   197.07   110.22    51.06     0.33
11   204.57   127.22    51.06     0.33
11   110.38   134.74    51.06     0.33
11   144.27   131.15    51.06     0.33
11   109.07   226.61    51.06     0.33
11    76.81   188.69    51.06     0.33
11   125.04   100.09    51.06     0.33
11   214.02   187.38    51.06     0.33
11   178.50   209.94    51.06     0.33
11   162.53   182.80    51.06     0.33
11   133.52   129.18    51.96     0.33
11   174.59   190.65    51.96     0.33
11   194.14   177.90    52.95     0.33
11   106.79   148.80    52.95     0.33
11   100.93   173.00    53.78     0.33
11   101.25   183.46    53.78     0.33
11   148.19    97.14    53.78     0.33
11   154.70   102.70    53.78     0.33
11   163.83   105.97    53.78     0.33
11   171.65    99.76    53.78     0.33
11   157.31   119.05    53.78     0.33
11   215.33   108.59    53.78     0.33
11   206.53    86.36    53.78     0.33
11   172.30    84.39    53.78     0.33
11   162.20    94.53    53.78     0.33
11   113.96   110.55    53.78     0.33
11   103.53   116.76    53.78     0.33
11   152.42   144.88    53.78     0.33
11   179.80   154.36    53.78     0.33
11   196.75   167.11    53.78     0.33
11   207.50   154.36    53.78     0.33
11   226.08   163.84    53.78     0.33
11   193.16   218.44    53.78     0.33
11   185.34   225.31    53.78     0.33
11   216.30   203.73    53.78     0.33
11   169.04   211.57    53.78     0.33
11   124.39   224.65    53.78     0.33
11   158.94   229.23    53.78     0.33
11   145.58   212.88    53.78     0.33
11   118.85   203.40    53.78     0.33
11   115.59   189.02    53.78     0.33
11   100.93   221.71    54.62     0.33
11   149.81   163.51    54.62     0.33
11   163.18   164.49    54.62     0.33
11   140.36   141.61    54.62     0.33
11   118.53   142.26    54.62     0.33
11   187.62   116.76    54.62     0.33
11   150.14   182.48    54.62     0.33
11   151.44   196.54    54.62     0.33
11   137.10   107.61    54.62     0.33
11    93.10   137.69    54.62     0.33
11   129.28   186.40    54.62     0.33
11   143.62   151.74    54.62     0.33
11   108.75   174.96    55.45     0.33
11   168.72   143.57    55.45     0.33
11   168.72   126.90    55.45     0.33
11   129.93   144.22    55.45     0.33
11   129.61   136.05    55.45     0.33
11   178.50   141.28    55.45     0.33
11   199.36   189.67    55.45     0.33
11   144.27   118.07    56.43     0.33
11   132.54   118.72    56.43     0.33
11    92.78   163.84    56.43     0.33
11   108.10   163.51    56.43     0.33
11   129.61   197.84    56.43     0.33
11   212.07   177.57    56.43     0.33
11   194.79   198.82    56.43     0.33
11   196.10   207.65    56.43     0.33
11   170.02   225.96    56.43     0.33
11   107.12   198.50    56.43     0.33
11   100.60   131.47    56.43     0.33
11   206.53   210.92    56.43     0.33
11   187.30   138.67    56.43     0.33
11   203.59   118.07    56.43     0.33
11   187.95   128.20    56.43     0.33
11   115.92    94.20    56.43     0.33
11   128.30    92.57    56.43     0.33
11    83.98   165.15    56.43     0.33
11   178.82   172.34    58.48     0.33
11   194.79   149.46    58.48     0.33
11   209.79   136.38    58.48     0.33
11   113.96   215.50    58.48     0.33
11   125.70   214.19    58.48     0.33
11   227.39   153.05    58.48     0.33
11   152.42    76.55    58.48     0.33
11   174.91   114.15    58.48     0.33
11   186.32   176.26    58.48     0.33
11   217.93   144.88    58.48     0.33
11   201.31   102.38    58.48     0.33
11   141.01   171.69    58.48     0.33
11   119.50   132.45    59.46     0.33
11   219.56   102.38    59.46     0.33
11   165.46   200.79    62.34     0.33
11   144.27   228.58    62.34     0.33
11    94.73   213.21    62.34     0.33
11   122.44   240.35    62.34     0.33
11    95.06   202.75    63.18     0.33
11   129.28   156.98    64.01     0.33
11    82.67   153.71    64.84     0.33
11    85.61   184.11    64.84     0.33
11    94.41   189.34    64.84     0.33
11   156.33   133.11    64.84     0.33
11   187.62    93.55    64.84     0.33
11   186.97    80.14    64.84     0.33
11   165.79    70.33    64.84     0.33
11   221.52   117.74    64.84     0.33
11   219.24   124.61    64.84     0.33
11   218.91   134.42    64.84     0.33
11   228.69   132.45    64.84     0.33
11   219.89   158.94    64.84     0.33
11   123.09   171.03    66.43     0.33
11   177.52   208.31    66.43     0.33
11   187.30   209.61    66.43     0.33
11   164.16   216.81    66.43     0.33
11   149.49   221.06    66.43     0.33
11   102.88   229.56    66.43     0.33
11   147.86   135.72    66.43     0.33
11   197.73   109.24    66.43     0.33
11   204.57   128.53    66.43     0.33
11   199.03   136.70    66.43     0.33
11   160.90   186.07    66.43     0.33
11   160.90   176.26    66.43     0.33
11   164.16   154.69    66.43     0.33
11   206.85   166.13    66.43     0.33
11   211.74   194.25    66.43     0.33
11   220.54   184.77    66.43     0.33
11   221.19   171.36    66.43     0.33
11   122.44   118.07    66.43     0.33
11   141.34    91.91    66.43     0.33
11   134.17   204.05    66.43     0.33
11    76.15   189.02    66.43     0.33
11    88.21   219.75    66.43     0.33
11   180.13   193.92    68.18     0.33
11   193.49   175.61    68.18     0.33
11   179.15   120.03    68.18     0.33
11   109.40   149.46    68.18     0.33
11   110.70   129.18    68.18     0.33
11   206.85    89.62    69.24     0.33
11   217.28    90.61    69.24     0.33
11   171.33   104.01    69.24     0.33
11   170.35    93.55    69.24     0.33
11   171.33    80.80    69.24     0.33
11   156.01   103.36    69.24     0.33
11   147.53    97.47    69.24     0.33
11   145.58   105.97    69.24     0.33
11   158.94   121.01    69.24     0.33
11   151.44   146.19    69.24     0.33
11   181.10   156.98    69.24     0.33
11   195.12   167.11    69.24     0.33
11   208.81   155.99    69.24     0.33
11   188.93   224.00    69.24     0.33
11   145.25   212.23    69.24     0.33
11   119.50   208.31    69.24     0.33
11   127.98   229.88    70.07     0.33
11   102.88   189.34    70.07     0.33
11    98.32   177.25    70.07     0.33
11   152.75   197.19    70.07     0.33
11   132.21   190.98    70.07     0.33
11   146.88   160.24    70.07     0.33
11   123.74   106.95    70.07     0.33
11   107.44   109.90    70.07     0.33
11   158.61    90.28    70.07     0.33
11   208.16   108.91    70.07     0.33
11   188.27   119.05    70.90     0.33
11   128.30   146.19    70.90     0.33
11   144.93   124.93    70.90     0.33
11   134.50   127.88    70.90     0.33
11   166.44   143.24    70.90     0.33
11   179.47   143.90    70.90     0.33
11   150.14   181.82    70.90     0.33
11   159.59   165.80    70.90     0.33
11   114.61   183.78    70.90     0.33
11   117.22   194.25    70.90     0.33
11   112.33   142.26    73.70     0.33
11   103.53   141.28    73.70     0.33
11   104.84   155.67    73.70     0.33
11   113.96   170.05    73.70     0.33
11   138.73   168.75    73.70     0.33
11   138.41   148.80    73.70     0.33
11   178.82   172.34    73.70     0.33
11   195.12   194.90    73.70     0.33
11   191.86   200.79    73.70     0.33
11   208.48   180.84    73.70     0.33
11   186.32   179.21    73.70     0.33
11   202.62   194.25    73.70     0.33
11   201.31   207.32    73.70     0.33
11   209.79   204.38    73.70     0.33
11   229.34   166.78    73.70     0.33
11   212.72   167.44    73.70     0.33
11   189.58   129.18    73.70     0.33
11   186.97   141.28    73.70     0.33
11   198.70   147.17    73.70     0.33
11   201.96   101.39    73.70     0.33
11   155.36    77.53    73.70     0.33
11   148.84    76.22    73.70     0.33
11   129.93    90.28    73.70     0.33
11   138.08   106.30    73.70     0.33
11   114.94    94.86    73.70     0.33
11   102.23   117.41    73.70     0.33
11    99.62   126.57    73.70     0.33
11    92.78   134.42    74.54     0.33
11    94.08   145.53    74.54     0.33
11   113.64   212.88    74.54     0.33
11   128.96   212.56    74.54     0.33
11   126.02   197.19    74.54     0.33
11   139.71   177.90    74.54     0.33
11   109.73   220.08    74.54     0.33
11   120.81   222.36    74.54     0.33
11   154.38   233.48    74.54     0.33
11   164.48   224.65    74.54     0.33
11   171.33   226.29    74.54     0.33
11   173.28   215.17    74.54     0.33
11   140.36   134.42    74.54     0.33
11   122.11   134.09    74.54     0.33
11   168.39   124.28    74.54     0.33
11   175.89   132.13    74.54     0.33
11   210.76   142.59    74.54     0.33
11   201.31   117.74    74.54     0.33
11    93.75   159.59    75.37     0.33
11    76.81   160.90    75.37     0.33
11   163.18   109.24    75.37     0.33
11   182.41   219.75    75.37     0.33
11   217.28   105.97    75.37     0.33
11   163.50   203.73    77.87     0.33
11   142.64   230.54    77.87     0.33
11   103.53   205.36    78.70     0.33
11    96.04   214.52    79.54     0.33
11   173.28    88.32    79.54     0.33
11   174.91    98.45    79.54     0.33
11   177.52    78.51    79.54     0.33
11   210.44   101.39    79.54     0.33
11   123.09   153.05    79.54     0.33
11   190.56   160.24    79.54     0.33
11   176.22   113.82    79.54     0.33
11   136.78   115.45    79.54     0.33
11    81.70   152.72    80.52     0.33
11    84.63   179.53    80.52     0.33
11    84.63   188.69    80.52     0.33
11    95.71   192.28    80.52     0.33
11   221.19   158.28    80.52     0.33
11   218.59   130.49    80.52     0.33
11   219.56   116.43    80.52     0.33
11   187.95    90.61    80.52     0.33
11   164.81    69.35    80.52     0.33
11   153.73    62.82    80.52     0.33
11   185.02    77.53    80.52     0.33
11   179.80    68.37    80.52     0.33
11   200.99   174.96    80.52     0.33
11   174.91   150.76    80.52     0.33
11   158.61   135.07    80.52     0.33
11   184.69   107.28    80.52     0.33
11   194.14    80.80    80.52     0.33
11   171.98   184.77    80.52     0.33
11   113.96   234.79    80.52     0.33
11   132.87   155.67    80.52     0.33
11   120.48   117.41    83.40     0.33
11   126.02   173.98    83.40     0.33
11   156.66   186.40    83.40     0.33
11   137.76   201.77    83.40     0.33
11   162.20   213.21    83.40     0.33
11   150.79   224.00    83.40     0.33
11   182.41   198.17    83.40     0.33
11   182.41   207.98    83.40     0.33
11   190.23   211.25    83.40     0.33
11   216.63   174.96    83.40     0.33
11   223.80   181.82    83.40     0.33
11   205.87   126.57    83.40     0.33
11   207.50   135.07    83.40     0.33
11   193.16   133.76    84.23     0.33
11   135.80   188.69    85.22     0.33
11   116.24   203.73    85.22     0.33
11   119.50   209.61    85.22     0.33
11   103.21   188.36    85.22     0.33
11   100.93   177.57    85.22     0.33
11   151.12   146.51    85.22     0.33
11   209.79   155.34    85.22     0.33
11   195.77   182.48    85.22     0.33
11   147.53   215.50    85.22     0.33
11   128.63   232.83    85.22     0.33
11   136.78   223.02    85.22     0.33
11   107.44   229.23    85.22     0.33
11   116.57   101.39    85.22     0.33
11   123.41   106.30    85.22     0.33
11   146.88    94.53    85.22     0.33
11   162.85    92.24    85.22     0.33
11   168.72    80.47    85.22     0.33
11   203.27    91.26    85.22     0.33
11   215.00    90.93    85.22     0.33
11   205.22   109.90    85.22     0.33
11   195.12   110.22    85.22     0.33
11   152.10   123.30    85.22     0.33
11   160.90   118.07    85.22     0.33
11   148.19   106.95    85.22     0.33
11   157.96   103.68    85.22     0.33
11   189.90   149.78    85.22     0.33
11   170.35   197.84    85.22     0.33
11   148.19   171.36    85.22     0.33
11   108.75   125.59    85.22     0.33
11   108.75   107.93    85.22     0.33
11   153.40    87.01    85.22     0.33
11   146.88   195.88    85.22     0.33
11   198.70   140.30    86.05     0.33
11   139.39   125.26    86.05     0.33
11   186.32   121.67    86.05     0.33
11   142.32   160.57    86.05     0.33
11   148.84   207.32    86.05     0.33
11   160.24   195.55    86.05     0.33
11   139.06    89.62    86.05     0.33
11   164.48   144.22    86.05     0.33
11   173.61   163.51    86.05     0.33
11   160.90   157.30    86.05     0.33
11   164.16   168.09    86.05     0.33
11   158.29   174.63    86.05     0.33
11   119.50   188.36    86.05     0.33
11   112.01   183.78    86.05     0.33
11   114.94   159.92    86.05     0.33
11    86.58   168.42    86.05     0.33
11   134.82    99.43    86.05     0.33
11   123.41    99.11    86.05     0.33
11   231.62   138.01    86.05     0.33
11   235.21   155.99    86.05     0.33
11   127.65   144.22    86.05     0.33
11   171.33   106.63    86.89     0.33
11   195.12   167.11    88.78     0.33
11   198.05   151.74    88.78     0.33
11   188.27   177.90    88.78     0.33
11   182.41   172.67    88.78     0.33
11   206.85   181.82    88.78     0.33
11   197.07   191.96    88.78     0.33
11   207.18   195.23    88.78     0.33
11   197.73   205.36    88.78     0.33
11   193.49   199.48    88.78     0.33
11   185.99   141.28    88.78     0.33
11   154.05    78.18    88.78     0.33
11   129.28    90.93    88.78     0.33
11   133.52   109.24    88.78     0.33
11   141.01   107.28    88.78     0.33
11   110.70   143.57    88.78     0.33
11   139.71   168.75    88.78     0.33
11   140.04   145.86    88.78     0.33
11   111.68   173.65    88.78     0.33
11   101.90   121.67    88.78     0.33
11   213.70   168.09    88.78     0.33
11   227.06   169.40    88.78     0.33
11   172.63   206.34    88.78     0.33
11   193.49    99.11    88.78     0.33
11   223.15   146.19    88.78     0.33
11   185.99   189.67    88.78     0.33
11   102.56   156.98    88.78     0.33
11   100.27   168.42    88.78     0.33
11   102.56   137.36    88.78     0.33
11   120.48   134.42    89.61     0.33
11   210.44   145.21    89.61     0.33
11   168.72   225.31    89.61     0.33
11   125.04   198.82    89.61     0.33
11   127.33   212.88    89.61     0.33
11   123.09   223.67    89.61     0.33
11   171.65   137.03    89.61     0.33
11   178.82   129.18    89.61     0.33
11   167.74   126.24    89.61     0.33
11   142.32   135.40    89.61     0.33
11   139.06   180.84    89.61     0.33
11   200.66   121.34    90.45     0.33
11   180.45   221.06    90.45     0.33
11    91.15   146.19    91.28     0.33
11    92.13   133.44    91.28     0.33
11   163.18   109.57    91.28     0.33
11   169.70   216.48    93.85     0.33
11   114.94   215.82    93.85     0.33
11   100.93   206.34    93.85     0.33
11   178.17    96.82    94.76     0.33
11   174.26    87.99    94.76     0.33
11   176.22    79.49    94.76     0.33
11   178.17   116.76    94.76     0.33
11   124.07   154.03    94.76     0.33
11    97.01   222.36    94.76     0.33
11   143.62   233.15    94.76     0.33
11   155.03   233.48    94.76     0.33
11   183.39   156.32    94.76     0.33
11    80.72   160.24    95.90     0.33
11    85.28   181.17    95.90     0.33
11    91.47   193.92    95.90     0.33
11   141.67   207.98    95.90     0.33
11   201.64   173.98    98.78     0.33
11   216.63   127.55    99.84     0.33
11   207.50   134.42    99.84     0.33
11   224.78   136.05    99.84     0.33
11   224.45   120.68    99.84     0.33
11   189.90   129.51    99.84     0.33
11   193.49    92.57    99.84     0.33
11   182.08   204.05    99.84     0.33
11   190.23   214.52    99.84     0.33
11   127.98   172.34    99.31     0.33
11   121.78   118.07    99.31     0.33
11   152.75   155.34    99.31     0.33
11   151.44   137.03    99.31     0.33
11   221.85   158.94    99.31     0.33
11   171.33   176.59    99.31     0.33
11   172.96   185.09    99.31     0.33
11   178.82   196.21    99.31     0.33
11   154.70   185.09    99.31     0.33
11   158.29   213.21    99.31     0.33
11   133.84   140.95    99.31     0.33
11   127.65   161.88    99.31     0.33
11   173.93   152.07    99.31     0.33
11   220.87   179.21    99.31     0.33
11   178.17    66.74    99.31     0.33
11   151.44    61.18    99.31     0.33
11   161.22    70.33    99.31     0.33
11   185.34   112.84    99.31     0.33
11   157.64   205.36    99.31     0.33
11   155.03   223.02    99.31     0.33
11   210.11   120.36    99.31     0.33
11   150.47   143.57   101.20     0.33
11   138.41   154.36   101.20     0.33
11   141.67   124.28   101.20     0.33
11   152.75   124.93   101.20     0.33
11   153.07   108.26   101.20     0.33
11   163.83    91.59   101.20     0.33
11   140.04    87.01   101.20     0.33
11   124.39    96.16   101.20     0.33
11   115.27    99.11   101.20     0.33
11   112.01   108.59   101.20     0.33
11   118.85    85.70   101.20     0.33
11   151.44    88.64   101.20     0.33
11   205.87   105.64   101.20     0.33
11   205.87    90.61   101.20     0.33
11   202.29   143.24   101.20     0.33
11   211.42   156.98   101.20     0.33
11   169.04   200.13   101.20     0.33
11   161.55   198.17   101.20     0.33
11   146.88   197.52   101.20     0.33
11   145.90   215.50   101.20     0.33
11   114.94   205.36   101.20     0.33
11   100.93   187.71   101.20     0.33
11    98.64   179.86   101.20     0.33
11   112.98   183.13   101.20     0.33
11   143.62    96.82   101.20     0.33
11   189.25   150.11   101.20     0.33
11   150.47   170.05   101.20     0.33
11   130.91   188.03   101.20     0.33
11   132.21   205.69   101.20     0.33
11   132.54   225.96   101.20     0.33
11   110.38   227.92   101.20     0.33
11    86.26   199.80   101.20     0.33
11    77.46   181.50   101.20     0.33
11   113.64   148.15   101.20     0.33
11   124.39   147.49   101.20     0.33
11   232.93   138.99   101.20     0.33
11   232.28   155.01   101.20     0.33
11   162.85   166.46   101.20     0.33
11   162.53   152.07   101.20     0.33
11   160.57   138.01   101.20     0.33
11   190.56    81.45   101.20     0.33
11   154.38    98.78   101.20     0.33
11   168.39    79.82   101.20     0.33
11   194.14   113.82   101.20     0.33
11   118.53   164.49   101.20     0.33
11   106.79   197.19   101.20     0.33
11   122.11   186.40   101.20     0.33
11   175.89   165.48   101.20     0.33
11   172.96   104.99   102.94     0.33
11   101.25   140.63   104.23     0.33
11   105.16   123.63   104.23     0.33
11   103.53   153.05   104.23     0.33
11   109.07   172.34   104.23     0.33
11   139.71   171.03   104.23     0.33
11   137.76   108.91   104.23     0.33
11   155.36    77.20   104.23     0.33
11   186.32   139.32   105.14     0.33
11   193.82   163.84   105.14     0.33
11   188.27   174.30   105.14     0.33
11   198.38   151.74   105.14     0.33
11   210.11   146.19   105.14     0.33
11   211.74   168.42   105.14     0.33
11   201.31   183.13   105.14     0.33
11   191.86   191.30   105.14     0.33
11   191.53   200.13   105.14     0.33
11   192.84   206.34   105.14     0.33
11   204.90   197.84   105.14     0.33
11   122.44   132.45   105.14     0.33
11   136.13   129.84   105.14     0.33
11   122.44   199.48   105.14     0.33
11   122.11   226.61   105.14     0.33
11   121.78   216.81   105.14     0.33
11   164.81   123.95   105.14     0.33
11   228.36   170.71   105.14     0.33
11   180.45   220.40   106.05     0.33
11   168.39   226.61   106.05     0.33
11   200.99   122.97   106.05     0.33
11   185.34    98.13   106.05     0.33
11   103.86   164.49   106.96     0.33
11    93.75   169.07   106.96     0.33
11    93.10   141.28   106.96     0.33
11   138.73   183.46   106.96     0.33
11   137.10   196.54   106.96     0.33
11   174.91   138.34   106.96     0.33
11   165.13   144.55   106.96     0.33
11   164.16   109.90   106.96     0.33
11   132.21   121.01   106.96     0.33
11   110.38   133.76   106.96     0.33
11    85.28   151.74   106.96     0.33
11   145.90   150.44   106.96     0.33
11   132.87    89.62   106.96     0.33
11   222.82   145.21   106.96     0.33
11   197.07   135.72   106.96     0.33
11   136.45   163.19   106.96     0.33
11    93.75   200.13   111.28     0.33
11   142.97   206.02   111.28     0.33
11   168.39   215.82   111.28     0.33
11   174.26    89.95   111.28     0.33
11   176.22    76.22   111.28     0.33
11    86.91   188.03   111.28     0.33
11    81.70   163.19   111.28     0.33
11   182.73   146.84   112.11     0.33
11   154.38   176.92   112.11     0.33
11   182.41   115.45   114.76     0.33
11   174.26   119.70   114.76     0.33
11   202.29   174.30   114.76     0.33
11   171.98   208.96   114.76     0.33
11   178.82   184.11   114.76     0.33
11   173.28   191.63   114.76     0.33
11   156.66   213.54   114.76     0.33
11   156.66   201.77   114.76     0.33
11   132.54   139.32   114.76     0.33
11   131.56   151.42   114.76     0.33
11   178.17   202.42   115.67     0.33
11   185.34   211.25   115.67     0.33
11   203.27   131.15   115.67     0.33
11   211.09   132.78   115.67     0.33
11   222.17   132.78   116.50     0.33
11   222.82   121.01   116.50     0.33
11   201.31   104.99   116.50     0.33
11   210.44   104.34   116.50     0.33
11   206.85    94.86   116.50     0.33
11   206.20    85.70   116.50     0.33
11   143.95   119.70   116.50     0.33
11   146.56   125.92   116.50     0.33
11   150.14   139.97   116.50     0.33
11   159.59    91.91   116.50     0.33
11   159.59    83.41   116.50     0.33
11   150.47    85.70   116.50     0.33
11   143.30    94.20   116.50     0.33
11   153.07   102.38   116.50     0.33
11   168.39    95.51   116.50     0.33
11   124.07    92.89   116.50     0.33
11   119.18    85.37   116.50     0.33
11   113.96    97.47   116.50     0.33
11   111.68   111.20   116.50     0.33
11   174.26   159.92   116.50     0.33
11   177.84   168.75   116.50     0.33
11   214.02   152.40   116.50     0.33
11   220.54   157.96   116.50     0.33
11   207.18   117.41   116.50     0.33
11   114.61   182.48   117.34     0.33
11   102.88   188.36   117.34     0.33
11    97.01   180.51   117.34     0.33
11   186.64   131.80   117.34     0.33
11   125.37   145.86   117.34     0.33
11   119.83   152.72   117.34     0.33
11   119.18   159.92   117.34     0.33
11   129.61   162.21   118.17     0.33
11   139.39   156.65   118.17     0.33
11   116.24   147.49   118.17     0.33
11   112.33   142.26   118.17     0.33
11   115.27   207.32   118.17     0.33
11   166.11   199.48   118.17     0.33
11   191.86   179.53   118.17     0.33
11   201.96   142.92   118.17     0.33
11   176.87   104.34   118.17     0.33
11   182.08    89.62   118.17     0.33
11   182.73    78.18   118.17     0.33
11   190.23    88.64   118.17     0.33
11   191.21    98.45   118.17     0.33
11   169.70    72.30   118.17     0.33
11   115.27   175.61   118.17     0.33
11   141.34   107.93   121.20     0.33
11   137.76   129.84   121.20     0.33
11   121.78   130.82   121.20     0.33
11   124.07   136.70   121.20     0.33
11   197.40   151.09   121.20     0.33
11   193.82   162.86   121.20     0.33
11   190.23   198.82   121.20     0.33
11   191.53   189.34   121.20     0.33
11   194.14   211.57   121.20     0.33
11   200.33   119.38   121.20     0.33
11   139.39   174.63   121.20     0.33
11   105.49   148.47   121.20     0.33
11   102.88   138.67   121.20     0.33
11   128.63   200.79   122.34     0.33
11   120.16   216.81   122.34     0.33
11   131.56   222.69   122.34     0.33
11   146.23   214.84   122.34     0.33
11   164.81   108.59   122.34     0.33
11   163.18   121.34   122.34     0.33
11   147.86   150.11   122.34     0.33
11   171.98   138.01   122.34     0.33
11   161.87   140.63   122.34     0.33
11   132.21   121.34   122.34     0.33
11   151.12   161.55   123.17     0.33
11   130.59   173.00   123.17     0.33
11   135.15   184.77   123.17     0.33
11   121.13   194.25   123.17     0.33
11   103.21   165.48   123.17     0.33
11    92.13   168.42   123.17     0.33
11   182.08   123.95   123.17     0.33
11   125.37   112.84   123.17     0.33
11   132.54   102.05   123.17     0.33
11   133.19    87.01   123.17     0.33
11   220.87   142.92   123.17     0.33
11   229.99   132.78   124.23     0.33
11   165.13   177.57   124.23     0.33
11   159.59   163.19   124.23     0.33
11   167.09   152.07   124.23     0.33
11   146.56   190.32   124.23     0.33
11    95.38   156.32   124.23     0.33
11   210.11   162.53   124.23     0.33
11   205.22   158.28   124.23     0.33
11   215.00   114.47   124.23     0.33
11   201.96   184.11   124.23     0.33
11   158.94   223.67   124.23     0.33
11   107.12   198.82   124.23     0.33
11   126.02   181.50   124.23     0.33
11   112.66   125.92   124.23     0.33
11   191.53   111.20   124.23     0.33
11   159.92   190.32   124.23     0.33
11   157.96   131.80   129.15     0.33
11   110.38   164.17   129.15     0.33
11   183.06   147.17   129.15     0.33
11   148.19   178.88   129.15     0.33
11   142.32   205.36   129.15     0.33
11   137.76   214.19   129.15     0.33
11   167.09   219.42   129.15     0.33
11   193.16   139.32   129.15     0.33
11   134.82   150.11   130.14     0.33
11   179.15   184.44   130.14     0.33
11   171.65   191.63   130.14     0.33
11   196.75   174.96   130.14     0.33
11   185.02   172.34   130.14     0.33
11   179.15   116.43   130.14     0.33
11   172.63    87.34   130.14     0.33
11   149.49   128.53   131.65     0.33
11   149.16   121.01   132.56     0.33
11   151.77   101.72   132.56     0.33
11   159.27    90.93   132.56     0.33
11   167.42    93.87   132.56     0.33
11   202.62   131.47   132.56     0.33
11   192.84   133.11   132.56     0.33
11   175.89   161.88   132.56     0.33
11   199.68   104.66   132.56     0.33
11   206.53    87.01   132.56     0.33
11   161.87    75.89   132.56     0.33
11   159.27    83.74   132.56     0.33
11   148.84   140.95   132.56     0.33
11   101.90   189.34   132.56     0.33
11   114.94   183.13   132.56     0.33
11    96.69   199.80   132.56     0.33
11   156.01   199.15   132.56     0.33
11   151.44   210.59   132.56     0.33
11   162.53   212.23   132.56     0.33
11   171.33   212.23   132.56     0.33
11   184.69   212.56   132.56     0.33
11   177.52   201.44   132.56     0.33
11   182.08   196.21   132.56     0.33
11   206.20   173.98   132.56     0.33
11   214.02   150.76   132.56     0.33
11   136.78   167.44   132.56     0.33
11    97.67   181.82   132.56     0.33
11   117.22   141.94   134.46     0.33
11   112.33   138.34   134.46     0.33
11   140.04   115.13   134.46     0.33
11   177.52   104.66   134.46     0.33
11   169.37   104.99   134.46     0.33
11   163.83   101.07   134.46     0.33
11   179.47    78.84   134.46     0.33
11   177.84    88.64   134.46     0.33
11   187.62    96.49   134.46     0.33
11   200.33   142.26   134.46     0.33
11   133.52   193.27   134.46     0.33
11   117.55   207.00   134.46     0.33
11   141.34   160.24   134.46     0.33
11   133.52   160.90   134.46     0.33
11   184.36   142.92   130.29     0.33
11    85.61   159.26   127.11     0.33
11    88.87   189.67   127.11     0.33
11   198.70   150.76   136.80     0.33
11   193.16   164.17   137.64     0.33
11   151.44   154.69   136.80     0.33
11   124.07   137.69   135.97     0.33
11   133.19   125.92   139.68     0.33
11   129.28   115.13   139.76     0.33
11   106.47   146.84   139.76     0.33
11   175.24   128.53   139.76     0.33
11   164.16   113.16   141.88     0.33
11   195.77   125.59   141.88     0.33
11   171.33   142.26   141.88     0.33
11   164.48   149.78   141.88     0.33
11   162.85   175.94   141.88     0.33
11   135.80   183.46   141.88     0.33
11   123.41   197.84   141.88     0.33
11   128.63   170.38   141.88     0.33
11   111.03   176.26   141.88     0.33
11   123.74   180.84   141.88     0.33
11   161.22   139.32   141.88     0.33
11   164.48   130.49   141.88     0.33
11   173.93   111.53   141.88     0.33
11   191.53   187.38   141.88     0.33
11   149.81   165.48   141.88     0.33
11   145.58   148.47   141.88     0.33
11   121.13   128.20   141.88     0.33
11   168.39   121.67   139.00     0.33
11   120.16   164.82   139.00     0.33
11   188.60   157.63   139.00     0.33
11   129.61   222.04   139.00     0.33
11   117.55   215.17   139.00     0.33
11    97.01   172.01   139.00     0.33
11   106.14   157.63   139.00     0.33
11   116.90   158.61   139.00     0.33
11    84.63   172.67   139.00     0.33
11   201.96   119.05   139.00     0.33
11   216.63   137.03   139.00     0.33
11   141.01   101.72   139.00     0.33
11   181.43   131.15   139.00     0.33
11   181.43   136.05   139.00     0.33
11   140.69   138.34   136.96     0.33
11   130.59   138.01   136.96     0.33
11   154.05   174.30   136.96     0.33
11   153.40   183.13   136.96     0.33
11   190.56   199.48   136.96     0.33
11   154.70   217.46   136.96     0.33
11   192.19    86.36   136.96     0.33
11   156.99   111.86   136.96     0.33
11   173.28   173.98   140.67     0.33
11   204.90   183.13   140.67     0.33
11   129.61   204.71   140.67     0.33
11   160.90   165.48   140.67     0.33
11   185.99   104.99   140.67     0.33
11   192.19   110.88   141.65     0.33
11   207.50   161.88   141.65     0.33
11   109.07   200.79   141.65     0.33
11   166.44   202.42   141.65     0.33
11   155.36   193.59   143.47     0.33
11   154.70   204.71   144.30     0.33
11   141.01   211.57   144.30     0.33
11   144.27   202.09   144.30     0.33
11   183.06   169.07   145.44     0.33
11   195.12   174.30   145.44     0.33
11   182.73   144.88   145.44     0.33
11   192.19   141.61   145.44     0.33
11   182.73   119.70   145.44     0.33
11   193.16   100.41   145.44     0.33
11   171.98    85.05   145.44     0.33
11   174.26   184.77   145.44     0.33
11   164.81   191.96   145.44     0.33
11   147.53   179.53   145.44     0.33
11   143.30   189.67   145.44     0.33
11   136.13   151.09   145.44     0.33
11   152.75   129.51   148.32     0.33
11   151.77   101.72   148.32     0.33
11   149.49   121.01   148.32     0.33
11   170.67   165.15   147.26     0.33
11   176.22   160.24   149.76     0.33
11   198.05   138.01   150.59     0.33
11   181.10   197.52   150.59     0.33
11   171.98   208.63   150.59     0.33
11   106.14   185.09   151.42     0.33
11   139.71   164.49   151.42     0.33
11   122.11   137.03   151.42     0.33
11   163.83    97.14   152.33     0.33
11   176.87    97.80   153.24     0.33
11   199.36   149.46   153.24     0.33
11   134.17   195.55   153.24     0.33
11   151.12   156.65   153.24     0.33
11   142.64   131.15   153.24     0.33
11   145.25   138.67   153.24     0.33
11   130.26   141.94   153.24     0.33
11   150.79   110.88   153.24     0.33
11   209.79   145.53   153.24     0.33
11   213.37   113.82   153.24     0.33
11   205.87   128.86   154.08     0.33
11   205.55   138.99   154.08     0.33
11   188.27   158.94   154.08     0.33
11   194.79   154.69   154.08     0.33
11   190.88   134.42   154.08     0.33
11   140.69   113.49   154.08     0.33
11   160.90   104.01   154.91     0.33
11   148.84   168.42   157.64     0.33
11   162.20   174.30   157.64     0.33
11   122.44   170.05   157.64     0.33
11   107.44   143.90   157.64     0.33
11   127.98   123.95   157.64     0.33
11   129.28   113.82   157.64     0.33
11   159.92   128.53   157.64     0.33
11   193.82   127.22   157.64     0.33
11   180.13   154.69   157.64     0.33
11   163.18   109.90   157.64     0.33
11   174.26   109.90   157.64     0.33
11   174.59   117.74   157.64     0.33
11   196.10   119.38   157.64     0.33
11   165.46   151.09   157.64     0.33
11   143.95   159.92   160.06     0.33
11   191.53   101.39   160.89     0.33
11   185.02   144.88   160.89     0.33
11   137.76   152.07   160.89     0.33
11   169.37   165.15   165.06     0.33
11   183.39   167.76   165.06     0.33
11   192.51   144.88   165.06     0.33
11   147.53   122.32   165.06     0.33
11   199.36   111.53   165.06     0.33
11   183.06   111.86   165.06     0.33
11   180.45   124.28   165.06     0.33
11   169.70   132.13   165.06     0.33
11   154.38   140.63   165.06     0.33
11   114.29   153.38   165.51     0.33
11   124.07   158.94   165.51     0.33
11   127.65   179.53   165.51     0.33
11   138.41   182.80   165.51     0.33
11   151.44   201.44   165.51     0.33
11   150.14   190.98   165.51     0.33
11   163.18   187.38   165.51     0.33
11   180.13   181.50   165.51     0.33
11   165.46   198.50   165.51     0.33
11   118.53   190.32   165.51     0.33
11   109.07   173.32   165.51     0.33
11   106.79   162.86   165.51     0.33
11   154.38    89.95   149.99     0.33
11   159.59    80.14   149.99     0.33
11   180.45    82.76   149.99     0.33
11   200.66    95.18   148.24     0.33
11    93.75   162.21   152.56     0.33
11    95.38   154.03   152.56     0.33
11    93.75   183.13   152.56     0.33
11   132.54   124.61   174.68     0.33
11   159.92   131.80   174.68     0.33
11   174.59   118.07   174.68     0.33
11   139.71   139.32   174.68     0.33
11   124.07   147.82   174.68     0.33
11   112.66   142.59   174.68     0.33
11   114.29   133.44   174.68     0.33
11   142.97   161.55   176.42     0.33
11   126.02   137.69   176.42     0.33
12   119.94   189.63     0.00     0.33
12    98.97   208.63    18.94     0.33
12   177.84   193.92    -3.33     0.33
12   166.44   205.36     5.61     0.33
12   144.60   226.61    13.03     0.33
12   156.66   216.48    25.38     0.33
12   189.25   219.42    32.72     0.33
12   220.87   170.71    39.16     0.33
12   220.87   177.90    32.42     0.33
12   191.86    91.59    30.75     0.33
12   222.50   103.68    43.25     0.33
12   171.33   233.48    37.42     0.33
12   106.47   124.28    39.92     0.33
12    95.71   230.86    78.70     0.33
12   230.65   127.22    88.32     0.33
12   213.70    77.85    94.84     0.33
12   230.97   105.64    95.75     0.33
12   230.65   114.15   104.91     0.33
12   221.85   104.66   112.26     0.33
12   225.10   111.86   112.26     0.33
12   217.61   102.38   101.43     0.33
12   219.56   175.61   127.71     0.33
12   208.16   190.32   124.76     0.33
12   200.66   191.63   133.40     0.33
12   124.72   150.76   147.33     0.33
12   207.50   103.68   149.38     0.33
12   216.96    98.78   143.39     0.33
12    96.69   114.80   101.35     0.33
12    99.62   104.99    92.04     0.33
12   182.73    56.28    92.79     0.33
12   172.30    62.82    92.79     0.33
12    90.82   206.02    84.61     0.33
12   141.01   227.92   111.43     0.33
12   147.86   224.65   113.40     0.33
12   163.18    63.47   113.40     0.33
12   190.88    65.43   109.61     0.33
12   162.85   118.07   164.15     0.33
12   149.81   148.15   167.26     0.33
12   172.63   139.65   173.16     0.33
12   123.09   126.57   181.50     0.33
12   219.89   122.32   140.14     0.33
12   148.19    84.72   148.02     0.33
