11   185.51   -31.65    -0.08     0.33
11   179.64   -44.07    -0.08     0.33
11   167.26   -44.40    -0.08     0.33
11   179.32   -58.78    -0.08     0.33
11   167.91   -62.05    -0.08     0.33
11   168.24   -72.19    -0.08     0.33
11   178.01   -79.38    -0.08     0.33
11   156.18   -71.54    -0.08     0.33
11   145.10   -59.44    -0.08     0.33
11   130.76   -58.13    -0.08     0.33
11   129.45   -71.21    -0.08     0.33
11   149.33   -75.79    -0.08     0.33
11   149.98   -43.42    -0.08     0.33
11   140.53   -40.48    -0.08     0.33
11   150.64   -34.59    -0.08     0.33
11   166.28   -24.46    -0.08     0.33
11   160.74   -14.32    -0.08     0.33
11   154.22   -22.82    -0.08     0.33
11   139.88   -19.22    -0.08     0.33
11   137.93   -10.07    -0.08     0.33
11   126.84   -21.51    -0.08     0.33
11   128.15    -4.51    -0.08     0.33
11   124.24   -11.38    -0.08     0.33
11   119.35   -17.26    -0.08     0.33
11   171.82    -1.90    -0.08     0.33
11   182.25    -3.53    -0.08     0.33
11   177.04   -11.70    -0.08     0.33
11   187.47   -40.48    -0.08     0.33
11   124.89   -38.19    -0.08     0.33
11   133.36   -48.65    -0.08     0.33
11   120.98   -54.53    -0.08     0.33
11   181.93   -24.78    -0.08     0.33
11   170.84     6.60    -0.08     0.33
11   148.03     2.03    -0.08     0.33
11   149.33   -67.94    -0.08     0.33
11   118.37   -31.65    -0.08     0.33
11   103.38   -39.82    -0.08     0.33
11   110.87   -47.67    -0.08     0.33
11   138.25   -30.99    -0.08     0.33
11   146.07   -24.78    -0.08     0.33
11   147.38   -13.01     3.56     0.33
11   172.15   -20.53     4.92     0.33
11   194.31   -42.11     6.14     0.33
11   156.50   -39.49     6.14     0.33
11   156.83   -29.36     6.97     0.33
11   132.06   -35.24     6.97     0.33
11   134.01   -22.82     7.88     0.33
11   133.36    -1.57     7.88     0.33
11   122.28   -46.36     7.88     0.33
11   150.31   -51.59     8.71     0.33
11   170.84   -52.25     8.71     0.33
11   173.13   -28.71     8.71     0.33
11   133.36   -63.36     8.71     0.33
11   137.27   -53.55     8.71     0.33
11   126.52   -28.71     9.54     0.33
11   190.07   -70.23     9.54     0.33
11   195.29   -56.50     9.54     0.33
11   186.49   -63.69     9.54     0.33
11   155.53     5.62    10.68     0.33
11   184.21   -11.05    10.68     0.33
11   187.47   -25.76    10.68     0.33
11   195.94   -34.26    10.68     0.33
11   125.87   -68.27    10.68     0.33
11   116.09   -62.05    10.68     0.33
11    97.18   -47.67    10.68     0.33
11   104.03   -52.25    10.68     0.33
11   122.93    -5.49    10.68     0.33
11   115.44   -12.03    10.68     0.33
11   131.08   -16.28    10.68     0.33
11   143.14    -2.55    11.44     0.33
11   138.90     1.70    11.44     0.33
11   101.75   -30.34    12.50     0.33
11   201.16   -69.90    13.48     0.33
11   201.48   -50.28    13.48     0.33
11   202.13   -40.48    13.48     0.33
11   158.13    -9.09    13.48     0.33
11   170.52    -7.78    13.48     0.33
11   134.99    -7.78    16.97     0.33
11   136.30   -16.28    16.97     0.33
11   142.16   -24.13    16.97     0.33
11   142.49   -34.59    16.97     0.33
11   150.96   -38.84    16.97     0.33
11   151.61   -24.13    16.97     0.33
11   157.81   -17.59    16.97     0.33
11   160.74   -24.78    16.97     0.33
11   172.47   -41.13    16.97     0.33
11   181.60   -39.17    16.97     0.33
11   180.62   -30.67    16.97     0.33
11   178.01   -57.15    16.97     0.33
11   175.73   -79.05    16.97     0.33
11   168.24   -67.61    16.97     0.33
11   149.66   -67.28    16.97     0.33
11   149.01   -80.69    16.97     0.33
11   128.80   -58.13    16.97     0.33
11   124.89   -54.86    16.97     0.33
11   136.95   -40.80    16.97     0.33
11   149.66   -32.30    16.97     0.33
11   169.21   -46.36    16.97     0.33
11   180.62   -45.05    16.97     0.33
11   187.47   -52.90    19.01     0.33
11   165.63   -59.11    19.01     0.33
11   155.20   -65.32    20.07     0.33
11   142.81   -56.17    20.07     0.33
11   148.68   -56.50    20.07     0.33
11   134.01   -47.34    20.07     0.33
11   153.24   -45.71    20.07     0.33
11   164.98   -33.61    20.07     0.33
11   141.84    -9.74    20.07     0.33
11   178.01   -16.28    20.07     0.33
11   176.39    -6.47    20.07     0.33
11   178.67     1.05    20.07     0.33
11   171.17     3.99    20.91     0.33
11   164.00     3.66    20.91     0.33
11   125.54   -19.88    20.91     0.33
11   125.21   -36.88    20.91     0.33
11   117.07   -29.03    20.91     0.33
11   106.31   -41.13    20.91     0.33
11   112.83   -48.98    20.91     0.33
11   187.79   -32.63    21.97     0.33
11   192.68   -42.11    21.97     0.33
11   134.34   -82.00    21.97     0.33
11   123.91   -80.69    21.97     0.33
11   182.90   -70.55    21.97     0.33
11   203.11   -58.13    21.97     0.33
11   195.94   -48.00    21.97     0.33
11   189.10   -76.77    21.97     0.33
11   158.46   -73.17    21.97     0.33
11   150.64   -72.52    21.97     0.33
11   135.64   -72.19    21.97     0.33
11   163.02   -44.40    21.97     0.33
11   167.91   -16.61    21.97     0.33
11   156.83    -0.26    21.97     0.33
11   145.42     3.99    21.97     0.33
11   117.72   -19.88    21.97     0.33
11   109.57   -56.82    21.97     0.33
11   116.74   -52.57    21.97     0.33
11   148.36   -63.03    22.88     0.33
11   159.76   -61.73    22.88     0.33
11   136.30   -30.99    22.88     0.33
11   132.06   -35.90    22.88     0.33
11   156.83   -28.38    22.88     0.33
11   163.35    -6.47    22.88     0.33
11   131.41   -63.36    24.09     0.33
11   134.67   -54.86    24.09     0.33
11   131.41    -1.90    24.09     0.33
11   175.08   -25.11    24.09     0.33
11   143.79   -42.44    24.09     0.33
11   141.84   -49.63    24.09     0.33
11   170.52   -54.21    24.09     0.33
11   120.65   -47.01    24.92     0.33
11   194.96   -60.42    26.59     0.33
11   184.21   -59.77    26.59     0.33
11   189.75   -66.96    26.59     0.33
11   176.06   -65.32    26.59     0.33
11   168.89   -74.80    26.59     0.33
11   162.37   -78.40    26.59     0.33
11   150.64   -85.92    26.59     0.33
11   179.97   -85.59    26.59     0.33
11   169.87   -87.56    27.88     0.33
11   127.17   -67.61    28.71     0.33
11   121.30   -61.40    28.71     0.33
11   124.56    -7.13    28.71     0.33
11   135.97     1.05    28.71     0.33
11   141.84    -5.49    28.71     0.33
11   187.14   -11.05    31.28     0.33
11   103.38   -30.01    31.28     0.33
11   103.70   -46.36    31.28     0.33
11   119.02   -12.03    31.28     0.33
11   129.78   -13.67    31.28     0.33
11   105.01   -10.72    31.28     0.33
11   176.06   -48.98    31.28     0.33
11   196.92   -31.98    31.28     0.33
11   205.72   -38.51    31.28     0.33
11   203.44   -45.05    31.28     0.33
11   141.18   -63.36    31.28     0.33
11   170.84   -41.13    32.50     0.33
11   181.93   -40.48    32.50     0.33
11   179.32   -33.28    32.50     0.33
11   150.64   -34.92    32.50     0.33
11   158.46   -20.53    32.50     0.33
11   151.29   -20.53    32.50     0.33
11   141.51   -22.82    32.50     0.33
11   134.67   -18.57    32.50     0.33
11   135.64    -8.11    32.50     0.33
11   140.21   -37.21    32.50     0.33
11   141.51   -32.63    32.50     0.33
11   128.15   -53.55    32.50     0.33
11   164.33   -66.63    32.50     0.33
11   168.24   -65.32    32.50     0.33
11   181.27   -78.73    32.50     0.33
11   139.88   -82.98    32.50     0.33
11   118.04   -40.48    34.31     0.33
11   156.50   -36.88    34.31     0.33
11   156.18    -7.45    34.31     0.33
11   198.22   -74.80    35.45     0.33
11   133.69   -92.79    35.45     0.33
11   195.94   -38.51    35.45     0.33
11   179.97   -15.30    35.45     0.33
11   180.95    -0.59    35.45     0.33
11   175.73     5.95    35.45     0.33
11   162.04   -31.65    35.45     0.33
11   154.55   -43.42    35.45     0.33
11   140.21   -11.05    35.45     0.33
11   131.08   -26.74    35.45     0.33
11    99.47   -41.78    35.45     0.33
11   109.90   -25.11    35.45     0.33
11   110.22   -32.96    35.45     0.33
11   141.18   -54.86    35.45     0.33
11   153.57   -59.77    35.45     0.33
11   152.27   -65.98    35.45     0.33
11   181.27   -52.57    35.45     0.33
11   177.69   -57.15    35.45     0.33
11   173.13    -5.17    35.45     0.33
11   115.11   -83.31    35.45     0.33
11   120.98   -70.88    35.45     0.33
11   122.28   -28.38    37.12     0.33
11   121.95   -17.92    37.12     0.33
11   163.67     1.70    37.12     0.33
11   113.81   -54.53    37.12     0.33
11   109.24   -49.30    37.12     0.33
11    98.49   -57.15    37.12     0.33
11   124.24   -83.96    37.12     0.33
11   132.71   -79.71    37.12     0.33
11   148.36   -70.23    37.12     0.33
11   184.53   -71.86    37.12     0.33
11   188.12   -31.32    37.12     0.33
11   201.81   -60.09    37.12     0.33
11   195.29   -49.96    37.12     0.33
11   180.30     9.55    37.12     0.33
11   171.17    13.14    37.12     0.33
11   146.73     3.33    37.12     0.33
11   156.83   -26.74    38.86     0.33
11   132.71   -36.23    38.86     0.33
11   181.93   -26.74    38.86     0.33
11   165.63    -5.17    38.86     0.33
11   106.31   -39.82    38.86     0.33
11   113.48   -46.03    38.86     0.33
11   121.63   -53.55    38.86     0.33
11    97.18   -62.71    38.86     0.33
11   133.04   -65.32    40.22     0.33
11   132.06   -59.11    40.22     0.33
11   175.08   -24.78    40.22     0.33
11   147.38   -60.09    40.22     0.33
11   163.02   -12.69    40.22     0.33
11   167.59   -17.59    40.22     0.33
11   170.52   -29.69    40.22     0.33
11   200.83   -18.90    40.22     0.33
11   189.10   -19.22    41.06     0.33
11   206.37   -25.11    41.06     0.33
11   146.07   -45.38    41.06     0.33
11   135.32   -44.40    41.06     0.33
11   126.84   -44.07    41.06     0.33
11   153.24   -76.77    41.06     0.33
11   189.75   -82.65    41.06     0.33
11   195.62   -81.67    41.06     0.33
11   213.22   -82.98    41.06     0.33
11   207.35   -76.44    41.89     0.33
11   214.84   -57.80    38.41     0.33
11   209.96   -45.71    38.41     0.33
11   214.84   -49.30    38.41     0.33
11   148.68    -8.76    38.41     0.33
11   163.67   -47.67    39.84     0.33
11   159.44   -54.86    39.84     0.33
11   154.55     2.03    39.84     0.33
11   191.05  -101.29    39.84     0.33
11   231.79   -72.84    39.84     0.33
11   228.21   -59.77    39.84     0.33
11   222.67   -53.23    39.84     0.33
11   213.87   -67.94    40.68     0.33
11   187.14   -92.79    40.68     0.33
11   123.26    -1.24    40.68     0.33
11   112.18   -63.69    40.68     0.33
11   239.62   -82.32    41.51     0.33
11   236.36   -97.69    41.51     0.33
11   225.27   -97.36    41.51     0.33
11   228.86  -111.42    41.51     0.33
11   216.80  -112.73    41.51     0.33
11   216.15  -121.88    41.51     0.33
11   213.87  -104.56    41.51     0.33
11   213.87   -92.13    41.51     0.33
11   195.94  -111.42    41.51     0.33
11   202.79  -102.59    41.51     0.33
11   203.76  -112.08    41.51     0.33
11   206.70  -119.27    41.51     0.33
11   178.01   -86.57    42.42     0.33
11   179.64   -99.00    42.42     0.33
11   229.19   -78.73    42.42     0.33
11   234.40   -61.73    42.42     0.33
11   237.01   -70.55    42.42     0.33
11   246.79   -89.52    42.42     0.33
11   249.39   -78.40    42.42     0.33
11   241.57  -103.58    42.42     0.33
11   232.45  -118.29    42.42     0.33
11   230.49   -90.17    42.42     0.33
11   223.65   -72.52    42.42     0.33
11   222.02   -83.31    42.42     0.33
11   192.36    -7.45    42.42     0.33
11   197.24    -3.20    42.42     0.33
11   189.10     1.70    42.42     0.33
11   170.19   -80.69    42.42     0.33
11   151.61   -83.96    42.42     0.33
11   151.61   -51.92    42.42     0.33
11   116.41   -23.80    42.42     0.33
11   162.70   -59.44    42.42     0.33
11   184.86   -47.01    42.42     0.33
11   191.05   -45.71    42.42     0.33
11   134.99     1.37    44.31     0.33
11   128.80   -68.27    44.31     0.33
11   196.59   -13.99    44.31     0.33
11   193.99   -25.76    44.31     0.33
11   210.61   -32.63    44.31     0.33
11   213.22   -39.82    44.31     0.33
11   241.90   -64.67    44.31     0.33
11   187.79   -59.77    44.31     0.33
11   192.68   -66.63    44.31     0.33
11   161.07   -74.15    44.31     0.33
11   169.87   -90.50    44.31     0.33
11   222.99  -105.21    44.31     0.33
11   123.91   -61.40    44.31     0.33
11   138.58   -71.54    44.31     0.33
11   176.06   -48.32    46.36     0.33
11   196.92   -57.80    46.36     0.33
11   200.83   -39.82    46.36     0.33
11   199.53   -30.99    46.36     0.33
11   187.47   -11.38    46.36     0.33
11   174.76     1.37    46.36     0.33
11   186.81    -5.82    46.36     0.33
11   154.22   -14.97    46.36     0.33
11   128.47   -12.03    46.36     0.33
11   125.87    -7.13    46.36     0.33
11   144.77   -64.02    46.36     0.33
11   186.81   -75.79    46.36     0.33
11   166.28   -34.59    46.36     0.33
11   147.05   -15.63    46.36     0.33
11   177.36   -38.84    47.19     0.33
11   183.88   -35.90    47.19     0.33
11   152.92   -22.49    48.86     0.33
11   151.61   -31.98    48.86     0.33
11   151.61   -36.88    48.86     0.33
11   138.90   -19.88    48.86     0.33
11   133.69   -18.57    48.86     0.33
11   136.95    -7.13    48.86     0.33
11   137.93    -1.57    48.86     0.33
11   163.02   -65.00    48.86     0.33
11   167.91   -63.69    48.86     0.33
11   184.21   -86.90    48.86     0.33
11   171.82   -85.27    48.86     0.33
11   163.67   -86.25    48.86     0.33
11   142.49   -80.36    48.86     0.33
11   139.88   -36.88    48.86     0.33
11   130.43    -5.82    48.86     0.33
11   135.32   -31.65    48.86     0.33
11   142.16   -26.42    48.86     0.33
11   145.10   -33.28    48.86     0.33
11   170.52   -40.80    48.86     0.33
11   207.67   -59.77    48.86     0.33
11   137.60   -87.56    48.86     0.33
11   131.41   -52.57    49.69     0.33
11   115.11   -38.51    49.69     0.33
11   120.98   -44.73    49.69     0.33
11   179.32   -19.22    50.68     0.33
11   184.21   -14.65    50.68     0.33
11   174.43    -3.20    50.68     0.33
11   161.39   -38.84    50.68     0.33
11   157.81   -33.28    50.68     0.33
11   163.02   -29.36    50.68     0.33
11   141.84   -52.90    50.68     0.33
11   114.78   -83.31    50.68     0.33
11   129.13   -91.81    50.68     0.33
11   133.69   -92.46    50.68     0.33
11   150.31   -91.48    50.68     0.33
11   111.85   -59.44    50.68     0.33
11   101.42   -42.76    50.68     0.33
11   107.61   -34.92    50.68     0.33
11   178.99   -57.80    50.68     0.33
11   129.13   -26.09    50.68     0.33
11   153.57   -65.32    52.80     0.33
11   154.22   -59.77    52.80     0.33
11   155.20   -43.09    52.80     0.33
11   130.10   -79.05    52.80     0.33
11   122.61   -30.34    52.80     0.33
11   182.90   -71.54    53.63     0.33
11   208.98   -44.73    53.63     0.33
11   216.80   -44.73    54.46     0.33
11   215.17   -52.25    54.46     0.33
11   110.55   -48.32    54.46     0.33
11    95.88   -59.11    54.46     0.33
11   105.01   -58.46    54.46     0.33
11    88.71   -55.19    54.46     0.33
11   119.35   -57.80    54.46     0.33
11   120.98   -69.90    54.46     0.33
11   190.73   -99.00    55.30     0.33
11   199.20   -80.04    55.30     0.33
11   193.66   -73.82    55.30     0.33
11   213.54   -87.56    55.30     0.33
11   231.47   -72.19    55.30     0.33
11   182.25   -26.74    55.30     0.33
11   201.81   -20.21    56.13     0.33
11   206.37   -28.05    56.13     0.33
11   208.65   -23.15    56.13     0.33
11   212.56   -82.00    56.13     0.33
11   190.40   -82.98    56.13     0.33
11   190.73   -92.79    56.13     0.33
11   165.30    -1.57    56.13     0.33
11   183.23     8.57    56.13     0.33
11   170.52    12.82    56.13     0.33
11   164.33     7.59    56.13     0.33
11   152.59    -5.49    56.13     0.33
11   151.94     0.39    56.13     0.33
11   143.47     3.01    56.13     0.33
11   139.88   -45.38    56.13     0.33
11   126.52   -41.46    56.13     0.33
11   132.38   -60.75    56.13     0.33
11   229.19   -55.19    56.13     0.33
11   218.76   -58.13    56.96     0.33
11   214.52   -65.00    56.96     0.33
11   237.01   -78.40    56.96     0.33
11   236.68   -92.46    56.96     0.33
11   244.18   -96.38    56.96     0.33
11   227.23  -110.11    56.96     0.33
11   220.71  -116.98    56.96     0.33
11   210.28  -114.04    56.96     0.33
11   208.65  -102.59    56.96     0.33
11   199.85  -107.50    57.80     0.33
11   184.53  -106.19    57.80     0.33
11   178.01   -98.34    57.80     0.33
11   251.35   -80.04    57.80     0.33
11   247.76   -89.19    57.80     0.33
11   236.68  -109.46    57.80     0.33
11   232.77  -119.60    57.80     0.33
11   215.17  -108.81    57.80     0.33
11   228.21   -88.86    57.80     0.33
11   169.54    -5.82    57.80     0.33
11   148.03   -52.57    57.80     0.33
11   194.96   -50.94    57.80     0.33
11   173.13   -61.07    57.80     0.33
11   125.21   -49.30    57.80     0.33
11   114.46   -29.03    57.80     0.33
11   123.58    -1.90    58.71     0.33
11   113.15    -8.44    58.71     0.33
11   193.66    -3.20    58.71     0.33
11   200.18    -5.49    58.71     0.33
11   161.72   -44.07    58.71     0.33
11   203.11   -58.78    60.07     0.33
11   235.70   -64.67    60.07     0.33
11   170.19   -80.04    60.07     0.33
11   155.53   -78.07    60.07     0.33
11   153.24   -83.63    60.07     0.33
11   128.47   -70.55    60.07     0.33
11   169.87     2.68    60.07     0.33
11   179.32     6.28    60.07     0.33
11   214.19   -72.19    60.90     0.33
11   230.49  -100.63    60.90     0.33
11   244.83   -70.55    61.81     0.33
11   204.74   -35.24    61.81     0.33
11   200.50   -40.80    61.81     0.33
11   196.59   -29.03    61.81     0.33
11   194.64   -16.94    61.81     0.33
11   189.10    -9.42    61.81     0.33
11   179.32    -8.11    61.81     0.33
11   170.84    -9.74    61.81     0.33
11   153.57   -14.65    61.81     0.33
11   144.12   -16.61    61.81     0.33
11   167.26   -34.92    61.81     0.33
11   143.79   -65.32    61.81     0.33
11   134.34   -68.92    62.65     0.33
11   100.44   -37.53    62.65     0.33
11   116.41   -76.11    62.65     0.33
11   124.56   -62.05    62.65     0.33
11   180.95   -38.51    62.65     0.33
11   176.39   -45.71    62.65     0.33
11   186.16   -77.75    62.65     0.33
11   184.86   -56.50    62.65     0.33
11   181.60   -86.25    64.31     0.33
11   168.24   -85.59    64.31     0.33
11   229.84   -67.61    64.31     0.33
11   236.03   -86.25    64.31     0.33
11   139.56   -38.19    64.31     0.33
11   134.67   -30.99    64.31     0.33
11   153.24   -24.46    64.31     0.33
11   146.40   -25.76    64.31     0.33
11   151.61   -37.86    64.31     0.33
11   137.60    -7.78    64.31     0.33
11   136.30    -1.90    64.31     0.33
11   113.15   -39.17    65.14     0.33
11   161.39   -66.63    65.14     0.33
11   145.75   -73.50    65.14     0.33
11   176.06   -80.36    65.14     0.33
11   134.01   -46.69    65.14     0.33
11   132.06   -38.84    65.14     0.33
11   118.04   -41.46    65.14     0.33
11   139.23   -27.40    65.14     0.33
11   136.30   -20.53    65.14     0.33
11   129.13   -12.03    65.14     0.33
11   143.47   -33.61    65.14     0.33
11   114.46   -69.90    65.14     0.33
11   121.95   -81.02    65.14     0.33
11   207.02   -60.42    65.14     0.33
11   205.72   -53.55    65.14     0.33
11   184.86   -32.63    65.14     0.33
11   175.08   -29.69    65.14     0.33
11   169.87   -24.13    65.14     0.33
11   162.37   -18.90    65.14     0.33
11   170.84   -16.28    65.14     0.33
11   161.07   -10.72    65.14     0.33
11   158.79    -1.24    65.14     0.33
11   144.44    -7.45    65.14     0.33
11   170.84   -40.80    65.14     0.33
11   165.96   -52.25    65.14     0.33
11   157.81   -51.92    65.14     0.33
11   172.80   -70.88    65.14     0.33
11   164.00   -74.80    65.14     0.33
11   203.11   -90.82    65.98     0.33
11   222.99  -101.94    65.98     0.33
11   223.65   -79.38    65.98     0.33
11   157.16   -33.94    65.98     0.33
11   160.74   -28.05    65.98     0.33
11   181.93   -18.57    66.81     0.33
11   128.15   -23.15    66.74     0.33
11   116.74   -85.59    68.78     0.33
11   139.23   -88.54    68.78     0.33
11   129.78   -78.40    68.78     0.33
11   152.92   -69.25    68.78     0.33
11   141.18   -54.86    68.78     0.33
11   152.92   -65.32    68.78     0.33
11   185.84   -40.48    68.78     0.33
11   150.64   -45.38    68.78     0.33
11   106.31   -38.84    70.75     0.33
11   117.07   -59.11    70.75     0.33
11   105.98   -56.50    70.75     0.33
11    94.58   -59.77    70.75     0.33
11    89.69   -53.88    70.75     0.33
11   165.96   -68.59    70.75     0.33
11   193.66   -71.86    70.75     0.33
11   181.93   -70.88    70.75     0.33
11   178.99   -63.36    70.75     0.33
11   190.40   -99.33    70.75     0.33
11   234.73   -70.55    70.75     0.33
11   218.10   -43.42    70.75     0.33
11   221.04   -51.92    70.75     0.33
11   223.97   -57.15    71.58     0.33
11   214.19   -32.63    71.58     0.33
11   208.98   -22.17    71.58     0.33
11   199.85   -21.19    71.58     0.33
11   211.26   -28.38    71.58     0.33
11   189.42     1.05    71.58     0.33
11   168.56    12.82    71.58     0.33
11   212.56   -83.96    71.58     0.33
11   201.48   -78.07    71.58     0.33
11   189.10   -83.96    71.58     0.33
11   195.62   -84.29    71.58     0.33
11   194.31   -93.44    71.58     0.33
11   134.34   -58.46    71.58     0.33
11   130.10   -51.26    71.58     0.33
11   123.26   -37.53    71.58     0.33
11   124.56   -44.07    71.58     0.33
11   110.22   -50.61    71.58     0.33
11   148.68    -2.88    71.58     0.33
11   147.70     2.35    71.58     0.33
11   154.87     3.66    71.58     0.33
11   161.39     6.28    71.58     0.33
11   230.49   -75.46    71.58     0.33
11   228.53   -51.59    71.58     0.33
11   197.24   -61.07    71.58     0.33
11   203.44   -65.00    71.58     0.33
11   191.38   -64.02    71.58     0.33
11   156.18   -59.11    71.58     0.33
11   120.65   -71.54    71.58     0.33
11   181.27   -92.79    71.58     0.33
11   220.71  -107.50    71.58     0.33
11   227.23  -121.56    71.58     0.33
11   231.47  -114.04    71.58     0.33
11   202.13  -114.69    71.58     0.33
11   208.00  -107.83    71.58     0.33
11   183.56    -2.22    71.58     0.33
11   175.08    -1.57    71.58     0.33
11   131.08    -5.49    71.58     0.33
11   135.64   -15.30    71.58     0.33
11   142.16   -46.36    71.58     0.33
11   145.42   -40.48    71.58     0.33
11   176.71   -53.88    71.58     0.33
11   167.26   -59.44    71.58     0.33
11   169.87   -90.17    71.58     0.33
11   231.79   -91.81    72.49     0.33
11   238.64   -93.44    72.49     0.33
11   245.16   -93.11    72.49     0.33
11   228.53  -110.11    72.49     0.33
11   214.84  -116.98    72.49     0.33
11   206.04  -120.58    72.49     0.33
11   213.22   -60.09    72.49     0.33
11   146.40   -56.82    72.49     0.33
11   158.46   -76.44    72.49     0.33
11   200.83    -6.15    74.39     0.33
11   196.27    -9.09    74.39     0.33
11   193.01    -4.18    74.39     0.33
11   192.36   -48.00    74.39     0.33
11   157.48   -40.80    74.39     0.33
11   162.70   -44.07    74.39     0.33
11   115.11   -28.71    74.39     0.33
11   106.96   -32.63    74.39     0.33
11   183.23  -104.88    75.37     0.33
11   188.12   -91.48    75.37     0.33
11   237.99   -59.44    75.37     0.33
11   168.56     4.32    75.37     0.33
11   180.30     6.60    75.37     0.33
11   174.76     7.26    75.37     0.33
11   149.98   -30.01    75.37     0.33
11   127.17   -69.57    75.37     0.33
11   134.34   -74.80    75.37     0.33
11   153.90   -91.15    75.37     0.33
11   125.21   -87.56    75.37     0.33
11   240.27   -66.96    76.20     0.33
11   185.19   -23.80    76.20     0.33
11   168.56    -3.86    76.20     0.33
11   171.17   -78.07    76.20     0.33
11   165.63   -80.36    76.20     0.33
11   185.51   -96.38    76.20     0.33
11   173.13   -94.75    76.20     0.33
11   188.77   -72.52    76.20     0.33
11   182.25   -45.05    76.20     0.33
11   201.48   -43.75    77.04     0.33
11   198.55   -38.51    77.04     0.33
11   203.76   -34.92    77.04     0.33
11   196.27   -32.30    77.04     0.33
11   194.64   -26.42    77.04     0.33
11   191.05   -13.34    77.04     0.33
11   179.97    -6.47    77.04     0.33
11   170.52    -9.09    77.04     0.33
11   178.01   -23.80    77.04     0.33
11   165.96   -32.30    77.04     0.33
11   153.90   -17.26    77.04     0.33
11   145.42   -17.92    77.04     0.33
11   151.29   -11.05    77.04     0.33
11   118.70   -50.61    77.04     0.33
11   123.58   -53.55    77.04     0.33
11   144.44   -62.71    77.04     0.33
11   213.22   -69.90    77.04     0.33
11   217.45   -66.30    77.04     0.33
11   220.06   -74.15    77.04     0.33
11   210.61   -76.44    77.04     0.33
11   131.41   -99.00    77.04     0.33
11   250.70   -76.44    77.04     0.33
11   135.64   -67.61    78.17     0.33
11   123.91   -62.38    78.17     0.33
11   116.09   -75.79    78.17     0.33
11   133.36   -92.13    78.17     0.33
11   185.19   -58.46    78.17     0.33
11   206.70   -49.30    78.17     0.33
11   181.93   -13.34    78.17     0.33
11    97.84   -41.78    78.17     0.33
11   182.25   -84.29    80.07     0.33
11   230.82   -64.67    80.07     0.33
11   171.17   -46.03    80.07     0.33
11   178.67   -37.53    80.07     0.33
11   151.29   -23.15    80.07     0.33
11   155.85   -27.07    80.07     0.33
11   189.75   -20.21    80.07     0.33
11   202.79   -15.63    80.07     0.33
11   136.30    -8.44    80.07     0.33
11   174.43   -87.23    80.07     0.33
11   236.03   -86.90    80.07     0.33
11   182.25   -76.44    83.02     0.33
11   182.58   -32.96    83.02     0.33
11   168.56   -23.15    83.02     0.33
11   174.76   -29.36    83.02     0.33
11   171.50   -37.53    83.02     0.33
11   162.04   -12.36    83.02     0.33
11   143.14    -9.09    83.02     0.33
11   135.97   -28.38    83.02     0.33
11   138.25   -21.19    83.02     0.33
11   135.64   -36.23    83.02     0.33
11   135.32   -43.75    83.02     0.33
11   157.48   -50.94    83.02     0.33
11   163.35   -51.92    83.02     0.33
11   130.10   -14.97    83.02     0.33
11   125.54   -21.51    83.02     0.33
11   226.58   -85.92    83.02     0.33
11   246.79   -85.27    83.02     0.33
11   213.54  -105.54    83.02     0.33
11   126.84   -77.42    83.93     0.33
11   132.06   -86.25    83.93     0.33
11   152.92   -70.88    83.93     0.33
11   151.29   -46.36    83.93     0.33
11   174.43   -13.99    83.93     0.33
11   190.07   -38.51    83.93     0.33
11   195.62   -72.52    86.35     0.33
11   179.32   -66.63    86.35     0.33
11   166.61   -65.32    86.35     0.33
11   166.61   -72.84    86.35     0.33
11   160.74   -67.94    86.35     0.33
11   116.09   -58.78    86.35     0.33
11   103.38   -56.50    86.35     0.33
11    90.99   -58.13    86.35     0.33
11   108.59   -38.51    86.35     0.33
11   112.50   -66.63    86.35     0.33
11   100.12   -66.30    86.35     0.33
11   219.41   -53.23    86.35     0.33
11   217.45   -43.09    86.35     0.33
11   209.30   -39.82    86.35     0.33
11   159.11     0.39    86.35     0.33
11   142.81   -27.40    86.35     0.33
11   143.47   -34.92    86.35     0.33
11   218.43  -109.13    88.55     0.33
11   232.12  -110.77    88.55     0.33
11   226.25  -122.87    88.55     0.33
11   237.66   -94.75    88.55     0.33
11   231.47   -94.42    88.55     0.33
11   247.76   -93.44    88.55     0.33
11   223.97   -77.75    88.55     0.33
11   220.71   -81.02    88.55     0.33
11   213.22   -85.27    88.55     0.33
11   213.22   -91.81    88.55     0.33
11   195.62   -84.29    88.55     0.33
11   183.23   -89.84    88.55     0.33
11   193.01   -93.44    88.55     0.33
11   210.93   -58.13    88.55     0.33
11   205.07   -63.03    88.55     0.33
11   199.53   -76.77    88.55     0.33
11   210.93   -27.40    88.55     0.33
11   174.76    -0.92    88.55     0.33
11   182.90     2.35    88.55     0.33
11   189.10     2.35    88.55     0.33
11   121.30   -36.88    88.55     0.33
11   141.18   -43.09    88.55     0.33
11   143.14   -56.50    88.55     0.33
11   158.46   -74.80    88.55     0.33
11   133.04   -50.94    88.55     0.33
11   142.49   -48.32    88.55     0.33
11   149.33   -39.49    88.55     0.33
11   178.67   -51.59    88.55     0.33
11   161.39    -6.47    88.55     0.33
11   144.12     1.37    89.39     0.33
11   150.31    -4.84    89.39     0.33
11   190.73    -2.22    90.22     0.33
11   195.94    -7.78    90.22     0.33
11   157.48   -39.82    91.05     0.33
11   163.67   -41.46    91.05     0.33
11   189.75   -50.61    91.05     0.33
11   193.01   -65.32    91.05     0.33
11   170.19   -55.19    91.05     0.33
11   136.62   -73.82    91.05     0.33
11   136.95   -82.00    91.88     0.33
11   167.91   -92.79    91.88     0.33
11   173.13   -76.77    91.88     0.33
11   188.12   -68.92    91.88     0.33
11   188.12  -102.27    91.88     0.33
11   188.44   -89.19    91.88     0.33
11   197.24  -103.25    91.88     0.33
11   178.67  -106.52    91.88     0.33
11   201.48  -115.02    91.88     0.33
11   206.70  -119.27    91.88     0.33
11   210.61  -110.11    91.88     0.33
11   226.58  -111.42    91.88     0.33
11   206.04  -100.96    91.88     0.33
11   213.87   -99.00    91.88     0.33
11   220.39  -130.39    91.88     0.33
11   216.80  -123.19    91.88     0.33
11    88.38   -64.34    92.72     0.33
11    86.10   -69.90    92.72     0.33
11    79.91   -57.15    92.72     0.33
11   101.42   -72.84    92.72     0.33
11   130.76   -96.38    92.72     0.33
11   134.99  -104.56    92.72     0.33
11   121.63   -54.86    92.72     0.33
11   143.79   -62.38    93.55     0.33
11   149.98   -59.77    93.55     0.33
11   152.27   -54.86    93.55     0.33
11   138.90   -66.96    93.55     0.33
11   124.89   -66.30    93.55     0.33
11   137.27   -57.80    93.55     0.33
11   245.81   -75.79    93.55     0.33
11   239.29   -65.98    94.38     0.33
11   205.72   -47.67    94.38     0.33
11   195.29   -40.15    95.29     0.33
11   200.83   -35.57    95.29     0.33
11   193.01   -27.40    96.13     0.33
11   199.85   -26.42    96.13     0.33
11   202.13   -19.22    96.13     0.33
11   188.12   -20.86    96.96     0.33
11   181.27   -16.94    97.94     0.33
11   167.59   -11.38    97.94     0.33
11   182.90   -10.07    97.94     0.33
11   173.45     5.62    97.94     0.33
11   157.48   -22.49    97.94     0.33
11   152.59   -26.09    98.85     0.33
11   149.66   -22.49    98.85     0.33
11   177.04   -43.09    97.94     0.33
11   168.89   -47.34    97.94     0.33
11   178.34   -62.05    97.94     0.33
11   103.70   -44.73    97.94     0.33
11    96.86   -41.46    97.94     0.33
11   110.22   -54.53    97.94     0.33
11   117.72   -74.80    97.94     0.33
11   107.94   -73.50    97.94     0.33
11   176.71   -84.94    97.94     0.33
11   171.82   -83.63    97.94     0.33
11   175.08   -90.17    97.94     0.33
11   183.56   -84.94    97.94     0.33
11   178.67   -95.73    97.94     0.33
11   183.56   -96.38    97.94     0.33
11   231.14   -65.98    97.94     0.33
11   248.42   -82.00    98.78     0.33
11   240.27   -87.88    98.78     0.33
11   236.68   -86.90    98.78     0.33
11   230.16   -85.59    98.78     0.33
11   227.88  -102.27    98.78     0.33
11   222.02  -117.63    98.78     0.33
11   181.60   -33.94    98.78     0.33
11   180.95   -24.46    98.78     0.33
11   171.17   -36.88    98.78     0.33
11   172.80   -32.96    98.78     0.33
11   169.54   -26.74    98.78     0.33
11   166.61   -23.47   100.29     0.33
11   174.10   -14.32   101.28     0.33
11   175.41    -7.13   101.28     0.33
11   201.48   -43.09   101.28     0.33
11   188.12   -76.11   101.28     0.33
11   162.70   -50.94   101.28     0.33
11   154.87   -49.30   101.28     0.33
11   150.31   -46.69   102.11     0.33
11   194.31   -33.61   102.11     0.33
11   219.08   -47.34   102.11     0.33
11   214.52   -40.80   102.11     0.33
11   210.61   -35.90   102.11     0.33
11   219.73   -55.19   103.02     0.33
11   222.02   -67.61   103.02     0.33
11   211.59   -73.50   103.02     0.33
11   182.58   -68.92   103.02     0.33
11   161.72   -69.57   103.02     0.33
11   170.52   -64.02   103.02     0.33
11   173.45   -71.54   103.85     0.33
11   199.53   -76.11   103.85     0.33
11   195.29   -80.36   103.85     0.33
11   200.50   -86.57   103.85     0.33
11   203.11   -62.71   103.85     0.33
11   208.33   -60.42   103.85     0.33
11   211.26   -54.86   103.85     0.33
11   214.84   -78.40   103.85     0.33
11   219.73   -82.32   103.85     0.33
11   219.08   -91.81   103.85     0.33
11   237.66  -111.42   103.85     0.33
11   240.27   -95.08   103.85     0.33
11   231.79   -92.46   103.85     0.33
11   218.76  -109.46   103.85     0.33
11   227.88  -123.19   103.85     0.33
11   212.24  -116.65   103.85     0.33
11   192.03   -95.08   103.85     0.33
11   193.01  -111.42   103.85     0.33
11   172.47  -100.63   103.85     0.33
11   154.22  -100.63   103.85     0.33
11   155.85   -80.04   103.85     0.33
11   163.35   -80.36   103.85     0.33
11   151.61   -71.54   103.85     0.33
11   137.60   -91.48   103.85     0.33
11   131.73   -87.56   103.85     0.33
11   126.84   -76.44   103.85     0.33
11   117.39   -66.63   103.85     0.33
11   129.78   -58.78   104.84     0.33
11   140.86   -49.63   104.84     0.33
11   141.51   -42.44   104.84     0.33
11   136.62   -36.55   104.84     0.33
11   121.95   -39.17   104.84     0.33
11   125.87   -32.30   104.84     0.33
11   158.13   -29.03   104.84     0.33
11   144.77   -30.34   104.84     0.33
11   137.93   -26.74   104.84     0.33
11   137.27   -16.28   104.84     0.33
11   146.73   -12.36   104.84     0.33
11   159.11   -12.03   104.84     0.33
11   170.84    -0.26   104.84     0.33
11   180.62     2.03   104.84     0.33
11   189.42   -12.69   104.84     0.33
11   178.01   -49.96   105.67     0.33
11   187.79   -39.82   105.67     0.33
11   111.53   -38.19   103.93     0.33
11   103.70   -35.57   103.93     0.33
11   110.55   -31.65   103.93     0.33
11   129.45   -18.57   103.93     0.33
11   128.80    -6.80   103.93     0.33
11   138.58    -7.45   103.93     0.33
11   156.18     3.01   103.93     0.33
11   156.50    -0.59   103.93     0.33
11   133.04   -48.00   103.93     0.33
11   160.41   -60.75   104.76     0.33
11   149.01   -65.32   104.76     0.33
11   188.77   -58.13   104.76     0.33
11   198.87   -51.26   104.76     0.33
11   194.96   -55.19   104.76     0.33
11   181.93   -79.05   104.76     0.33
11   238.96   -79.05   104.76     0.33
11   232.12   -73.50   104.76     0.33
11   221.69   -73.82   104.76     0.33
11   227.56   -78.73   104.76     0.33
11   222.99   -97.69   104.76     0.33
11   205.72   -93.44   104.76     0.33
11   213.22   -87.56   104.76     0.33
11   207.02   -82.32   104.76     0.33
11   226.90   -57.48   104.76     0.33
11   221.69   -59.11   104.76     0.33
11   216.47   -61.40   104.76     0.33
11   210.93   -65.98   104.76     0.33
11   199.85   -70.55   104.76     0.33
11   203.44   -67.61   104.76     0.33
11   194.96   -71.21   104.76     0.33
11   232.77  -106.85   104.76     0.33
11   235.70  -100.63   104.76     0.33
11   102.07   -60.75   104.76     0.33
11    97.51   -51.92   104.76     0.33
11    93.92   -57.80   104.76     0.33
11   109.57   -65.65   104.76     0.33
11   131.73   -41.13   104.76     0.33
11   122.28   -45.05   104.76     0.33
11   154.22   -13.99   104.76     0.33
11   175.08   -20.86   104.76     0.33
11   142.16     0.39   104.76     0.33
11   149.33    -3.86   104.76     0.33
11   118.37   -27.07   104.76     0.33
11   125.87   -23.80   104.76     0.33
11   114.13   -46.36   104.76     0.33
11   118.04   -58.46   104.76     0.33
11   163.02   -42.44   109.00     0.33
11   135.32   -56.50   109.00     0.33
11   120.98   -51.26   109.00     0.33
11   122.28   -66.30   109.00     0.33
11   100.77   -72.84   109.00     0.33
11    88.71   -65.00   109.00     0.33
11    84.15   -61.07   109.00     0.33
11    81.21   -55.52   109.00     0.33
11   192.03  -103.25   109.00     0.33
11   187.79   -90.50   109.00     0.33
11   168.56   -92.13   109.00     0.33
11   135.32   -79.05   109.00     0.33
11   130.43   -93.11   109.00     0.33
11   133.69  -103.58   109.00     0.33
11   136.30   -65.32   109.00     0.33
11   152.59   -56.50   109.84     0.33
11   169.87   -54.21   109.84     0.33
11   208.98   -48.00   109.84     0.33
11   213.54  -100.96   109.84     0.33
11   203.11  -102.27   109.84     0.33
11   203.76  -120.90   109.84     0.33
11   209.96  -108.15   109.84     0.33
11   219.08  -121.56   109.84     0.33
11   218.76  -132.35   109.84     0.33
11   225.60  -112.40   109.84     0.33
11   231.14  -112.08   109.84     0.33
11   185.51   -48.98   109.84     0.33
11   159.11   -34.26   109.84     0.33
11   150.96   -36.55   109.84     0.33
11   142.81   -56.82   109.84     0.33
11   142.81   -64.02   109.84     0.33
11   129.45   -68.59   109.84     0.33
11   182.58   -56.82   109.84     0.33
11   194.96   -61.40   109.84     0.33
11   191.05    -5.49   110.67     0.33
11   194.64   -18.24   110.67     0.33
11   200.83   -32.96   110.67     0.33
11   194.64   -40.15   110.67     0.33
11   184.86    -0.59   110.67     0.33
11   197.24    -7.78   110.67     0.33
11   207.02   -26.42   110.67     0.33
11   193.66   -25.11   111.50     0.33
11   200.18   -20.86   111.50     0.33
11   200.50   -13.34   111.50     0.33
11   188.12   -30.99   111.50     0.33
11   108.59   -72.52   113.32     0.33
11   138.90   -76.44   113.32     0.33
11   141.84   -95.40   113.32     0.33
11   182.58   -85.27   113.32     0.33
11   183.88   -96.38   113.32     0.33
11   186.81   -22.17   114.16     0.33
11   179.97   -26.74   114.16     0.33
11   181.27   -17.59   114.16     0.33
11   180.62   -11.38   114.16     0.33
11   165.30   -14.32   114.16     0.33
11   166.28   -10.72   114.16     0.33
11   156.83   -21.19   114.16     0.33
11   146.40   -20.53   114.16     0.33
11   173.45   -35.90   114.16     0.33
11   178.99   -35.57   114.16     0.33
11   175.41   -41.78   114.16     0.33
11   172.47   -30.01   114.16     0.33
11   245.81   -81.67   114.16     0.33
11   239.29   -86.57   114.16     0.33
11   231.47   -85.27   114.16     0.33
11   181.27  -104.56   114.16     0.33
11   177.69   -59.77   114.16     0.33
11   147.38   -80.69   114.16     0.33
11   162.37   -94.09   114.99     0.33
11   156.83   -88.54   114.99     0.33
11   147.70   -87.23   114.99     0.33
11   120.65   -74.48   114.99     0.33
11   116.09   -75.13   114.99     0.33
11   111.85   -54.53   114.99     0.33
11   104.68   -51.59   114.99     0.33
11   106.31   -44.73   114.99     0.33
11    96.21   -43.09   114.99     0.33
11   168.89   -44.07   114.99     0.33
11   165.63   -36.23   114.99     0.33
11   164.98   -26.09   115.82     0.33
11   194.64   -45.71   115.82     0.33
11   211.26   -96.06   115.82     0.33
11   173.13   -81.34   115.82     0.33
11   151.61   -28.38   115.82     0.33
11   178.67   -91.48   116.58     0.33
11   188.12   -70.23   116.58     0.33
11   200.83   -41.13   116.58     0.33
11   161.39   -49.96   116.58     0.33
11   155.53   -44.40   117.41     0.33
11   147.70   -44.73   117.41     0.33
11   149.01   -50.61   118.32     0.33
11   164.33   -71.21   118.32     0.33
11   184.86   -65.00   118.32     0.33
11   181.93   -70.23   118.32     0.33
11   204.42   -60.42   119.23     0.33
11   175.41   -98.67   119.23     0.33
11   190.73   -96.06   119.23     0.33
11   199.85   -86.90   119.23     0.33
11   196.92   -78.07   119.23     0.33
11   212.56   -75.79   119.23     0.33
11   215.82   -80.04   119.23     0.33
11   221.69   -66.63   119.23     0.33
11   231.47   -66.63   119.23     0.33
11   222.34  -117.96   119.23     0.33
11   218.76  -111.10   119.23     0.33
11   216.15  -117.96   119.23     0.33
11   227.23  -123.85   119.23     0.33
11   236.68  -117.31   119.23     0.33
11   210.28  -125.48   119.23     0.33
11   192.03  -113.06   119.23     0.33
11   198.55  -109.13   119.23     0.33
11   196.59   -99.00   119.23     0.33
11   175.08   -65.98   119.23     0.33
11   158.46   -65.98   119.23     0.33
11   127.82   -53.23   119.23     0.33
11   134.01   -48.65   119.23     0.33
11   175.08   -13.99   119.23     0.33
11   177.69    -4.84   119.23     0.33
11   174.43   -71.86   119.23     0.33
11   168.89   -61.40   119.23     0.33
11   215.82   -45.38   119.23     0.33
11   208.65   -35.24   119.23     0.33
11   207.35   -40.48   119.23     0.33
11   194.31   -35.24   119.23     0.33
11   167.59   -20.53   119.23     0.33
11   159.11   -75.46   119.23     0.33
11   150.64   -72.19   119.23     0.33
11   163.67   -83.63   119.23     0.33
11   165.96   -77.42   119.23     0.33
11   153.24   -81.34   120.06     0.33
11   134.01   -86.57   120.06     0.33
11   118.37   -59.77   120.06     0.33
11   127.50   -60.09   120.06     0.33
11   107.94   -66.30   120.06     0.33
11   115.44   -65.00   120.06     0.33
11   139.23   -43.09   120.06     0.33
11   139.88   -37.21   120.06     0.33
11   201.16   -48.00   120.06     0.33
11   186.16   -14.65   120.06     0.33
11   184.53    -7.45   120.06     0.33
11   185.19     4.97   120.06     0.33
11   195.94     1.70   120.06     0.33
11   178.01     2.03   120.06     0.33
11   171.50    -2.22   120.06     0.33
11   175.41     6.93   120.06     0.33
11   173.78   -21.19   120.06     0.33
11   159.44   -15.30   120.06     0.33
11   152.27   -16.94   120.06     0.33
11   157.81   -26.42   120.06     0.33
11   144.44   -33.28   120.06     0.33
11   142.81   -26.74   120.06     0.33
11   160.09   -56.82   120.06     0.33
11   193.66   -52.25   120.06     0.33
11   216.15   -50.94   120.06     0.33
11   240.92   -75.46   120.06     0.33
11   181.27   -77.09   120.06     0.33
11   192.03   -75.46   120.06     0.33
11   203.11   -66.30   120.06     0.33
11   216.15   -59.44   121.12     0.33
11   229.84   -59.44   121.12     0.33
11   238.96   -69.25   121.12     0.33
11   241.25   -95.40   121.12     0.33
11   229.84  -102.27   122.11     0.33
11   227.88   -90.50   122.11     0.33
11   222.67   -94.42   122.11     0.33
11   218.10   -85.59   123.02     0.33
11   230.16   -75.79   123.02     0.33
11   221.36   -74.80   123.02     0.33
11   188.12   -81.34   123.85     0.33
11   177.36   -49.96   123.85     0.33
11   185.19   -39.82   125.67     0.33
11   133.69   -90.50   125.67     0.33
11   129.45   -93.77   125.67     0.33
11   132.71   -75.13   125.67     0.33
11   132.71   -59.77   125.67     0.33
11   122.93   -67.94   125.67     0.33
11   120.00   -52.25   126.50     0.33
11   134.34   -28.05   126.50     0.33
11   133.36   -19.88   126.50     0.33
11   141.84   -15.95   126.50     0.33
11   195.29   -25.11   127.34     0.33
11   194.96   -12.03   127.34     0.33
11   202.79   -22.49   127.34     0.33
11   109.90   -25.44   118.70     0.33
11   118.70   -18.57   118.70     0.33
11   121.95    -8.11   118.70     0.33
11   138.25     3.66   118.70     0.33
11   149.66     8.89   118.70     0.33
11   162.70    12.16   118.70     0.33
11   174.43    12.82   118.70     0.33
11   104.35   -37.53   119.76     0.33
11   115.44   -34.26   119.76     0.33
11   127.82   -13.34   119.76     0.33
11   139.88    -7.13   119.76     0.33
11   133.04    -6.47   119.76     0.33
11   154.87     1.37   119.76     0.33
11   164.65     3.66   119.76     0.33
11   160.41    -6.80   119.76     0.33
11   216.47   -69.57   120.59     0.33
11   205.07   -75.79   120.59     0.33
11   223.97   -50.61   120.59     0.33
11   221.04   -42.44   120.59     0.33
11   238.64   -57.15   120.59     0.33
11   237.33   -63.03   120.59     0.33
11   215.17   -38.19   120.59     0.33
11   211.59   -30.99   120.59     0.33
11   211.26   -18.57   120.59     0.33
11   208.98   -11.70   120.59     0.33
11   155.85   -98.67   120.59     0.33
11   170.84  -102.27   120.59     0.33
11   144.44   -69.90   120.59     0.33
11   149.66   -63.69   120.59     0.33
11   118.04   -42.76   120.59     0.33
11   129.45   -42.11   120.59     0.33
11   123.26   -38.19   120.59     0.33
11   123.91   -31.98   120.59     0.33
11   131.41   -34.59   120.59     0.33
11   119.35   -28.38   120.59     0.33
11   125.54   -23.15   120.59     0.33
11   149.98   -10.07   120.59     0.33
11   145.10    -2.22   120.59     0.33
11   151.94    -4.51   120.59     0.33
11   199.53   -55.19   120.59     0.33
11   209.30   -69.25   120.59     0.33
11   202.13   -95.73   120.59     0.33
11   211.26   -85.59   120.59     0.33
11   224.95   -82.98   120.59     0.33
11   202.46    -5.17   120.59     0.33
11   215.17   -23.80   120.59     0.33
11   218.76   -30.34   120.59     0.33
11    98.49   -52.57   120.59     0.33
11   100.77   -58.78   120.59     0.33
11   187.14  -110.11   120.59     0.33
11   108.92   -78.73   120.59     0.33
11   118.37   -82.32   120.59     0.33
11   247.76   -88.21   120.59     0.33
11   234.40  -110.77   126.05     0.33
11   218.43  -101.94   126.05     0.33
11   212.24  -106.19   126.05     0.33
11   212.24  -113.38   126.05     0.33
11   203.76  -117.96   126.05     0.33
11   215.50  -131.04   126.05     0.33
11   218.43  -124.83   126.05     0.33
11   193.33  -103.90   126.05     0.33
11   203.11  -103.90   126.05     0.33
11   205.07  -114.36   126.05     0.33
11   205.07  -109.46   126.05     0.33
11   208.33   -47.34   126.05     0.33
11   208.98   -55.19   126.05     0.33
11   230.82   -52.90   126.05     0.33
11   193.66   -62.38   126.05     0.33
11   189.42   -56.82   126.05     0.33
11   184.53   -48.65   126.05     0.33
11   168.89   -53.88   126.05     0.33
11   162.04   -43.75   126.05     0.33
11   155.20   -36.23   126.05     0.33
11   160.74   -32.96   126.05     0.33
11   137.60   -56.50   126.05     0.33
11   146.73   -55.84   126.05     0.33
11   141.18   -63.36   126.05     0.33
11   134.67   -68.27   126.05     0.33
11   125.87   -80.04   126.05     0.33
11    86.43   -65.65   126.05     0.33
11   204.42   -29.69   127.94     0.33
11   199.53   -16.94   127.94     0.33
11   193.01    -6.15   127.94     0.33
11   189.42    -1.57   127.94     0.33
11   189.42   -30.34   127.94     0.33
11   223.97   -57.80   127.94     0.33
11   235.38   -79.38   127.94     0.33
11   249.07   -75.13   127.94     0.33
11   193.33   -86.57   127.94     0.33
11   139.88   -82.65   127.94     0.33
11   125.21   -46.69   127.94     0.33
11   111.20   -40.48   127.94     0.33
11   114.13   -48.98   127.94     0.33
11    90.34   -53.55   127.94     0.33
11    88.06   -59.44   127.94     0.33
11   183.23   -86.25   129.15     0.33
11   138.90   -95.40   129.15     0.33
11   209.30   -95.40   133.24     0.33
11   182.90   -97.36   133.24     0.33
11   186.49   -91.81   133.24     0.33
11   145.42   -90.82   133.24     0.33
11   146.73   -83.96   134.15     0.33
11   116.74   -72.19   134.15     0.33
11   105.01   -72.84   134.15     0.33
11   110.22   -56.50   135.06     0.33
11   131.08   -50.28   135.06     0.33
11   139.88   -48.98   135.06     0.33
11   154.22   -73.82   135.06     0.33
11   163.35   -67.28   135.06     0.33
11   175.08   -62.38   135.06     0.33
11   180.30   -60.09   135.06     0.33
11   176.06   -68.92   135.06     0.33
11   173.13   -78.73   135.06     0.33
11   154.87   -47.67   135.06     0.33
11   147.38   -42.11   135.06     0.33
11   147.70   -35.90   135.06     0.33
11   150.31   -26.09   135.06     0.33
11   168.24   -29.69   135.06     0.33
11   166.93   -15.30   135.06     0.33
11   173.78   -11.70   135.06     0.33
11   182.25   -21.19   135.06     0.33
11   183.23   -32.30   135.06     0.33
11   174.76   -36.88   135.06     0.33
11   169.87   -44.40   135.06     0.33
11   195.29   -43.09   135.06     0.33
11   196.27   -33.28   135.06     0.33
11   202.79   -40.80   135.06     0.33
11   185.51   -66.30   135.06     0.33
11   165.63   -74.80   135.06     0.33
11   162.04   -81.02   135.06     0.33
11   166.28   -92.13   135.06     0.33
11   155.20   -65.32   135.06     0.33
11   203.11   -81.67   135.06     0.33
11   230.82   -67.94   135.06     0.33
11   207.67   -62.38   135.06     0.33
11   200.18   -87.23   135.06     0.33
11   191.05   -95.73   135.06     0.33
11   175.41   -93.44   135.06     0.33
11   201.81   -63.69   136.05     0.33
11   193.66   -74.15   136.05     0.33
11   201.16   -54.86   136.05     0.33
11   200.18   -48.65   136.05     0.33
11   193.01   -49.30   136.05     0.33
11   184.86   -15.95   136.05     0.33
11   179.64   -11.05   136.05     0.33
11   176.06    -4.18   136.05     0.33
11   161.07   -14.32   136.05     0.33
11   154.22   -21.19   136.05     0.33
11   163.35   -26.09   136.05     0.33
11   169.21   -21.19   136.05     0.33
11   173.45   -26.74   136.05     0.33
11   178.67   -24.78   136.05     0.33
11   138.25   -38.84   136.05     0.33
11   144.12   -32.30   136.05     0.33
11   141.84   -43.75   136.05     0.33
11   134.34   -44.73   136.05     0.33
11   128.80   -57.80   136.05     0.33
11   122.93   -61.07   136.05     0.33
11   109.90   -67.28   136.05     0.33
11   116.74   -61.07   136.05     0.33
11   104.68   -53.88   136.05     0.33
11   101.10   -48.32   136.05     0.33
11   129.13   -33.28   136.05     0.33
11   140.86   -22.82   136.05     0.33
11   166.28    -3.86   136.05     0.33
11   161.39    -6.80   136.05     0.33
11   156.50   -11.05   136.05     0.33
11   150.96   -15.30   136.05     0.33
11   211.59   -69.25   136.05     0.33
11   218.76   -67.61   136.05     0.33
11   209.63   -77.42   136.05     0.33
11   216.15   -78.73   136.05     0.33
11   198.87   -94.09   136.05     0.33
11   197.90  -107.50   136.05     0.33
11   179.64  -104.56   136.05     0.33
11   189.42  -111.42   136.05     0.33
11   237.99   -86.25   136.05     0.33
11   240.59   -77.42   136.05     0.33
11   246.46   -87.56   136.05     0.33
11   219.41  -113.71   136.05     0.33
11   222.99  -120.25   136.05     0.33
11   214.84  -119.27   136.05     0.33
11   184.53   -75.79   136.05     0.33
11   178.01   -81.67   136.05     0.33
11   163.02   -59.44   136.05     0.33
11   156.18   -56.82   136.05     0.33
11   141.84   -72.84   136.05     0.33
11   132.38   -83.96   136.05     0.33
11   211.59   -33.28   136.05     0.33
11   212.89   -44.40   136.05     0.33
11   190.40   -21.19   136.05     0.33
11   184.86    -6.80   136.05     0.33
11   154.55   -91.15   136.05     0.33
11   153.90   -81.34   136.05     0.33
11   148.36   -63.69   136.05     0.33
11   165.30   -98.34   136.05     0.33
11   167.91   -85.27   136.05     0.33
11   153.57   -98.67   136.05     0.33
11   144.77   -99.33   136.05     0.33
11   209.63  -124.83   136.05     0.33
11   228.86  -113.71   136.05     0.33
11   224.62  -105.54   136.05     0.33
11   237.99  -100.63   136.05     0.33
11   225.93   -82.00   136.05     0.33
11   207.67   -86.57   136.05     0.33
11   216.15   -92.13   136.05     0.33
11   201.48   -71.86   136.05     0.33
11   218.43   -50.28   136.05     0.33
11   218.76   -40.48   136.05     0.33
11   120.98   -39.49   136.05     0.33
11   114.46   -81.67   136.05     0.33
11   103.05   -62.05   136.05     0.33
11   228.21   -98.34   139.83     0.33
11   228.21   -89.52   139.83     0.33
11   239.62   -92.79   139.83     0.33
11   132.38  -101.94   139.83     0.33
11   122.61   -87.88   139.83     0.33
11    98.81   -77.09   139.83     0.33
11    95.88   -59.44   139.83     0.33
11   177.04   -45.38   139.83     0.33
11   176.39   -53.88   139.83     0.33
11   176.06   -17.92   139.83     0.33
11   213.87   -60.42   139.83     0.33
11   222.99   -71.86   139.83     0.33
11   239.62   -68.92   139.83     0.33
11   235.70   -60.75   139.83     0.33
11   189.75   -79.38   139.83     0.33
11   214.19   -99.33   139.83     0.33
11    81.21   -69.57   139.83     0.33
11    79.91   -62.71   139.83     0.33
11    81.21   -56.17   139.83     0.33
12   165.57   -49.04     0.00     0.33
12   154.16   -57.54     0.00     0.33
12   180.89   -50.35     0.00     0.33
12   176.65   -36.94     0.00     0.33
12   160.41    -1.90     5.68     0.33
12   111.53   -25.44    17.80     0.33
12   111.85   -38.19    17.80     0.33
12   118.04   -37.86    17.80     0.33
12    98.16   -35.90    32.50     0.33
12    95.23   -44.07    35.91     0.33
12   103.70   -66.96    36.97     0.33
12   163.67     8.57    37.88     0.33
12   177.69    13.47    37.88     0.33
12   158.79   -90.82    36.97     0.33
12   142.49   -88.54    36.06     0.33
12   129.45   -74.80    24.77     0.33
12   143.14   -70.23    24.77     0.33
12   141.51   -77.42    24.77     0.33
12   207.02   -85.59    56.36     0.33
12   225.93   -63.69    56.36     0.33
12   102.73   -30.99    58.55     0.33
12   108.92   -77.42    65.60     0.33
12   132.38   -87.56    65.60     0.33
12   140.21   -82.65    65.60     0.33
12    96.53   -54.21    66.89     0.33
12    92.95   -31.98    66.89     0.33
12    95.23   -73.82    75.60     0.33
12    91.97   -65.32    75.60     0.33
12    92.62   -67.61    75.60     0.33
12    85.45   -67.94    75.60     0.33
12    85.12   -62.38    76.43     0.33
12    87.73   -72.84    76.43     0.33
12   103.05   -47.01    76.43     0.33
12   110.22   -45.05    76.43     0.33
12   198.55  -101.94    76.43     0.33
12   215.17  -110.77    76.43     0.33
12   220.06   -92.13    76.43     0.33
12   230.49   -56.17    77.26     0.33
12   245.48   -70.23    77.26     0.33
12   147.05   -82.65    80.60     0.33
12   147.38   -90.82    80.60     0.33
12   154.87   -82.98    80.60     0.33
12   139.56   -96.71    80.60     0.33
12   240.27  -106.19    80.60     0.33
12   125.21   -29.69    82.42     0.33
12   105.98   -77.75    82.42     0.33
12    99.79   -83.63    82.42     0.33
12   254.28   -84.29    84.31     0.33
12   239.29   -80.04    84.31     0.33
12   148.03   -96.06    97.41     0.33
12   144.77   -92.46    97.41     0.33
12   151.29   -87.23    97.41     0.33
12   143.14   -79.71    97.41     0.33
12   143.14   -84.61    97.41     0.33
12   142.81   -99.00    97.41     0.33
12    92.95   -77.75    99.16     0.33
12    90.01   -52.57   100.07     0.33
12   165.30    -4.18   108.10     0.33
12   204.09  -113.71   108.10     0.33
12    97.18   -71.54   109.84     0.33
12    88.71   -73.17   109.84     0.33
12    93.92   -63.69   121.65     0.33
12   174.10   -88.21   122.49     0.33
12    96.21   -85.27   122.49     0.33
12    86.10   -78.07   127.56     0.33
12    97.51   -67.61   131.43     0.33
12   194.96  -120.90   131.43     0.33
12    71.76   -63.36   133.93     0.33
12    88.71   -74.48   138.47     0.33
12   161.07  -105.86   138.47     0.33
12   166.28   -92.46    72.80     0.33
12   107.29   -25.44    60.45     0.33
12    94.58   -41.13    59.39     0.33
12   155.53   -92.79    59.01     0.33
12   149.66   -87.88    59.01     0.33
12   144.77   -91.15    59.01     0.33
12   204.42   -48.65    62.04     0.33
12   177.04   -76.77    49.99     0.33
12   204.74   -65.32    49.99     0.33
12   197.57   -95.40    49.99     0.33
12   146.07   -75.79    49.99     0.33
12   129.13   -74.48    49.16     0.33
12   205.39   -51.26    43.25     0.33
12   159.76   -82.98    43.25     0.33
12   151.61    -1.57    17.73     0.33
12   149.98    -6.15    17.73     0.33
12   158.46   -84.94    16.66     0.33
12   144.44   -82.65    16.66     0.33
12   181.60   -77.75    16.66     0.33
12   164.00   -67.28    16.66     0.33
12   158.13   -54.86    16.66     0.33
12   179.64   -52.57    16.66     0.33
12   164.98   -34.92     1.29     0.33
12   138.25   -70.88     0.53     0.33
12   153.57   -84.94     0.53     0.33
12   162.70   -65.00     0.53     0.33
