11   202.31    76.50     0.15     0.33
11   194.49    82.38     1.06     0.33
11   210.46    72.58     4.32     0.33
11   231.97   102.98     6.36     0.33
11   229.69    91.87     6.36     0.33
11   217.63    88.60     7.27     0.33
11   215.02   122.93     7.27     0.33
11   211.44   110.18     9.47     0.33
11   223.82    82.71   -10.76     0.33
11   143.64   129.46    26.44     0.33
11   149.51   114.75    41.89     0.33
11   142.34   127.18    54.62     0.33
11   149.51   127.50    54.62     0.33
11   147.23   105.92     5.38     0.33
11   166.13   117.69     7.04     0.33
11   181.78   106.91     9.01     0.33
11   186.01    89.58     9.92     0.33
11   181.13    68.33     9.92     0.33
11   177.21    59.83     9.92     0.33
11   176.89    78.13     9.92     0.33
11   187.32   132.41    11.74     0.33
11   186.34   119.66    11.74     0.33
11   199.38   144.18    12.57     0.33
11   183.08   159.54    12.57     0.33
11   180.15   150.06    13.41     0.33
11   189.60   151.04    13.41     0.33
11   169.07    93.17    15.07     0.33
11   129.30   106.25    15.07     0.33
11   201.01   111.48    19.01     0.33
11   228.39    94.15    23.86     0.33
11   209.48    69.63    24.85     0.33
11   199.70    77.15    25.68     0.33
11   177.21    73.56    26.51     0.33
11   175.26    60.48    28.71     0.33
11   180.47    88.27    28.71     0.33
11   214.37   122.27    28.71     0.33
11   210.46   138.29    29.54     0.33
11   197.10   146.79    30.45     0.33
11   182.10   151.04    30.45     0.33
11   183.08   158.56    30.45     0.33
11   146.25   137.97    30.45     0.33
11   166.13   120.96    30.45     0.33
11   161.90    92.85    31.36     0.33
11   186.99   124.56    31.36     0.33
11   185.36   134.70    31.36     0.33
11   208.18    99.39    31.36     0.33
11   192.86    69.63    36.66     0.33
11   189.27    78.13    36.66     0.33
11   185.04    65.71    36.66     0.33
11   195.47    49.69    36.66     0.33
11   217.30    81.40    36.66     0.33
11   201.99    83.69    36.66     0.33
11   200.36    95.46    36.66     0.33
11   200.36   113.77    36.66     0.33
11   219.59   150.39    36.66     0.33
11   186.99   167.39    37.50     0.33
11   139.41    87.62    37.50     0.33
11   136.80    74.54    37.50     0.33
11   128.00    84.67    37.50     0.33
11   229.04    92.19    43.03     0.33
11   226.43    84.67    44.09     0.33
11   210.79    71.27    44.09     0.33
11   202.64    74.21    44.09     0.33
11   177.54    59.17    44.09     0.33
11   176.89    73.56    44.09     0.33
11   172.65    50.67    44.09     0.33
11   150.81    64.40    44.09     0.33
11   181.45    80.42    45.00     0.33
11   186.01    86.96    45.00     0.33
11   212.09   116.71    45.00     0.33
11   218.93   124.23    45.00     0.33
11   227.08   121.29    45.00     0.33
11   220.56   108.21    45.00     0.33
11   240.12   112.14    45.00     0.33
11   137.13   105.92    45.83     0.33
11   127.67   108.87    45.83     0.33
11   137.13   115.41    45.83     0.33
11   130.61   124.23    45.83     0.33
11   147.88   137.97    45.83     0.33
11   183.73   154.64    45.83     0.33
11   193.84   146.79    45.83     0.33
11   208.50   147.77    45.83     0.33
11   224.15   136.98    45.83     0.33
11   166.46   125.54    48.63     0.33
11   164.50   117.69    48.63     0.33
11   173.63    99.39    48.63     0.33
11   183.41   133.06    48.63     0.33
11   183.73   116.06    50.22     0.33
11   196.77    66.04    54.77     0.33
11   205.24    85.98    54.77     0.33
11   198.40   111.16    54.77     0.33
11   230.34   116.06    54.77     0.33
11   227.41   109.52    54.77     0.33
11   220.89   149.08    54.77     0.33
11   186.34   169.68    58.40     0.33
11   174.93   155.29    58.40     0.33
11   206.22   110.18    58.40     0.33
11   198.73   124.23    58.40     0.33
11   204.59    97.10    58.40     0.33
11   228.06    95.14    58.40     0.33
11   181.45    66.04    58.40     0.33
11   185.69    61.79    58.40     0.33
11   191.88    54.92    58.40     0.33
11   191.88    48.38    58.40     0.33
11   202.96    50.67    58.40     0.33
11   127.67    88.92    58.25     0.33
11   140.71    86.64    62.49     0.33
11   151.14    62.11    62.49     0.33
11   178.84    77.48    62.49     0.33
11   164.50    81.08    63.33     0.33
11   142.01    81.08    63.33     0.33
11   132.89   102.33    64.16     0.33
11   135.50   116.06    61.13     0.33
11   150.16   113.44    61.13     0.33
11   163.85   101.35    61.96     0.33
11   212.41   117.69    61.96     0.33
11   209.48   146.14    62.80     0.33
11   223.17   139.27    63.18     0.33
11   221.54   125.54    63.18     0.33
11   186.01   154.97    63.18     0.33
11   190.25   140.58    63.18     0.33
11   192.53   153.33    63.18     0.33
11   178.19   127.18    63.18     0.33
11   150.49   147.12    64.01     0.33
11   158.31   156.60    64.01     0.33
11   167.11   124.89    64.01     0.33
11   167.11   115.73    64.01     0.33
11   179.50   105.60    64.01     0.33
11   192.21    90.23    64.01     0.33
11   225.78    86.96    64.01     0.33
11   182.43   132.41    65.98     0.33
11   183.73   113.12    65.98     0.33
11   205.90   127.83    65.98     0.33
11   201.66    79.12    65.98     0.33
11   168.41    97.42    66.89     0.33
11   159.61    94.81    66.89     0.33
11   149.51   126.52    73.93     0.33
11   140.71   125.87    73.93     0.33
11   202.96   110.18    73.93     0.33
11   199.38    91.87    73.93     0.33
11   193.19    63.42    73.93     0.33
11   190.58    53.61    73.93     0.33
11   192.53   117.04    73.93     0.33
11   186.67   107.23    73.93     0.33
11   228.39   110.50    73.93     0.33
11   226.10   120.96    73.93     0.33
11   242.40   129.14    73.93     0.33
11   239.14   112.14    73.93     0.33
11   247.29    90.56    73.93     0.33
11   234.58   143.20    73.93     0.33
11   243.38   142.54    73.93     0.33
11   221.21   147.45    73.93     0.33
11   176.24   166.41    73.93     0.33
11   170.37   148.10    74.77     0.33
11   168.41   138.95    75.75     0.33
11   124.74   116.71    75.75     0.33
11   123.11   106.58    75.75     0.33
11   128.00    83.04    77.04     0.33
11   173.63    61.79    77.04     0.33
11   204.27    55.90    77.95     0.33
11   155.05    64.08    77.95     0.33
11   179.82    74.54    77.95     0.33
11   191.23    79.12    78.78     0.33
11   210.46    89.58    78.78     0.33
11   213.07   100.37    79.61     0.33
11   218.28   118.35    80.45     0.33
11   217.30   124.23    80.45     0.33
11   217.30   138.29    80.45     0.33
11   225.78   138.95    80.45     0.33
11   183.08   144.18    80.45     0.33
11   189.93   154.97    81.28     0.33
11   199.05   132.41    81.28     0.33
11   208.18   120.64    81.28     0.33
11   178.52   132.41    81.28     0.33
11   169.07   112.46    82.26     0.33
11   163.53   129.14    82.26     0.33
11   157.33   120.31    82.26     0.33
11   154.40   112.46    82.26     0.33
11   167.44    94.48    82.26     0.33
11   165.48    79.44    83.10     0.33
11   143.32    82.71    83.10     0.33
11   132.56   104.29    83.93     0.33
11   132.24   112.46    83.93     0.33
11   187.32    91.87    83.93     0.33
11   203.29    81.73    83.93     0.33
11   185.36    63.42    83.93     0.33
11   211.11   145.81    83.93     0.33
11   231.32    97.42    83.93     0.33
11   228.39    87.29    83.93     0.33
11   188.95   140.58    83.93     0.33
11   195.79   146.79    83.93     0.33
11   237.84   121.62    83.93     0.33
11   152.77   102.00    83.93     0.33
11   139.73    96.44    84.76     0.33
11   142.01   107.89    84.76     0.33
11   170.70   127.50    84.76     0.33
11   186.01   122.93    84.76     0.33
11   205.24   158.24    85.82     0.33
11   179.82   158.56    86.73     0.33
11   168.41   159.22    86.73     0.33
11   156.68   159.22    87.57     0.33
11   202.31   170.01    88.40     0.33
11   194.49   169.68    89.23     0.33
11   207.53   111.48    89.23     0.33
11   199.05   106.25    89.23     0.33
11   205.24   102.00    89.23     0.33
11   187.32   107.56    89.23     0.33
11   198.73    95.46    89.23     0.33
11   192.21    65.06    90.07     0.33
11   190.25    71.60    90.07     0.33
11   186.01    55.58    90.07     0.33
11   153.10    90.23    90.07     0.33
11   157.66    96.44    90.07     0.33
11   163.53   103.31    90.07     0.33
11   121.81   100.37    90.07     0.33
11   132.56    90.56    90.07     0.33
11   123.44    89.58    90.07     0.33
11   197.75   119.66    90.07     0.33
11   225.45   121.95    90.07     0.33
11   226.10   114.43    90.07     0.33
11   243.38   125.54    90.07     0.33
11   235.56   143.20    90.07     0.33
11   217.30   106.25    90.07     0.33
11   176.89   119.33    90.07     0.33
11   148.53   127.18    90.90     0.33
11   124.09   115.08    90.90     0.33
11   168.41   138.95    90.90     0.33
11   167.76   149.41    90.90     0.33
11   175.26   165.10    90.90     0.33
11   206.87   129.79    95.44     0.33
11   179.50   133.39    96.35     0.33
11   180.80   148.10    96.35     0.33
11   139.73   116.71    96.35     0.33
11   194.16    80.75    96.35     0.33
11   180.80    73.56    96.35     0.33
11   209.81    89.25    96.35     0.33
11   217.63   121.62    96.35     0.33
11   208.50   121.95    96.35     0.33
11   203.61   117.04    96.35     0.33
11   183.08   140.25    96.35     0.33
11   219.59   137.97    96.35     0.33
11   227.41   141.89    96.35     0.33
11   239.47   112.79    96.35     0.33
11   171.35    83.37    97.26     0.33
11   170.70   110.50    98.47     0.33
11   162.22   115.41    98.47     0.33
11   157.33   121.95    98.47     0.33
11   153.10   112.46    98.47     0.33
11   165.81    91.54    98.47     0.33
11   142.99    84.02    98.47     0.33
11   191.88    98.08    98.47     0.33
11   184.71    86.31    98.47     0.33
11   165.48    78.46    98.47     0.33
11   213.39    80.42    98.47     0.33
11   193.51   133.06   100.22     0.33
11   194.49   152.68   100.22     0.33
11   142.01   102.00   100.22     0.33
11   133.21   106.58   100.22     0.33
11   237.19   119.66   100.22     0.33
11   186.34   121.62   100.22     0.33
11   175.58   128.48   100.22     0.33
11   167.76   129.46   100.22     0.33
11   199.38   138.62   100.22     0.33
11   210.46   144.18   100.22     0.33
11   213.39   153.00   100.22     0.33
11   198.40   146.47   100.22     0.33
11   235.23   134.37   100.22     0.33
11   228.06   132.41   100.22     0.33
11   198.73   127.83   100.22     0.33
11   192.21   114.10   100.22     0.33
11   176.56   102.33   100.22     0.33
11   174.93    94.15   100.22     0.33
11   172.98    68.65   100.22     0.33
11   172.98    61.79   100.22     0.33
11   156.68    68.00   100.22     0.33
11   136.15    74.87   100.22     0.33
11   203.94    79.12   100.22     0.33
11   203.61   158.89   102.04     0.33
11   184.06   160.20   102.94     0.33
11   154.73   145.49   102.94     0.33
11   218.28   108.21   105.90     0.33
11   206.55   104.62   105.90     0.33
11   198.40   104.94   105.90     0.33
11   198.40    91.54   105.90     0.33
11   184.38   107.56   105.90     0.33
11   176.89   119.98   105.90     0.33
11   158.31    98.08   105.90     0.33
11   149.51    92.52   105.90     0.33
11   122.46   102.00   105.90     0.33
11   134.52    89.90   105.90     0.33
11   190.25    71.60   105.90     0.33
11   198.40    72.25   105.90     0.33
11   196.77    61.46   105.90     0.33
11   187.32    61.46   105.90     0.33
11   155.70   133.72   105.90     0.33
11   137.45   127.50   105.90     0.33
11   131.58   119.66   105.90     0.33
11   216.00   129.46   105.90     0.33
11   226.43   116.71   105.90     0.33
11   188.95    86.31   113.93     0.33
11   192.21    97.75   113.93     0.33
11   169.72    83.37   113.93     0.33
11   164.18    94.81   113.93     0.33
11   193.51    79.77   113.93     0.33
11   209.16    93.83   113.93     0.33
11   219.26   122.27   113.93     0.33
11   202.96   116.39   113.93     0.33
11   204.27   124.89   113.93     0.33
11   215.35   136.98   113.93     0.33
11   224.80   143.20   113.93     0.33
11   241.42   127.50   113.93     0.33
11   182.76   141.56   113.93     0.33
11   172.65   151.04   113.93     0.33
11   165.81   141.89   113.93     0.33
11   167.76   115.41   113.93     0.33
11   156.35   121.62   113.93     0.33
11   141.36   114.75   113.93     0.33
11   158.96   109.52   113.93     0.33
11   148.21   109.19   113.93     0.33
11   181.13    74.87   113.93     0.33
11   160.27    85.65   113.93     0.33
11   149.18    83.37   113.93     0.33
11   159.29    77.15   113.93     0.33
11   126.04    92.19   113.93     0.33
11   123.11   112.14   113.93     0.33
11   212.41   116.06   113.93     0.33
11   184.06   149.74   113.93     0.33
11   186.01   119.98   116.50     0.33
11   175.58   128.81   116.50     0.33
11   189.60   132.41   116.50     0.33
11   141.04   101.35   117.34     0.33
11   132.56   107.89   117.34     0.33
11   174.93   104.62   117.34     0.33
11   179.50    95.14   117.34     0.33
11   206.87    81.73   117.34     0.33
11   198.73   138.95   117.34     0.33
11   207.85   146.79   117.34     0.33
11   194.81   152.35   117.34     0.33
11   226.10   130.12   117.34     0.33
11   177.54   118.35   121.50     0.33
11   191.88   110.83   121.50     0.33
11   207.20   105.60   121.50     0.33
11   218.93   109.19   121.50     0.33
11   229.04   119.00   121.50     0.33
11   165.16   129.79   121.50     0.33
11   152.12    97.42   121.50     0.33
11   138.75    88.27   121.50     0.33
11   199.38    90.23   121.50     0.33
11   218.61    99.06   121.50     0.33
11   208.83   116.06   131.20     0.33
11   197.10   119.66   131.20     0.33
11   201.33   129.14   131.20     0.33
11   210.46   126.52   131.20     0.33
11   193.19   102.00   131.20     0.33
11   209.81    95.46   131.20     0.33
11   187.32    85.00   131.20     0.33
11   166.78    83.37   131.20     0.33
11   161.24    98.41   131.20     0.33
11   145.93   114.10   131.20     0.33
11   158.96   119.00   131.20     0.33
11   179.50   140.91   131.20     0.33
11   185.36   147.77   131.20     0.33
11   213.07   137.64   131.20     0.33
11   165.81   111.48   131.20     0.33
11   153.10   108.21   131.20     0.33
11   152.77    89.25   131.20     0.33
11   189.27   134.37   133.24     0.33
11   179.17   104.62   133.24     0.33
11   175.26    95.14   133.24     0.33
11   219.26   126.85   133.24     0.33
11   202.31   142.22   133.24     0.33
11   177.87   130.77   133.24     0.33
11   139.73   102.66   133.24     0.33
11   173.96   121.95   137.94     0.33
11   185.36   116.71   137.94     0.33
11   201.01   109.85   137.94     0.33
11   195.79    93.17   137.94     0.33
11   165.81   131.10   137.94     0.33
11   193.84   125.54   147.64     0.33
11   190.90   109.85   147.64     0.33
11   187.32   101.67   147.64     0.33
11   167.76   112.46   147.64     0.33
11   158.64   102.66   147.64     0.33
11   154.07   114.43   147.64     0.33
11   204.59   122.60   147.64     0.33
11   210.79   114.10   147.64     0.33
11   207.53    99.71   147.64     0.33
11   183.73    88.92   147.64     0.33
11   160.27    91.87   147.64     0.33
11   213.72   137.64   147.64     0.33
11   204.92   133.39    48.10     0.33
11   175.58   141.89    48.10     0.33
11   188.30   102.98    48.10     0.33
11   148.53    99.39    48.10     0.33
11   159.94    72.90    48.10     0.33
11   147.23    79.12    48.10     0.33
11   174.93    88.27    48.10     0.33
11   173.63   113.77    48.10     0.33
11   191.23   136.98    48.10     0.33
11   167.11   136.66    48.10     0.33
11   164.18   151.70    48.10     0.33
11   158.96   142.22    48.10     0.33
11   216.00   100.04    48.10     0.33
11   167.11    63.75    48.10     0.33
11   161.57   105.92    32.35     0.33
11   173.63   103.31    32.35     0.33
11   188.95   105.27    31.51     0.33
11   175.26   129.79    31.51     0.33
11   196.44   130.45    31.51     0.33
11   172.65   143.52    31.51     0.33
11   160.27   134.70    31.51     0.33
11   197.10   162.81    31.51     0.33
11   207.53   157.91    31.51     0.33
11   231.32   107.89    31.51     0.33
11   182.76   114.75    31.51     0.33
11   214.37    92.19    30.60     0.33
11   197.10    60.48    30.60     0.33
11   167.11    68.65    30.60     0.33
11   150.81    82.06    30.60     0.33
11   165.16    83.69    30.60     0.33
11   147.23    96.12    30.60     0.33
11   139.41   117.37    30.60     0.33
11   127.67   107.56    30.60     0.33
11   134.52   135.35    30.60     0.33
11   188.30    94.48    26.82     0.33
11   151.47   112.14    25.91     0.33
11   151.14   122.27    25.07     0.33
11   220.89   135.68    22.73     0.33
11   216.33   106.58    27.95     0.33
11   204.59   126.85    27.65     0.33
11   134.52    88.27    19.69     0.33
11   140.71    80.10    19.69     0.33
11   189.27    74.54    19.69     0.33
11   200.36    91.54    19.69     0.33
11   208.83    85.33    19.69     0.33
11   174.61   141.56    12.88     0.33
11   165.16   135.35    12.88     0.33
11   173.63   126.20    12.88     0.33
11   194.81   101.35    12.88     0.33
11   205.90   101.67    12.88     0.33
11   222.19   110.18    12.88     0.33
11   164.83    80.42    12.88     0.33
11   156.68    91.87    12.88     0.33
11   144.95    92.19    12.88     0.33
11   165.48    68.98    12.88     0.33
11   153.10    81.40    12.88     0.33
11   161.57   105.27    12.88     0.33
11   178.84    97.42    12.88     0.33
11   195.14   126.52    12.88     0.33
11   216.98    99.39    12.88     0.33
11   224.80   119.66    12.88     0.33
11   210.13   141.89    12.88     0.33
11   206.22   130.77     5.98     0.33
11   151.47   121.95     4.70     0.33
11   173.96   110.83    -0.23     0.33
11   203.29   115.41    -0.23     0.33
11   169.07    92.85    -1.36     0.33
11   201.66    88.92    -2.20     0.33
11   189.93    73.23    -2.20     0.33
11   166.13    78.79    -3.18     0.33
11   156.35    92.19    -4.32     0.33
11   162.22   105.92    -4.32     0.33
11   195.47    99.39    -4.32     0.33
11   211.76   101.35    -4.32     0.33
11   219.26   114.75    -5.15     0.33
11   188.62   122.93    -6.74     0.33
11   189.93   112.79    -6.74     0.33
11   181.13    98.41    -6.74     0.33
11   178.52    84.35    -6.74     0.33
11   165.48   122.60    -9.62     0.33
11   213.07    90.89    -9.62     0.33
11   209.16    82.71   -15.45     0.33
11   201.01   104.29   -15.45     0.33
11   204.27   114.75   -15.45     0.33
11   174.93   110.50   -15.45     0.33
11   193.19    85.33   -15.45     0.33
11   186.99    90.56   -15.45     0.33
11   177.21    75.52   -15.45     0.33
11   248.27   103.31    63.86     0.33
11   238.49    96.44    63.86     0.33
11   236.86    86.96    66.13     0.33
11   244.36   101.35    85.07     0.33
11   246.31   109.52    85.07     0.33
11   238.49    88.60    85.98     0.33
11   232.95    81.40    87.79     0.33
11   219.59    97.42    87.79     0.33
11   217.30    89.90    87.79     0.33
11   206.22    71.27    88.63     0.33
11   198.73   156.93    13.10     0.33
11   211.44   155.29    13.10     0.33
11   204.27   140.91    -4.24     0.33
11   137.78   101.67    11.67     0.33
11   137.78   113.44    11.67     0.33
11   221.54    73.88    35.60     0.33
11   143.32    90.23    -6.36     0.33
11   136.80    96.44    -6.36     0.33
11   134.84   108.87    -6.36     0.33
11   141.36   118.68    -5.38     0.33
12   126.46   101.03    -0.15     0.33
12   214.14    61.79    -0.15     0.33
12   207.94   164.78     7.88     0.33
12   201.42   166.74     7.88     0.33
12   151.56    70.95    25.00     0.33
12   170.46    73.56    49.01     0.33
12   225.54    63.10    43.94     0.33
12   216.42    76.50    61.21     0.33
12   219.68    82.06    57.65     0.33
12   212.51    86.31    62.42     0.33
12   173.07   113.45    25.30     0.33
12   123.20    94.16    24.39     0.33
12   138.19   104.62    26.74     0.33
12   163.94    91.87    47.50     0.33
12   157.10    84.68    50.45     0.33
12   187.08   167.07    76.05     0.33
12   121.25    89.91    74.01     0.33
12   120.92    77.81    79.92     0.33
12   211.85    56.56    35.38     0.33
12   189.04    55.25     8.71     0.33
