11   153.87   144.18     1.82     0.33
11   148.98   128.81     1.82     0.33
11   163.97   114.10     1.82     0.33
11   165.27    54.92     1.82     0.33
11   151.59    63.10     1.82     0.33
11   126.49    80.42     1.82     0.33
11   101.07    92.19     1.82     0.33
11    84.77    70.94     1.82     0.33
11    69.13    86.31     1.82     0.33
11    90.31   126.85     1.82     0.33
11    90.96   139.27     1.82     0.33
11    68.15   134.37     1.82     0.33
11    72.38   146.47     3.48     0.33
11   115.41    86.64     5.30     0.33
11   127.14   168.70     6.14     0.33
11   162.02    32.69    14.39     0.33
11   191.35   114.43    17.80     0.33
11   142.79   126.85    18.63     0.33
11   159.41   118.68    19.47     0.33
11   132.36   107.23    19.47     0.33
11    87.38   124.56    20.38     0.33
11    61.96   122.93    21.21     0.33
11    59.35   144.83    22.04     0.33
11    64.89    87.94    22.88     0.33
11    69.78    96.77    22.88     0.33
11    79.23    75.19    22.88     0.33
11   116.06    82.06    23.71     0.33
11   102.04    92.85    23.71     0.33
11   166.25    51.98    24.92     0.33
11   160.06    66.37    24.92     0.33
11   151.91   146.14    24.92     0.33
11   147.02   152.02    24.92     0.33
11   144.74   176.22    24.92     0.33
11   133.33   184.07    25.91     0.33
11   124.21   171.31    25.91     0.33
11   123.56   196.16    25.91     0.33
11   106.93   189.62    25.91     0.33
11    89.66   179.16    26.82     0.33
11    79.23   150.06    26.82     0.33
11    93.90   138.29    27.65     0.33
11    93.24   154.64    27.65     0.33
11    60.65   164.78    27.65     0.33
11   124.86    51.33    28.48     0.33
11    59.35    62.44    28.48     0.33
11   186.79    43.48    28.48     0.33
11   191.02   104.62    29.32     0.33
11   165.93   174.26    36.13     0.33
11   169.84   156.27    37.42     0.33
11   186.46    86.31    37.42     0.33
11   155.50    95.14    37.42     0.33
11   158.76   123.58    37.42     0.33
11   149.30   123.91    37.42     0.33
11   133.33   142.54    37.42     0.33
11   118.01   117.70    38.25     0.33
11   116.71   137.31    38.25     0.33
11    66.52    86.64    40.07     0.33
11    82.81    78.46    41.74     0.33
11   120.30    79.44    41.74     0.33
11    86.07   118.35    41.74     0.33
11    73.36   102.98    41.74     0.33
11    62.93   142.54    41.74     0.33
11   112.15   169.68    41.74     0.33
11   124.21   166.08    41.74     0.33
11   126.49   178.51    42.57     0.33
11   131.05   185.05    42.57     0.33
11   143.76   177.85    42.57     0.33
11   147.35   189.62    42.57     0.33
11   136.27   193.87    42.57     0.33
11   127.79   199.10    42.57     0.33
11   112.80   200.41    42.57     0.33
11   107.26   193.87    42.57     0.33
11    81.84   176.22    42.57     0.33
11    75.64   187.66    44.31     0.33
11   164.62    53.61    44.31     0.33
11   174.40    69.63    44.31     0.33
11   159.73    67.35    44.31     0.33
11   170.16    42.83    44.31     0.33
11   184.50    47.40    44.31     0.33
11   197.22    69.63    44.31     0.33
11   155.82    39.88    44.31     0.33
11   137.57    24.84    44.31     0.33
11   137.24    39.88    44.31     0.33
11   102.04    25.17    44.31     0.33
11   112.47    25.82    45.15     0.33
11   116.71    37.59    45.15     0.33
11   123.56    15.04    45.15     0.33
11   152.89    11.11    45.15     0.33
11   148.00    21.90    45.15     0.33
11   160.06    17.32    45.15     0.33
11   190.05   107.56    46.06     0.33
11    90.64   158.24    46.06     0.33
11    91.94   147.45    46.97     0.33
11    81.51   139.27    46.97     0.33
11   146.70   155.29    49.16     0.33
11   198.85   129.47    52.80     0.33
11   185.81    88.27    53.86     0.33
11   151.91    97.10    53.86     0.33
11   148.00   126.20    53.86     0.33
11   132.36   123.58    54.69     0.33
11   166.90   125.22    54.69     0.33
11   134.31   141.56    54.69     0.33
11    63.91   175.24    54.69     0.33
11    48.59   151.70    54.69     0.33
11    65.87   157.58    55.60     0.33
11    69.45    88.27    55.60     0.33
11    33.93    88.60    55.60     0.33
11    53.48    73.56    55.60     0.33
11   104.98   105.27    56.51     0.33
11   107.26    79.12    56.51     0.33
11   124.53    94.81    56.51     0.33
11   178.64   147.12    56.51     0.33
11   184.83   171.97    56.51     0.33
11   171.47   182.43    56.51     0.33
11   160.39   170.01    56.51     0.33
11   157.78   184.72    56.51     0.33
11    69.45    24.52    56.51     0.33
11    49.57    33.02    57.34     0.33
11    58.04    47.08    57.34     0.33
11    84.12    72.90    57.34     0.33
11    88.68   114.75    58.25     0.33
11    75.64   119.00    58.25     0.33
11    59.02   140.91    58.25     0.33
11    99.76   125.22    58.25     0.33
11   104.98   136.00    58.25     0.33
11   118.01   141.24    58.25     0.33
11   122.25   183.41    58.25     0.33
11   134.31   186.03    58.25     0.33
11   120.62   192.57    59.08     0.33
11   125.84   202.70    59.08     0.33
11   135.62   197.14    59.08     0.33
11   106.61   195.84    59.08     0.33
11   101.07   186.68    59.08     0.33
11   110.84   202.37    59.08     0.33
11   170.49    69.96    59.92     0.33
11   175.70    41.19    59.92     0.33
11   185.48    47.73    59.92     0.33
11   193.30    69.96    59.92     0.33
11   203.08    99.06    59.92     0.33
11   154.52    65.71    59.92     0.33
11   158.76    77.81    59.92     0.33
11   150.93    76.50    59.92     0.33
11   139.85    32.36    59.92     0.33
11   129.42    42.50    59.92     0.33
11   142.13    46.42    59.92     0.33
11   125.51    74.87    59.92     0.33
11    75.64   100.04    59.92     0.33
11   115.08   174.26    59.92     0.33
11   120.62   165.43    59.92     0.33
11   139.53   175.56    60.75     0.33
11    42.40   106.58    65.68     0.33
11    84.44    55.25    65.68     0.33
11   109.54    28.77    65.68     0.33
11   129.10    21.90    65.68     0.33
11   122.58     7.84    65.68     0.33
11   160.71    12.75    65.68     0.33
11   155.17    18.63    65.68     0.33
11   166.90    18.30    66.66     0.33
11   175.05    11.11    66.66     0.33
11   195.91    40.21    66.66     0.33
11   199.17   109.85    66.66     0.33
11   178.96   112.46    66.66     0.33
11   176.68   124.89    67.49     0.33
11   148.65   158.89    67.49     0.33
11    90.64   163.47    67.49     0.33
11    89.33   150.72    67.49     0.33
11    82.16   141.89    67.49     0.33
11    79.56   178.83    67.49     0.33
11    83.14   192.24    67.49     0.33
11    27.73   117.04    67.49     0.33
11    45.66   135.68    68.33     0.33
11   158.10    45.44    68.33     0.33
11   104.00     4.90    68.33     0.33
11    64.24   128.48    69.24     0.33
11   148.00    96.12    69.24     0.33
11   167.23   135.02    69.24     0.33
11   193.96   163.14    69.24     0.33
11   184.50    89.58    70.07     0.33
11   145.07    10.46    70.07     0.33
11   121.27    51.98    70.07     0.33
11    45.01   156.27    70.07     0.33
11    63.58   179.49    70.07     0.33
11   133.66   122.93    70.07     0.33
11   137.24   142.54    70.07     0.33
11    76.62    90.23    70.90     0.33
11    47.29    73.56    70.90     0.33
11    33.93    84.35    70.90     0.33
11    59.67   164.45    71.74     0.33
11   157.78   183.41    71.74     0.33
11   175.05   184.39    71.74     0.33
11   191.35   176.87    71.74     0.33
11   176.68   150.39    71.74     0.33
11   193.96   136.33    71.74     0.33
11   204.06   128.48    71.74     0.33
11   205.36    85.98    71.74     0.33
11   104.33   105.93    71.74     0.33
11   106.93    77.15    71.74     0.33
11    90.31    27.79    74.92     0.33
11    66.19    22.55    74.92     0.33
11    59.67    46.42    77.26     0.33
11   171.47    65.71    77.26     0.33
11   163.97    77.81    77.26     0.33
11   156.15   127.18    77.26     0.33
11   134.31   190.28    77.26     0.33
11   120.95   197.80    78.10     0.33
11   100.41   189.62    78.10     0.33
11   113.45   178.18    80.90     0.33
11   128.12   181.12    80.90     0.33
11   178.96    42.50    80.90     0.33
11   169.84    33.02    80.90     0.33
11   183.85    64.73    80.90     0.33
11   193.63    71.92    80.90     0.33
11   202.10    72.25    80.90     0.33
11   156.80    13.40    81.96     0.33
11   139.20    26.15    81.96     0.33
11   109.54    29.42    84.69     0.33
11   125.51    14.05    85.60     0.33
11   154.52    48.71    85.60     0.33
11   150.61    95.14    85.60     0.33
11   139.85   122.27    85.60     0.33
11   132.03   124.56    86.43     0.33
11    85.42   142.87    85.45     0.33
11    55.76   150.72    85.45     0.33
11    60.00   139.60    85.45     0.33
11    91.61   154.31    85.45     0.33
11    37.18   139.27    86.73     0.33
11    41.42   115.73    86.73     0.33
11    73.36    87.29    86.73     0.33
11    72.06   103.96    86.73     0.33
11    83.14   116.06    86.73     0.33
11    91.29   107.23    86.73     0.33
11    52.50    72.58    87.79     0.33
11    93.57    81.40    87.79     0.33
11   112.15    84.35    87.79     0.33
11   110.52    76.50    87.79     0.33
11   193.63    93.83    88.70     0.33
11   192.00    85.65    88.70     0.33
11   181.57    86.96    88.70     0.33
11   181.25    94.16    88.70     0.33
11   180.27   111.81    89.54     0.33
11   164.62   100.04    89.54     0.33
11   204.39    91.54    90.37     0.33
11   194.28    39.56    91.51     0.33
11   187.76    24.84    91.51     0.33
11   175.05    12.42    91.51     0.33
11   165.60    16.02    91.51     0.33
11   143.44    11.44    91.51     0.33
11   149.30     0.98    91.51     0.33
11   149.63    -6.54    91.51     0.33
11    92.92    27.46    92.42     0.33
11    66.52    18.63    92.42     0.33
11    62.61    32.36    92.42     0.33
11    49.57    24.84    92.42     0.33
11    85.10    10.46    92.42     0.33
11    82.81    55.58    92.42     0.33
11   165.60    63.42    92.42     0.33
11   161.04    73.89    92.42     0.33
11   173.10    65.38    92.42     0.33
11   170.82    78.46    92.42     0.33
11   170.49    52.96    92.42     0.33
11   195.26   113.45    94.23     0.33
11   205.36   113.45    94.23     0.33
11   189.39   135.02    94.23     0.33
11   146.04   169.03    94.23     0.33
11   149.96   158.24    94.23     0.33
11   148.98   178.51    94.23     0.33
11   160.06   170.33    94.23     0.33
11    66.84   171.31    94.23     0.33
11    64.56   181.12    94.23     0.33
11    71.08   186.68    94.23     0.33
11   120.95   199.10    94.23     0.33
11   136.27   189.95    94.23     0.33
11    57.72   167.39    94.23     0.33
11    60.33   156.93    95.07     0.33
11    40.77   163.79    95.07     0.33
11   106.28   132.73    95.07     0.33
11   118.01   167.06    95.07     0.33
11   208.95   132.08    95.90     0.33
11   194.93   158.89    95.90     0.33
11   189.07   168.04    95.90     0.33
11   168.21   183.08    95.90     0.33
11   157.13   184.72    95.90     0.33
11   187.44   179.16    95.90     0.33
11   100.74    68.00    96.73     0.33
11   124.21    68.00    96.73     0.33
11   123.56    80.75    97.64     0.33
11   114.10    47.08    97.64     0.33
11   159.41    36.94    98.55     0.33
11   171.47    39.23    98.55     0.33
11   183.20    39.23    99.38     0.33
11   201.78    70.29    99.38     0.33
11   188.74    64.40   100.29     0.33
11   191.02    77.48   100.29     0.33
11    70.43    76.17   100.29     0.33
11    80.53    79.12   100.29     0.33
11    74.34    56.88   100.29     0.33
11    42.73    71.60   101.43     0.33
11    55.11    52.63   101.43     0.33
11    56.09   140.58   102.34     0.33
11    84.44   142.54   102.34     0.33
11    76.30   150.06   102.34     0.33
11    90.96   156.93   102.34     0.33
11    78.90   162.16   102.34     0.33
11   105.63   146.14   102.34     0.33
11    97.16   145.81   102.34     0.33
11   116.71   147.77   102.34     0.33
11   131.38   133.72   102.34     0.33
11   135.62   123.91   102.34     0.33
11   155.50   123.91   105.97     0.33
11   155.82   131.43   106.20     0.33
11   132.68   144.50   107.49     0.33
11   167.56   150.39   107.49     0.33
11   205.69    86.31   107.49     0.33
11   192.65    86.96   107.49     0.33
11   192.33    94.81   107.49     0.33
11   184.83    94.48   108.40     0.33
11   180.27    90.23   108.40     0.33
11   176.68   108.21   108.40     0.33
11   166.58   107.89   108.40     0.33
11   154.52   102.98   108.40     0.33
11   144.42    92.19   108.40     0.33
11   134.96   100.69   108.40     0.33
11   145.72   106.25   109.31     0.33
11    94.22   107.56   109.31     0.33
11    77.60   100.37   109.31     0.33
11    64.24   103.31   110.14     0.33
11    63.26   168.37   110.14     0.33
11    67.82   172.62   110.14     0.33
11    76.62   170.33   110.14     0.33
11   102.70   172.30   110.14     0.33
11   109.21   165.76   112.19     0.33
11   119.32   168.37   112.19     0.33
11   116.71   180.14   112.19     0.33
11   105.96   183.08   112.19     0.33
11   107.59   192.24   113.02     0.33
11   118.01   192.57   113.02     0.33
11   127.47   191.26   113.02     0.33
11   126.82   184.07   113.02     0.33
11   132.36   196.49   113.02     0.33
11   140.18   191.91   113.02     0.33
11   149.30   186.68   113.02     0.33
11   144.42   170.66   113.02     0.33
11   153.54   171.97   113.02     0.33
11   160.06   166.41   113.02     0.33
11   152.24   159.87   113.02     0.33
11   147.67   151.04   113.02     0.33
11   138.87   157.26   113.02     0.33
11   133.99   163.47   113.02     0.33
11   173.42   161.18   113.02     0.33
11   186.13   171.64   113.02     0.33
11   191.35   160.85   113.02     0.33
11   168.53   182.76   113.02     0.33
11   182.22   140.91   116.20     0.33
11   194.61   140.25   117.72     0.33
11   207.65   131.43   118.55     0.33
11   195.59   125.22   118.55     0.33
11   181.25   118.35   121.58     0.33
11   199.50   115.73   121.58     0.33
11   153.54   123.25   123.78     0.33
11   175.70   106.25   123.78     0.33
11   157.13   103.31   123.78     0.33
11   156.47   109.85   123.78     0.33
11   118.34   148.76   123.78     0.33
11    99.44   146.47   123.78     0.33
11   106.61   148.10   123.78     0.33
11    69.45   152.68   123.78     0.33
11    55.11   148.76   123.78     0.33
11    48.27   147.12   123.78     0.33
11    49.90   137.64   123.78     0.33
11    36.21   139.93   123.78     0.33
11    36.86   146.47   123.78     0.33
11    49.57   162.81   123.78     0.33
11    60.33   184.72   123.78     0.33
11    68.15   189.30   123.78     0.33
11    80.21   184.39   123.78     0.33
11    91.61   190.28   123.78     0.33
11   148.65    91.54   123.78     0.33
11   141.48    91.87   123.78     0.33
11    96.18    90.23   123.78     0.33
11    94.22    83.37   123.78     0.33
11   110.52   106.58   123.78     0.33
11    76.30    78.14   123.78     0.33
11    69.13    84.02   124.99     0.33
11   105.63    81.08   124.99     0.33
11   110.84    69.63   124.99     0.33
11   123.23    81.08   124.99     0.33
11   130.40    75.85   124.99     0.33
11   129.42    95.14   124.99     0.33
11   136.92   101.68   124.99     0.33
11   146.70   102.98   124.99     0.33
11   168.53    76.50   124.99     0.33
11   170.49    68.00   124.99     0.33
11   169.19    57.54   124.99     0.33
11   156.80    65.38   124.99     0.33
11   147.67    68.33   124.99     0.33
11   150.28    57.21   124.99     0.33
11   160.06    38.90   124.99     0.33
11   152.89    36.29   124.99     0.33
11   172.45    43.48   124.99     0.33
11   179.62    37.27   124.99     0.33
11   186.13    32.69   126.05     0.33
11   193.63    41.19   126.05     0.33
11    88.36    18.63   126.05     0.33
11    96.18    24.84   126.05     0.33
11   118.67     7.84   126.05     0.33
11   115.41    20.59   126.05     0.33
11   150.28    22.88   126.05     0.33
11   167.23    14.05   126.05     0.33
11   176.36    11.44   126.05     0.33
11   182.55    17.32   126.05     0.33
11   195.91    84.35   126.88     0.33
11   203.08    85.65   126.88     0.33
11   192.65    97.75   126.88     0.33
11   195.91   103.64   126.88     0.33
11   180.92    85.65   126.88     0.33
11   169.19    85.00   126.88     0.33
11   139.53   111.16   126.88     0.33
11   126.49   116.39   129.84     0.33
11    97.48   112.79   130.67     0.33
11    89.66   118.68   130.67     0.33
11    77.27   112.46   131.65     0.33
11    77.60    97.75   132.56     0.33
11    70.10   101.68   132.56     0.33
11    74.01    61.46   133.47     0.33
11    71.73    51.00   133.47     0.33
11    94.22    62.12   134.30     0.33
11    91.61    49.36   135.14     0.33
11    95.53    43.48   136.12     0.33
11    89.01    37.59   136.12     0.33
11   104.00    46.42   136.12     0.33
11   110.84    42.17   136.12     0.33
11   125.84    46.75   136.12     0.33
11   146.04     5.23   136.12     0.33
11   147.67    13.40   136.12     0.33
11   178.64    57.54   136.12     0.33
11   176.36    72.90   136.12     0.33
11   181.90    69.63   136.12     0.33
11   191.68    79.44   136.12     0.33
11   149.30   158.89   136.96     0.33
11   142.79   162.16   136.96     0.33
11   144.09   173.60   137.79     0.33
11   152.56   171.31   137.79     0.33
11   155.82   181.12   137.79     0.33
11   112.80   174.26   137.79     0.33
11   118.99   182.43   137.79     0.33
11    14.37   105.27   142.26     0.33
11    25.12    88.92   142.26     0.33
11     1.66    91.21   142.26     0.33
11    -3.56   104.62   142.26     0.33
11    36.53    74.54   142.03     0.33
11    44.03    66.37   142.03     0.33
11    44.03    57.86   142.03     0.33
11    40.12    50.02   142.03     0.33
11    34.90    38.25   142.03     0.33
11    28.71    30.73   142.03     0.33
11    53.81    32.04   142.03     0.33
11    58.37    22.23   142.03     0.33
11    66.84    12.75   142.03     0.33
11    55.44     1.96   142.03     0.33
11    51.20    12.09   142.03     0.33
11    43.70    29.42   142.03     0.33
11    60.33    64.40   142.03     0.33
11    56.74    70.29   142.03     0.33
11    73.04    76.83   142.03     0.33
11    59.02    54.27   142.03     0.33
11    53.15    82.71   142.03     0.33
11    63.26   113.77   143.55     0.33
11    50.87   122.93   143.55     0.33
11    42.07   129.47   143.55     0.33
11    55.76   139.27   143.55     0.33
11    47.61   140.58   144.38     0.33
11    56.74   150.72   144.38     0.33
11    72.06   153.99   144.38     0.33
11    59.67   162.81   144.38     0.33
11    48.59   163.14   144.38     0.33
11    33.60   166.41   144.38     0.33
11    30.99   149.08   144.38     0.33
11    30.99   140.91   144.38     0.33
11    21.87   148.43   144.38     0.33
11    21.87   162.16   144.38     0.33
11    56.09   175.24   144.38     0.33
11    84.77   179.16   145.29     0.33
11   102.04   141.24   146.12     0.33
11   110.19   134.04   146.12     0.33
11   124.53   138.95   146.12     0.33
11   131.05   155.95   147.94     0.33
11   142.13   153.01   147.94     0.33
11   142.79   138.95   147.94     0.33
11   166.58   141.89   147.26     0.33
11   171.14   133.72   151.12     0.33
11   161.69   134.37   145.06     0.33
11   160.39   118.68   151.20     0.33
11   143.76   124.89   148.39     0.33
11   154.19   124.89   143.09     0.33
11   154.19   108.87   140.82     0.33
11   159.08   101.68   150.67     0.33
11   138.22   107.89   150.67     0.33
11   135.94   117.37   150.67     0.33
11   148.00    93.83   151.50     0.33
11   169.19    88.92   152.33     0.33
11   161.69    89.25   142.26     0.33
11   168.21    79.77   145.06     0.33
11   164.95    71.92   146.58     0.33
11   155.82    63.42   147.86     0.33
11   112.15    62.77   149.15     0.33
11   148.65    54.92   150.29     0.33
11   145.72    58.85   150.29     0.33
11   153.22    48.06   150.29     0.33
11    94.87    87.29   152.33     0.33
11   142.13    86.64   152.33     0.33
11   131.38    84.67   152.33     0.33
11   129.10    96.44   153.17     0.33
11   111.50    85.33   153.17     0.33
11    73.69    98.08   154.91     0.33
11    71.73   106.25   154.91     0.33
11    62.61    98.08   154.91     0.33
11    66.84    94.48   156.95     0.33
11    88.03   103.96   157.94     0.33
11    78.90   113.45   157.94     0.33
11    98.46   123.91   158.77     0.33
11    66.84    71.60   158.77     0.33
11    74.34    65.38   158.77     0.33
11    58.70    67.35   158.77     0.33
11    58.70    59.50   158.77     0.33
11    49.57    93.17   159.61     0.33
11    60.00   111.16   159.61     0.33
11    66.52   115.08   159.61     0.33
11    45.98    63.75   159.61     0.33
11    35.55    66.04   159.61     0.33
11    24.15    69.63   160.44     0.33
11    27.08    82.39   161.27     0.33
11    40.77    38.25   161.27     0.33
11    34.90    41.19   162.18     0.33
11    51.85    34.65   163.01     0.33
11    67.82    32.69   163.01     0.33
11    99.11    66.69   163.85     0.33
11    87.70    59.17   164.83     0.33
11    78.58   133.72   164.83     0.33
11    70.43   149.74   164.83     0.33
11    56.09   147.45   165.67     0.33
11   100.74   155.95   165.67     0.33
11   104.65   167.72   166.50     0.33
11   115.08   174.58   166.50     0.33
11   147.02   111.48   167.63     0.33
11   151.59   104.29   168.47     0.33
11   152.89   127.50   169.53     0.33
11   163.32   112.79   168.54     0.33
11   157.78    60.48   170.51     0.33
11   148.00    60.48   173.47     0.33
11   154.85    51.00   176.65     0.33
11   142.13    51.65   178.62     0.33
11   153.22    41.84   179.60     0.33
11   141.16    42.50   180.66     0.33
11   134.64    47.73   181.50     0.33
11   127.14    43.15   183.92     0.33
11   149.63    28.77   169.53     0.33
11   136.59    33.34   174.76     0.33
11   116.71    95.46   175.89     0.33
11   123.56    85.00   175.89     0.33
11   134.64    78.46   192.03     0.33
11   112.47    77.15   184.15     0.33
11    96.18    94.81   179.75     0.33
11    85.75    96.44   181.50     0.33
11    78.25    96.44   184.53     0.33
11    45.33    92.52   179.91     0.33
11    61.30    92.85   182.41     0.33
11    32.30    83.04   181.95     0.33
11    17.30    79.12   177.41     0.33
11    55.11    66.37   184.68     0.33
11    67.82    59.50   178.24     0.33
11    66.52    68.33   178.24     0.33
11    81.51    68.33   177.18     0.33
11    96.18    72.58   177.18     0.33
11   105.63    72.90   177.18     0.33
11   105.63    61.13   177.18     0.33
11    47.61    60.48   177.18     0.33
11    47.94    50.67   170.97     0.33
11    60.98    45.77   173.32     0.33
11    56.09    49.04   178.69     0.33
11    64.89    51.00   178.69     0.33
11    36.21    43.81   179.30     0.33
11    39.14    38.90   179.30     0.33
11    65.54    34.98   180.13     0.33
11    72.06    39.88   180.13     0.33
11    80.53    45.11   180.13     0.33
11    61.96    22.88   174.91     0.33
11    60.00    13.73   172.86     0.33
11    51.85    23.54   172.86     0.33
11    45.33    20.59   171.73     0.33
11    22.52    46.42   171.73     0.33
11    12.41    61.46   178.54     0.33
11    -1.60    59.50   185.66     0.33
11     0.03    65.38   185.66     0.33
11     4.27    71.60   186.88     0.33
11    31.64    97.42   182.33     0.33
11    41.75   103.31   182.33     0.33
11    52.83    93.83   185.06     0.33
11    74.67    84.67   185.89     0.33
11    72.71   101.68   186.88     0.33
11    83.47   107.56   188.84     0.33
11    90.31   111.81   188.84     0.33
11    95.85   108.21   188.84     0.33
11   129.75    88.60   190.74     0.33
11   136.27    98.41   190.74     0.33
11   148.65    96.12   187.18     0.33
11    91.61   119.66   181.72     0.33
11   110.84   112.79   182.56     0.33
11    99.76   128.16   177.41     0.33
11    99.11   139.27   187.63     0.33
11   137.90   122.60   167.71     0.33
11   129.75   128.48   162.41     0.33
11   119.97   114.43   157.94     0.33
11    79.88   149.41   162.33     0.33
11    77.27   158.24   179.07     0.33
11    86.40   156.27   184.30     0.33
11    89.33   161.83   175.29     0.33
11    63.91   159.87   161.04     0.33
11    26.10   156.27   179.30     0.33
11    22.19   143.20   175.13     0.33
11    13.72   132.08   174.07     0.33
11    45.66   145.16   180.66     0.33
11    53.81   137.31   182.56     0.33
11    45.66   133.06   167.79     0.33
11   143.44    91.21   169.68     0.33
11   134.64    74.21   169.68     0.33
11   138.87    81.73   169.68     0.33
11   131.70    82.39   170.51     0.33
11   152.56    67.67   170.51     0.33
11   167.56    89.58   174.60     0.33
11    31.97   118.68   174.60     0.33
11    24.15   123.91   175.51     0.33
11    38.49   123.58   176.50     0.33
11    35.55   142.22   177.94     0.33
11    38.49   152.35   181.50     0.33
11    39.47   161.51   181.50     0.33
11    55.44   146.79   182.48     0.33
11    64.56   147.12   182.48     0.33
11    62.61   130.77   183.54     0.33
11    61.63   119.66   184.91     0.33
11    59.35   106.25   185.81     0.33
11   118.99   137.31   164.53     0.33
11   112.47   140.58   173.16     0.33
11   109.21   148.10   172.26     0.33
11    -4.86    77.81   166.57     0.33
11     2.31    88.92   170.51     0.33
11    42.73    99.06   166.80     0.33
11    43.38   105.93   166.80     0.33
11    20.89   112.79   189.07     0.33
11    56.41   119.98   189.07     0.33
11    45.66    45.77   195.21     0.33
11    38.16    40.54   197.40     0.33
11    68.15    57.86   198.24     0.33
11    62.28    67.35   199.07     0.33
11    68.15    68.98   199.07     0.33
11    74.99    65.38   199.07     0.33
11    67.82    90.89   199.07     0.33
11    86.73    97.42   199.07     0.33
11   102.70    63.75   199.07     0.33
11   103.35    79.44   199.07     0.33
11    96.18    91.54   199.07     0.33
11    75.64   136.99   199.07     0.33
11    64.24   131.10   200.06     0.33
11    50.22   135.35   200.06     0.33
11    55.11   131.75   195.74     0.33
11    49.24   141.89   199.60     0.33
11    63.58   142.54   201.27     0.33
11    64.89   149.74   202.18     0.33
11    33.93   115.08   200.36     0.33
11    34.90   107.56   200.36     0.33
11    40.44   120.31   200.36     0.33
11    26.43   109.85   200.36     0.33
11    41.10    88.27   200.36     0.33
11    40.12    79.12   201.19     0.33
11    31.32    85.65   200.28     0.33
11    54.13    93.17   201.19     0.33
11    59.02    84.67   201.19     0.33
11    46.64    55.90   199.00     0.33
11    39.14    59.50   199.00     0.33
11    31.32    59.83   199.00     0.33
11    25.78    57.21   198.09     0.33
11    19.58    75.19   198.09     0.33
11    30.67    99.06   198.62     0.33
11    23.50   102.00   198.62     0.33
11    34.90   141.24   194.90     0.33
11    35.55   129.14   194.90     0.33
11    23.82   126.85   194.90     0.33
11    45.66   129.14   194.90     0.33
11    46.64   111.16   194.90     0.33
11    76.30   116.39   194.90     0.33
11    70.76   125.54   194.90     0.33
11    83.14   128.81   194.90     0.33
11    82.49   141.89   194.90     0.33
11    74.34   148.10   194.90     0.33
11    60.33   159.87   194.75     0.33
11    49.24   154.64   194.75     0.33
11    99.76   128.16   194.75     0.33
11   102.37   118.68   194.75     0.33
11   123.88    98.73   194.75     0.33
11   113.78    90.89   194.75     0.33
11   122.58    83.04   194.75     0.33
11    93.90    74.87   194.75     0.33
11    85.42    83.04   194.75     0.33
11    82.16    72.25   193.77     0.33
11    86.40    58.52   193.77     0.33
11   132.36    66.37   193.77     0.33
11   140.83    56.88   193.77     0.33
11   149.63    54.27   193.77     0.33
11   157.45    60.48   193.77     0.33
11   150.61    77.81   193.77     0.33
11   144.09    68.33   193.77     0.33
11   119.97    68.33   193.77     0.33
11   118.01    52.31   193.77     0.33
11   103.35    48.71   193.77     0.33
11    92.59    52.63   193.77     0.33
11   113.13    34.32   193.77     0.33
11    92.92    37.92   193.77     0.33
11    79.23    26.48   193.77     0.33
11    57.72    49.69   193.77     0.33
11    45.66    20.27   192.94     0.33
11    50.22    32.69   192.94     0.33
11    41.42    29.42   192.94     0.33
11    20.24    46.42   192.94     0.33
11     6.87    84.02   192.94     0.33
11    22.52   144.50   192.94     0.33
11    12.41    41.84   192.94     0.33
11     4.27    51.65   192.10     0.33
11    14.70    32.36   192.10     0.33
11    27.41    20.92   192.10     0.33
11    57.72    24.19   192.10     0.33
11    93.90    25.82   192.10     0.33
11    19.58   101.35   181.80     0.33
11    15.02    90.23   181.80     0.33
11     7.52   105.60   180.44     0.33
11     1.33    99.06   180.44     0.33
11    44.35    66.69   180.44     0.33
11    62.61    80.10   179.38     0.33
11    45.66    78.46   179.22     0.33
11    26.43    68.65   177.41     0.33
11    19.58    56.56   176.50     0.33
11    30.01    55.25   176.50     0.33
11     9.48    48.38   176.50     0.33
11    15.67    42.50   176.50     0.33
11    25.78    34.32   176.50     0.33
11    36.21    61.46   176.50     0.33
11    55.11    77.15   176.50     0.33
11    82.49    77.48   176.50     0.33
11    89.01    84.67   175.59     0.33
11    96.83    88.27   175.59     0.33
11   107.26    81.40   174.76     0.33
11   107.26    90.89   174.76     0.33
11   103.35   103.96   174.76     0.33
11   125.84   102.66   174.76     0.33
11   127.47    91.21   174.76     0.33
11   120.62   115.08   174.76     0.33
11    71.41   114.43   174.76     0.33
11    75.32   107.89   174.76     0.33
11    48.59   120.31   174.76     0.33
11    95.85    46.75   174.76     0.33
11   136.27    63.75   173.92     0.33
11   124.86    49.69   173.92     0.33
11   146.37    75.19   173.92     0.33
11   157.45    91.54   173.92     0.33
11   128.44   170.33   173.92     0.33
11   131.05   160.53   173.92     0.33
11   147.02   157.58   173.92     0.33
11   146.04   164.12   173.92     0.33
11    88.68   144.50   173.92     0.33
11    89.33   133.72   173.92     0.33
11    68.80   137.64   173.92     0.33
11    79.23   120.31   173.92     0.33
11    31.97   106.91   173.92     0.33
11    18.93   112.79   173.92     0.33
11    27.41   133.39   173.92     0.33
11    10.13   118.35   173.92     0.33
11    85.42    35.96   173.92     0.33
11   106.61    49.69   173.92     0.33
11   120.95    67.02   173.92     0.33
11   100.09    35.31   173.92     0.33
11   120.95    31.38   173.92     0.33
11   144.42    18.30   171.88     0.33
11   132.03    17.32   171.88     0.33
11   118.67    20.92   171.88     0.33
11   112.15     5.55   171.88     0.33
11   103.35    13.73   171.88     0.33
11   101.72    26.81   171.88     0.33
11    85.75    25.82   171.88     0.33
11    74.67    19.29   171.88     0.33
11    84.44    11.77   171.88     0.33
11    97.81   112.46   171.88     0.33
11   108.56   122.60   171.88     0.33
11   116.71   125.87   171.88     0.33
11    99.44   139.27   171.88     0.33
11   133.99   112.14   171.88     0.33
11   140.18   102.66   171.88     0.33
11   139.20   137.31   171.88     0.33
11   127.14   149.41   171.88     0.33
11   117.69   159.87   171.88     0.33
11   139.20   149.41   171.88     0.33
11   150.93   142.54   171.88     0.33
11   156.80    78.46   171.88     0.33
11   162.99   101.68   171.88     0.33
11     8.83    76.50   170.51     0.33
11    -1.28    61.79   169.45     0.33
11    71.73    84.35   168.01     0.33
11    59.67   125.54   168.01     0.33
11    87.38   178.18   168.01     0.33
11    53.48   170.99   168.01     0.33
11    50.22   158.24   168.01     0.33
11    65.21   174.58   168.01     0.33
11    76.95   168.70   168.01     0.33
11    74.34   178.18   168.01     0.33
11    98.13   178.51   168.01     0.33
11    55.76   134.70   166.20     0.33
11    30.67    97.10   166.20     0.33
11    17.95    99.39   166.20     0.33
11    39.14   164.12   166.20     0.33
11    84.12    94.81   166.20     0.33
11   137.24     7.52   166.20     0.33
11   126.16     2.94   166.20     0.33
11   164.30    44.13   166.20     0.33
11    -0.30   106.91   165.36     0.33
11   167.88    54.27   165.36     0.33
11    47.29    84.35   162.71     0.33
11    45.66   142.87   162.71     0.33
11    30.01   146.47   162.71     0.33
11    25.78   159.22   162.71     0.33
11    59.35   180.47   162.71     0.33
11   118.99   181.78   162.71     0.33
11   129.75   139.27   162.71     0.33
11    89.01   118.35   162.71     0.33
11    96.18    96.12   162.71     0.33
11   136.27    46.09   162.71     0.33
11    79.56    51.33   162.71     0.33
11    67.17    55.90   162.71     0.33
11    74.67    42.83   162.71     0.33
11    74.01     7.52   162.71     0.33
11   124.53    11.44   162.71     0.33
11   129.42    25.82   162.71     0.33
11   145.07    40.86   162.71     0.33
11   165.60    68.65   162.71     0.33
11   178.64    58.52   162.71     0.33
11    12.41    91.21   162.71     0.33
11    40.77    76.50   162.71     0.33
11     9.15   106.58   162.71     0.33
11    36.21    54.60   160.06     0.33
11    22.52    58.19   160.06     0.33
11     8.83    65.71   160.06     0.33
11    38.16   136.66   160.06     0.33
11   107.26   109.19   160.06     0.33
11   114.10    97.42   160.06     0.33
11   119.97    78.46   160.06     0.33
11    85.42    78.14   160.06     0.33
11    81.84    69.96   160.06     0.33
11    53.81    78.46   160.06     0.33
11   106.61    70.94   160.06     0.33
11    13.72    52.63   160.06     0.33
11    27.08    31.71   159.15     0.33
11    51.20    10.46   158.32     0.33
11    96.18    40.54   158.32     0.33
11    95.53    51.33   158.32     0.33
11   127.14    50.02   158.32     0.33
11   132.68    60.81   158.32     0.33
11   125.19    34.32   158.32     0.33
11   108.89    43.15   158.32     0.33
11   107.59    33.67   158.32     0.33
11    64.24    44.79   157.33     0.33
11    55.11    40.21   157.33     0.33
11    51.53    25.50   157.33     0.33
11   129.75   169.35   157.33     0.33
11   148.00   165.43   156.95     0.33
11   141.81   161.18   156.95     0.33
11   153.22   154.31   156.95     0.33
11    29.69   122.60   156.95     0.33
11    27.73   107.56   156.04     0.33
11    19.91   117.70   156.04     0.33
11    20.56   131.75   156.04     0.33
11    66.52   139.93   156.04     0.33
11    86.73   129.47   156.04     0.33
11    87.38   158.24   156.04     0.33
11   113.13   157.26   156.04     0.33
11   118.67   143.85   156.04     0.33
11   116.71    51.00   156.04     0.33
11   116.06    22.23   156.04     0.33
11   112.47    11.77   156.04     0.33
11    94.22    29.42   156.04     0.33
11    79.23    21.25   156.04     0.33
11    83.14    37.59   156.04     0.33
11   100.74    18.63   156.04     0.33
11   142.46    18.30   156.04     0.33
11   137.57    31.71   156.04     0.33
11   109.21   123.25   156.04     0.33
11   153.22    80.75   156.04     0.33
11   169.51   120.31   156.04     0.33
11    15.35    80.42   154.30     0.33
11     9.48    74.21   153.47     0.33
11    70.43   126.85   153.47     0.33
11    39.47   115.41   153.47     0.33
11    94.22    13.40   152.64     0.33
11   149.63    24.19   152.64     0.33
11   136.92    69.31   152.64     0.33
11   146.37    69.63   152.64     0.33
11    69.78   168.37   152.64     0.33
11    88.03   167.72   152.64     0.33
11   101.72   179.49   152.64     0.33
11    70.43   180.80   152.64     0.33
11    77.60   186.03   152.64     0.33
11    73.36    85.65   152.64     0.33
11    63.26    83.69   152.64     0.33
11   115.41    -0.00   152.64     0.33
11    14.70   125.22   152.64     0.33
11   180.27    95.46   152.64     0.33
11   171.79    98.08   152.64     0.33
11   177.01   112.14   152.64     0.33
11   180.92    71.92   152.64     0.33
11    88.68   142.87   152.64     0.33
11   124.53    20.59   151.80     0.33
11    41.42    96.77   148.85     0.33
11    46.31   108.54   148.85     0.33
11    -4.21    80.10   148.85     0.33
11    -7.79    96.44   148.85     0.33
11    14.37   141.24   148.85     0.33
11    15.67   154.31   148.85     0.33
11    11.11   131.10   148.85     0.33
11    26.43    46.42   148.85     0.33
11   132.68     1.63   148.85     0.33
11   137.90    10.13   148.85     0.33
11   161.36    45.11   148.85     0.33
11   160.71    57.21   148.85     0.33
11   102.70   154.64   148.85     0.33
11   103.02   167.06   148.85     0.33
11    76.95   134.04   148.85     0.33
11    82.49    89.58   148.85     0.33
11    32.62    98.08   148.85     0.33
11   140.83    42.50   145.06     0.33
11    22.84    72.90   144.15     0.33
11    35.23    64.40   144.15     0.33
11    12.09    56.56   144.15     0.33
11     4.59    68.33   144.15     0.33
11   103.67    71.92   144.15     0.33
11   104.98    93.50   144.15     0.33
11   112.15   100.04   144.15     0.33
11    96.83   101.35   144.15     0.33
11   104.98   108.87   144.15     0.33
11   125.51    87.94   144.15     0.33
11    44.68    91.21   144.15     0.33
11    52.83   103.31   143.24     0.33
11     8.50   119.33   143.24     0.33
11    22.19    61.46   143.24     0.33
11    16.32    45.77   143.24     0.33
11   129.75   131.10   143.24     0.33
11   137.24    99.39   143.24     0.33
11   166.90    63.10   143.24     0.33
11   120.95   160.85   143.24     0.33
11    91.61   183.41   143.24     0.33
11   121.27   173.28   143.24     0.33
11   124.53    62.44   143.24     0.33
11   135.94    51.33   143.24     0.33
11   126.16    32.36   143.24     0.33
11   109.54    29.75   142.18     0.33
11    55.44    39.56   142.18     0.33
11    66.84    35.63   142.18     0.33
11    84.12    69.96   142.18     0.33
11   164.62   153.99   141.35     0.33
11   175.05   161.18   141.35     0.33
11   179.62   141.24   141.35     0.33
11   182.22   120.96   141.35     0.33
11   133.66   171.64   141.35     0.33
11   161.36   166.41   141.35     0.33
11   160.71    33.67   141.35     0.33
11    16.65    97.10   141.35     0.33
11    -5.19   113.77   141.35     0.33
11   175.05    33.67   140.06     0.33
11   179.62    44.79   140.06     0.33
11   165.93    23.54   140.06     0.33
11   137.57    31.71   140.06     0.33
11   133.01    21.57   140.06     0.33
11   181.25    22.55   142.26     0.33
11   188.74    38.25   142.26     0.33
11   193.63   121.95   140.44     0.33
11   184.83   155.29   140.44     0.33
11   177.99   170.99   140.44     0.33
11   111.17   117.37   140.44     0.33
11    64.89   139.93   140.44     0.33
11    39.47    82.71   140.44     0.33
11    28.06   118.35   140.44     0.33
11    28.71   130.12   140.44     0.33
11    25.12   108.21   140.44     0.33
11   192.33    61.46   138.77     0.33
11   192.65    54.60   138.77     0.33
11   191.68   138.62   138.77     0.33
11   188.42   149.08   138.77     0.33
11   203.41   129.47   138.77     0.33
11    81.18   146.47   136.20     0.33
11    82.49   156.93   136.20     0.33
11    71.73   164.45   136.20     0.33
11    64.89   171.97   136.20     0.33
11    99.76    10.46   136.20     0.33
11   104.00    -1.31   136.20     0.33
11   149.96    78.14   136.20     0.33
11   138.55    79.44   136.20     0.33
11   180.92    97.10   136.20     0.33
11   170.16   122.60   136.20     0.33
11    67.17   126.85   134.15     0.33
11   135.94   181.12   132.34     0.33
11   147.35   184.39   132.34     0.33
11   139.20   149.74   132.34     0.33
11   140.83   134.37   132.34     0.33
11   100.09   173.28   131.50     0.33
11   109.21   185.70   131.50     0.33
11    43.38   113.77   130.52     0.33
11   109.21   134.70   130.52     0.33
11   101.72   131.10   130.52     0.33
11    94.55   136.66   130.52     0.33
11   163.65   136.33   128.32     0.33
11   168.53   148.10   128.32     0.33
11   184.83   167.06   128.32     0.33
11    60.65   116.71   128.32     0.33
11    40.77    94.16   128.32     0.33
11    19.26    74.54   128.32     0.33
11     4.59    78.79   128.32     0.33
11    12.09    61.13   128.32     0.33
11    87.05   104.94   127.49     0.33
11   105.96    94.81   127.49     0.33
11    45.33   126.85   127.94     0.33
11    28.38   151.70   127.11     0.33
11    29.69   168.04   127.11     0.33
11    22.84   164.45   127.11     0.33
11    90.31   164.12   126.12     0.33
11    81.18   171.97   126.12     0.33
11    90.31   172.62   126.12     0.33
11   134.31   127.18   126.12     0.33
11   124.21   131.75   126.12     0.33
11   176.68   133.39   126.12     0.33
11   165.60   101.02   126.12     0.33
11   140.18    59.50   125.29     0.33
11   124.86    60.48   125.29     0.33
11   111.50    57.86   125.29     0.33
11   125.19    32.36   125.29     0.33
11   131.05     2.94   125.29     0.33
11   110.52    31.06   125.29     0.33
11   157.13    52.63   125.29     0.33
11    62.28    74.87   125.29     0.33
11    55.76    84.02   125.29     0.33
11    36.53    75.85   125.29     0.33
11    25.12    90.56   125.29     0.33
11     4.27    93.50   125.29     0.33
11    -1.28   102.66   125.29     0.33
11    -1.93   111.81   125.29     0.33
11    17.63   104.62   125.29     0.33
11    30.67   129.47   125.29     0.33
11    31.97   116.71   125.29     0.33
11    17.95   124.23   125.29     0.33
11    54.13    57.86   125.29     0.33
11    42.40    69.96   125.29     0.33
11    40.77    58.85   125.29     0.33
11    52.83    27.46   125.29     0.33
11    64.89    35.96   125.29     0.33
11    66.19    27.13   125.29     0.33
11    66.84    11.44   124.46     0.33
11    57.39    13.40   124.46     0.33
11    57.07     3.92   124.46     0.33
11    33.60    20.27   124.46     0.33
11    26.75    31.38   124.46     0.33
11    16.98    34.65   124.46     0.33
11    55.44    46.75   122.56     0.33
11    40.12    48.38   121.73     0.33
11    52.50    98.73   121.43     0.33
11    29.36   105.60   120.59     0.33
11    80.21   145.49   120.59     0.33
11   111.82   120.31   120.59     0.33
11   155.17    80.10   120.59     0.33
11   128.12    48.06   120.59     0.33
11   114.76    47.40   120.59     0.33
11   104.65    48.71   119.68     0.33
11   128.44    18.96   119.68     0.33
11   138.87    43.15   119.68     0.33
11    93.24    43.48   119.68     0.33
11    80.86    47.40   119.68     0.33
11    77.93    33.02   119.68     0.33
11    25.78    57.54   119.68     0.33
11    46.31    36.94   119.68     0.33
11    80.53   132.41   119.68     0.33
11   192.00    73.56   118.85     0.33
11   185.81    58.19   118.85     0.33
11   179.94    69.96   118.85     0.33
11    92.59    63.42   118.85     0.33
11    63.91   139.60   118.85     0.33
11    63.58   129.14   118.85     0.33
11   147.02    12.75   118.85     0.33
11   200.80    69.63   118.85     0.33
11   150.61    50.02   107.41     0.33
11   164.30    55.58   107.41     0.33
11   184.83    53.29   107.41     0.33
11   195.26    41.52   107.41     0.33
11   184.50    32.36   107.41     0.33
11   156.15    65.38   107.41     0.33
11    94.87    88.27   107.41     0.33
11   108.56   105.60   107.41     0.33
11    58.70    77.81   107.41     0.33
11    51.20   117.37   111.88     0.33
11    86.07   119.00   111.88     0.33
11   103.67   132.41   111.88     0.33
11    72.38   114.43   111.88     0.33
11    31.97   167.06   111.88     0.33
11    16.32   164.78   111.88     0.33
11    42.07   171.97   111.88     0.33
11    24.15   154.31   111.88     0.33
11   133.66   178.51   111.88     0.33
11   164.30   138.95   111.88     0.33
11   141.48    35.63   111.88     0.33
11    99.76    32.04   111.88     0.33
11    86.07    31.06   111.88     0.33
11    76.30     0.98   111.88     0.33
11    70.76     4.90   111.88     0.33
11    61.63     0.98   111.88     0.33
11    70.10   -13.74   111.88     0.33
11    43.05    15.36   111.88     0.33
11    45.33     1.63   111.88     0.33
11    20.89    44.13   111.88     0.33
11    16.65    66.69   106.81     0.33
11    12.41    76.17   106.81     0.33
11    35.55    82.39   106.81     0.33
11     6.55    95.46   105.90     0.33
11    -2.91    99.06   105.90     0.33
11     3.29   109.52   105.90     0.33
11     6.22   120.64   105.90     0.33
11    14.70   117.70   105.90     0.33
11    38.16   117.37   112.64     0.33
11    21.54   133.39   109.23     0.33
11    72.06    86.31   108.25     0.33
11   162.34    70.29   108.25     0.33
11   167.56    85.65   108.25     0.33
11   120.95   120.96   108.25     0.33
11   119.32   105.27   108.25     0.33
11   113.78    90.89   108.25     0.33
11   106.28    82.06   108.25     0.33
11    37.18   140.25   108.25     0.33
11    54.46   150.72   108.25     0.33
11    87.70   187.01   108.25     0.33
11    89.99   169.03   108.25     0.33
11   125.19   153.66   108.25     0.33
11   171.14   129.79   108.25     0.33
11   208.62   100.69   108.25     0.33
11   173.42    58.19   108.25     0.33
11   152.24    24.19   108.25     0.33
11   161.69     9.15   108.25     0.33
11   186.13    23.86   108.25     0.33
11   180.59    14.38   108.25     0.33
11   115.08    23.54   108.25     0.33
11   109.21    32.36   108.25     0.33
11   110.52    14.38   108.25     0.33
11   124.53     9.15   108.25     0.33
11    93.57    21.57   108.25     0.33
11   141.81    75.52   108.25     0.33
11   136.27    62.12   108.25     0.33
11    59.67    63.42   108.25     0.33
11    63.91    34.98   108.25     0.33
11    54.13    28.77   107.34     0.33
11   125.19    36.29   107.34     0.33
11    45.98   130.45   107.34     0.33
11    39.47    95.14   106.50     0.33
11    22.84    87.62   106.50     0.33
11    39.79    56.23   106.50     0.33
11    19.26   102.66   105.67     0.33
11    30.67    31.06   105.67     0.33
11    19.26    32.04   105.67     0.33
11    55.11    95.79   105.67     0.33
11    42.40   153.99   105.67     0.33
11   112.80    63.42   105.67     0.33
11   178.64   118.35   105.67     0.33
11    67.82   135.68   102.04     0.33
11    60.00   121.29   102.04     0.33
11   129.10    49.36   104.23     0.33
11    91.29    46.75   103.02     0.33
11    72.71    44.46   102.19     0.33
11   131.05    23.21   102.19     0.33
11    43.38    40.54   102.19     0.33
11    30.01    65.38   102.19     0.33
11    28.71   121.95   102.19     0.33
11   106.61   118.68   102.19     0.33
11    81.51   131.10   102.19     0.33
11    92.59    56.56   102.19     0.33
11    83.14    68.65   102.19     0.33
11   131.38    72.90   102.19     0.33
11   153.54    82.71   102.19     0.33
11   176.36   147.77   100.44     0.33
11   197.54   142.22   100.44     0.33
11   188.09   124.89   100.44     0.33
11    40.77   108.87   100.44     0.33
11   131.38   172.62    96.28     0.33
11   127.14   183.41    96.28     0.33
11   112.80   180.80    96.28     0.33
11   125.51   179.16    96.28     0.33
11   139.20   175.24    96.28     0.33
11   153.87   163.47    96.28     0.33
11   148.33   147.77    96.28     0.33
11   177.33   167.39    96.28     0.33
11   176.68   157.91    96.28     0.33
11   169.84   166.41    96.28     0.33
11   105.63   191.91    96.28     0.33
11   104.00   181.45    96.28     0.33
11   143.44   137.97    96.28     0.33
11   107.59   158.89    96.28     0.33
11    91.94   133.06    96.28     0.33
11    91.94   119.98    96.28     0.33
11   122.25   138.29    95.44     0.33
11    71.41   119.33    95.44     0.33
11    49.57   111.16    95.44     0.33
11    29.36   158.56    95.44     0.33
11   103.02    50.02    93.02     0.33
11   144.09    69.63    93.02     0.33
11   139.20    94.48    93.02     0.33
11   125.19   101.68    93.02     0.33
11   114.76    93.83    93.02     0.33
11   121.27   113.45    93.02     0.33
11   140.83   107.89    93.02     0.33
11   157.78   112.46    93.02     0.33
11   166.58   128.81    93.02     0.33
11   128.77   158.24    93.02     0.33
11    96.83   168.04    93.02     0.33
11    82.81   172.95    93.02     0.33
11    87.70   188.64    93.02     0.33
11    43.70   178.18    93.02     0.33
11   112.15    14.05    93.02     0.33
11    97.48    11.77    93.02     0.33
11    67.50     4.90    93.02     0.33
11    21.21    48.71    93.02     0.33
11   137.57    59.17    93.02     0.33
11   141.16    38.25    93.02     0.33
11   152.56    23.86    93.02     0.33
11    82.16    94.81    93.02     0.33
11   138.22    84.02    93.02     0.33
11    83.79    36.94    93.02     0.33
11    62.61    65.71    93.02     0.33
11    47.94    87.94    93.02     0.33
11    27.73   135.35    93.02     0.33
11    35.55    86.64    90.22     0.33
11    18.28    70.94    90.22     0.33
11    13.07    94.81    90.22     0.33
11    17.30   119.66    90.22     0.33
11    34.58    99.71    90.22     0.33
11    57.07   102.00    90.22     0.33
11    60.65    87.94    90.22     0.33
11    23.50   102.66    90.22     0.33
11    24.47    85.00    90.22     0.33
11    44.03    56.88    90.22     0.33
11    31.64    48.38    90.22     0.33
11    30.34    34.98    90.22     0.33
11    51.85    14.05    90.22     0.33
11   123.88    36.61    90.22     0.33
11   159.08   144.50    90.22     0.33
11   101.39   100.69    90.22     0.33
11    75.97    73.56    83.48     0.33
11    99.76   146.14    83.48     0.33
11    50.22   126.85    83.48     0.33
11   122.58    -1.64    83.48     0.33
11    70.10    58.52    82.57     0.33
11   124.53    78.79    80.83     0.33
11   122.58    65.06    80.83     0.33
11    93.24    69.31    80.83     0.33
11    98.79   122.93    80.83     0.33
11   175.05   166.41    80.83     0.33
11   111.17   150.72    80.83     0.33
11   104.65   132.73    79.99     0.33
11   138.22   132.73    79.99     0.33
11   149.63   136.33    79.99     0.33
11   119.64   165.43    79.99     0.33
11    73.04   152.35    79.99     0.33
11    81.51   159.87    79.99     0.33
11    81.18   127.50    79.99     0.33
11    62.61   113.77    79.99     0.33
11   156.47    36.61    79.08     0.33
11    77.93    43.15    77.57     0.33
11   101.07    54.27    77.57     0.33
11   109.87    61.79    77.57     0.33
11   102.70    41.19    77.57     0.33
11   139.20    49.69    77.57     0.33
11   139.20    61.79    77.57     0.33
11   135.29    83.69    76.58     0.33
11   120.95    96.44    76.58     0.33
11   159.73   111.48    76.58     0.33
11   127.79   108.21    76.58     0.33
11   113.78   118.02    76.58     0.33
11   122.25   140.58    76.58     0.33
11   128.44   146.79    76.58     0.33
11    38.16   170.66    76.58     0.33
11   153.87   167.39    76.58     0.33
11   199.17   152.02    76.58     0.33
11   159.41    63.75    76.58     0.33
11   153.22    71.60    76.58     0.33
11    85.42    12.09    76.58     0.33
11    64.89    75.52    76.58     0.33
11   140.18   174.91    75.75     0.33
11   144.42   182.76    75.75     0.33
11   170.82    51.33    75.75     0.33
11    49.24    32.04    75.75     0.33
11    60.00    37.59    75.75     0.33
11    76.30    -1.97    75.75     0.33
11   189.72    27.46    75.75     0.33
11   180.27    22.88    75.75     0.33
11   195.59    19.29    75.75     0.33
11    88.03    93.17    75.75     0.33
11   101.72   166.74    75.75     0.33
11    91.61   180.14    75.75     0.33
11   145.72   106.91    75.75     0.33
11   193.96   118.68    75.75     0.33
11   187.11   126.20    75.75     0.33
11   192.98   102.98    75.75     0.33
11   204.39   100.69    75.75     0.33
11   178.96    76.50    75.75     0.33
11   132.36    37.92    78.33     0.33
11   117.69    22.88    74.39     0.33
11   100.74    17.00    74.39     0.33
11    77.27    26.15    74.39     0.33
11    65.21    12.42    74.39     0.33
11    49.24    57.54    74.39     0.33
11    50.22    88.27    74.39     0.33
11    57.72   102.98    74.39     0.33
11    45.01    45.77    73.55     0.33
11   170.16    97.75    73.55     0.33
11   159.08   150.72    73.55     0.33
11   163.97   170.66    73.55     0.33
11    69.45    61.79    65.22     0.33
11    74.34    80.75    64.39     0.33
11    93.57    78.46    64.39     0.33
11   149.63   140.91    64.39     0.33
11   115.73    38.25    61.74     0.33
11    94.87    63.10    61.74     0.33
11   136.27    65.38    61.74     0.33
11   104.00    53.94    61.74     0.33
11    94.55    42.17    61.74     0.33
11   118.01    61.79    61.74     0.33
11   160.71    32.36    61.74     0.33
11    75.97   162.81    61.74     0.33
11    53.48   121.62    61.74     0.33
11    31.32   142.54    61.74     0.33
11   124.86   111.16    60.52     0.33
11   140.18   112.46    60.52     0.33
11   156.80   110.83    60.52     0.33
11    93.57    91.21    60.52     0.33
11    72.38    40.21    60.52     0.33
11   176.03   109.52    50.60     0.33
11   178.64   124.89    49.01     0.33
11   192.65   155.95    48.25     0.33
11   151.91   143.52    47.42     0.33
11    81.84   130.77    46.59     0.33
11    83.79   164.12    46.59     0.33
11    61.96   127.18    46.59     0.33
11    45.01   163.47    46.59     0.33
11   172.77    95.46    45.68     0.33
11   145.07    79.12    42.57     0.33
11   163.97    85.00    41.06     0.33
11   136.59    95.46    37.65     0.33
11   136.27   110.18    37.65     0.33
11   122.90   107.56    36.81     0.33
11   142.79    57.86    29.47     0.33
11   111.82   153.01    44.69     0.33
11    99.76   165.10    44.69     0.33
11    91.29   179.16    44.69     0.33
11   169.19   135.35    44.69     0.33
11    57.39   105.27    55.60     0.33
11    52.50    92.52    55.60     0.33
11   112.47   115.73    53.33     0.33
11   121.93   126.52    53.33     0.33
11   131.70   156.60    52.27     0.33
11   148.65   167.06    52.27     0.33
11   158.10   153.66    52.27     0.33
11   161.69   142.54    46.66     0.33
11   190.70   141.24    45.22     0.33
11   192.00   119.98    42.72     0.33
11    84.77    31.06    56.81     0.33
11    88.36    16.67    56.81     0.33
11    53.15    59.17    56.81     0.33
11    58.70    17.32    56.81     0.33
11    77.93     2.61    56.81     0.33
11    61.30    82.06    56.81     0.33
11    39.14   121.62    56.81     0.33
11   138.55    98.73    52.95     0.33
11   107.59    90.89    52.12     0.33
11    78.58    59.17    48.78     0.33
11    68.80    72.58    48.78     0.33
11    89.01   103.64    48.78     0.33
11    44.03   106.25    48.78     0.33
11    42.07    72.90    48.78     0.33
11   177.66    25.50    47.95     0.33
11   130.73    70.29    43.25     0.33
11   114.10    62.12    43.25     0.33
11    93.90    51.33    43.25     0.33
11    87.05    90.23    43.25     0.33
11    49.24   129.79    43.25     0.33
11    38.81   141.24    43.25     0.33
11   103.35   179.49    42.42     0.33
11   100.74   131.75    42.42     0.33
11    96.18    68.98    42.42     0.33
11   105.63    49.36    42.42     0.33
11    72.38    41.84    42.42     0.33
11    99.44    37.27    42.42     0.33
11    48.27    44.13    40.45     0.33
11    67.82    26.48    40.45     0.33
11    78.58     6.21    40.45     0.33
11    80.53    33.02    40.45     0.33
11    86.73    66.04    40.45     0.33
11   104.65    75.52    39.62     0.33
11    98.46   105.93    39.62     0.33
11   157.78   109.85    39.62     0.33
11    52.18    87.94    38.71     0.33
11    59.02   105.27    38.71     0.33
11    71.08   114.43    38.71     0.33
11    50.22   119.00    38.71     0.33
11    33.93   118.02    38.71     0.33
11    36.21    90.56    38.71     0.33
11    51.53   148.10    37.88     0.33
11    70.10   153.33    37.88     0.33
11    66.84   176.55    37.88     0.33
11   180.92   157.26    37.88     0.33
11   179.62   169.35    37.88     0.33
11   212.21   128.16    37.88     0.33
11   199.17    94.81    37.88     0.33
11    86.73    19.94    37.88     0.33
11    45.33    59.83    36.81     0.33
11    31.64   105.93    36.81     0.33
11   135.29   129.47    36.81     0.33
11   135.29   163.79    29.09     0.33
11   123.23   149.08    28.10     0.33
11   108.56   149.08    28.10     0.33
11    80.86   165.10    28.10     0.33
11    82.81    95.14    28.10     0.33
11   112.80    64.08    27.19     0.33
11    95.20    51.00    27.19     0.33
11   105.96    28.44    27.19     0.33
11   111.82    42.50    27.19     0.33
11   137.24    40.54    27.19     0.33
11   149.63    38.90    27.19     0.33
11   142.79    23.54    27.19     0.33
11   117.36    21.25    27.19     0.33
11   181.25    69.31    27.19     0.33
11   170.49   101.35    27.19     0.33
11   170.16   121.95    27.19     0.33
11   176.36   136.00    26.36     0.33
11   192.00   126.85    26.36     0.33
11   185.16   144.83    25.45     0.33
11   153.87   161.51    25.45     0.33
11   162.34   138.95    25.45     0.33
11   176.36   107.23    24.62     0.33
11   169.84    86.96    24.62     0.33
11    74.67    56.56    27.42     0.33
11    48.92    73.23    26.44     0.33
11    43.05   104.62    25.53     0.33
11    44.68   134.70    25.53     0.33
11    61.63   132.73    24.69     0.33
11    78.58   137.97    23.79     0.33
11    75.64   185.70    22.50     0.33
11   111.50   163.14    21.36     0.33
11   136.92   142.87    21.13     0.33
11   149.63   130.77    21.13     0.33
11   120.30   122.93    20.00     0.33
11   114.76   132.73    20.00     0.33
11   108.56   113.77    20.00     0.33
11    86.40   110.83    20.00     0.33
11    66.19   111.16    20.00     0.33
11    50.22   117.04    19.16     0.33
11    48.27    90.23    19.16     0.33
11    65.54    74.87    19.16     0.33
11    94.55    78.46    23.10     0.33
11   132.03    78.14    23.10     0.33
11    92.92    66.69    22.19     0.33
11    78.90    37.92    22.19     0.33
11    93.57    30.73    22.19     0.33
11   124.86    31.71    21.13     0.33
11   153.54   104.94    19.69     0.33
11   129.10    92.19    19.69     0.33
11   138.22   114.10    19.69     0.33
11   124.86   132.73    19.69     0.33
11   115.41   104.94    19.69     0.33
11    97.48   168.37    19.69     0.33
11   114.10   180.14    19.69     0.33
11   142.46    94.48    18.86     0.33
11   182.22    85.33    18.86     0.33
11   163.97   153.01    18.86     0.33
11   132.03    61.79    11.89     0.33
11   145.07    47.40    11.89     0.33
11   108.24    63.75    11.89     0.33
11   103.02    51.98    11.89     0.33
11    82.16    57.21    11.89     0.33
11   108.89    42.17    10.98     0.33
11   116.06    58.19    10.98     0.33
11   172.77    70.29    10.15     0.33
11   163.32   130.12    10.15     0.33
11   124.21   150.39     9.32     0.33
11   106.93   147.45     9.32     0.33
11    87.05   154.64     9.32     0.33
11    74.67   161.51     9.32     0.33
11   139.85   162.49     8.48     0.33
11   128.12   182.76     8.48     0.33
11   179.62   134.37     8.48     0.33
11   173.42   157.26     8.48     0.33
11   167.88    96.12     7.65     0.33
11   140.18    70.94     7.65     0.33
11    80.21    97.75     7.65     0.33
11    65.87    60.48     7.65     0.33
11    57.72    97.10     6.82     0.33
11    94.55    81.08     5.98     0.33
11   143.11    32.36     5.98     0.33
11   120.30   106.91     3.48     0.33
11   131.38   132.08     3.48     0.33
11   141.81   108.21     3.48     0.33
11   140.83    90.89     3.48     0.33
11   112.15   122.93     3.48     0.33
11    99.44   109.85     3.48     0.33
11   102.37   168.04     3.48     0.33
11   149.96   168.70     3.48     0.33
11   179.29    88.27     2.42     0.33
11   117.36    63.42    -5.30     0.33
11    99.11    53.94    -5.30     0.33
11    86.07    43.81    -5.30     0.33
11   111.50    39.23    -5.30     0.33
11   143.11    49.36    -5.30     0.33
11   159.41    39.23    -5.30     0.33
11   159.73    77.48    -5.30     0.33
11   189.07   117.70    -5.30     0.33
11   177.33   106.91    -5.30     0.33
11   165.60   130.77    -5.30     0.33
11   157.13   155.95    -6.14     0.33
11   134.31   150.06    -6.14     0.33
11   116.71   143.85    -6.14     0.33
11   114.76   156.93    -6.14     0.33
11    96.83   152.68    -6.14     0.33
11    82.16   161.51    -6.14     0.33
11   112.15   177.53    -6.14     0.33
11    72.06   114.75    -6.14     0.33
11   149.63    96.12   -13.48     0.33
11   141.81    65.06   -13.48     0.33
11   163.65    57.54   -13.48     0.33
11   156.80   111.48   -13.48     0.33
11   141.16   123.25   -13.48     0.33
11   119.32   124.56   -13.48     0.33
11   118.99    92.52   -13.48     0.33
11   129.10    74.21   -14.39     0.33
11    89.99    69.96   -14.39     0.33
11    97.16    91.87   -14.39     0.33
11    90.64   125.22   -15.38     0.33
11    80.21    98.41   -15.38     0.33
11    78.90   137.64   -15.38     0.33
11   103.02   107.56   -15.38     0.33
11   134.64   135.35   -16.29     0.33
11   126.49   111.48   -16.29     0.33
11   133.66    91.87   -16.29     0.33
11   166.25    94.16   -16.29     0.33
11   146.37   140.58   -16.29     0.33
11   127.47   164.78   -17.12     0.33
11   102.37   130.77   -17.12     0.33
11    88.03   141.24   -17.12     0.33
11   107.59    77.48   -17.12     0.33
11    76.30    82.71   -17.12     0.33
11    75.97    60.15   -17.12     0.33
11   127.14    47.08   -17.12     0.33
11   142.79    80.75   -17.12     0.33
11   116.39   142.87   -21.66     0.33
11   105.30   147.12   -22.50     0.33
11    89.99   111.81   -22.50     0.33
11    76.95   117.70   -22.50     0.33
11   105.30    58.19   -22.50     0.33
11   158.43    76.17   -22.50     0.33
11   145.07    48.38   -25.91     0.33
11   147.67   119.66   -30.22     0.33
11   151.26    99.71   -30.22     0.33
11   114.43   122.27   -30.22     0.33
11   119.64    73.23   -30.22     0.33
11   136.27    61.79   -30.22     0.33
11    89.33    69.96   -30.22     0.33
11   113.45    95.14   -30.22     0.33
11    92.27    93.17   -30.22     0.33
11   131.38    96.12   -32.12     0.33
11   127.47   122.60   -33.25     0.33
11    93.90   131.43   -34.09     0.33
11   130.07    15.36    13.79     0.33
11   158.76    13.07    14.77     0.33
11   168.86    24.52    16.06     0.33
11   176.03    32.36    16.06     0.33
11   187.76    66.04    17.88     0.33
11   191.68    76.83    17.88     0.33
11    97.16    11.77    31.28     0.33
11   157.78     0.98    33.03     0.33
11   218.40   114.75    35.07     0.33
11   217.75   132.73    35.07     0.33
11   161.04    29.09    35.91     0.33
11   227.85   117.70    35.91     0.33
11   213.19    87.94    36.89     0.33
11   208.95    75.52    38.03     0.33
11   139.85     6.53    54.39     0.33
11   204.39   110.50    25.53     0.33
11   199.50   131.43    25.53     0.33
11   228.18    96.77    37.42     0.33
11   203.73    55.25    42.72     0.33
11   202.10    35.96    43.56     0.33
11   192.65    24.19    45.30     0.33
11   181.57    37.92    48.93     0.33
11   204.06    54.27    62.65     0.33
11   205.04    71.27    62.65     0.33
11   160.71    21.57   159.83     0.33
11   172.77    28.11   156.27     0.33
11   174.40    41.52   156.27     0.33
11   159.08    10.13   152.71     0.33
11   215.14   102.33    56.89     0.33
11   223.29   102.33    57.80     0.33
11   224.92    93.83    57.80     0.33
11   223.62   118.68    58.78     0.33
11   214.82   127.83    61.28     0.33
11   209.28   114.43    67.87     0.33
12   128.42    40.87    -1.59     0.33
12   151.26    22.88    -1.59     0.33
12    81.51   179.16    -0.08     0.33
12   100.41   192.24     0.15     0.33
12   152.24    82.39    10.23     0.33
12   194.93    92.52    19.47     0.33
12   180.27    53.94    25.22     0.33
12   173.10    67.02    27.19     0.33
12   179.62    14.05    28.03     0.33
12   146.70    13.40    29.09     0.33
12   133.01     4.90    30.60     0.33
12   112.80    11.77    32.50     0.33
12   171.79     3.92    45.53     0.33
12   193.63    33.67    43.94     0.33
12   195.59    43.81    48.71     0.33
12   211.56    33.67    50.68     0.33
12   213.51    47.40    52.57     0.33
12   214.49    85.00    52.57     0.33
12   236.98    97.42    50.30     0.33
12   220.03   103.96    36.28     0.33
12   229.48   106.58    45.30     0.33
12   216.77    91.87    74.08     0.33
12   202.43    23.54    61.89     0.33
12   173.10     1.63    65.37     0.33
12   168.21     1.96    77.11     0.33
12   162.02     3.59    90.67     0.33
12   201.13    29.75    78.55     0.33
12   207.32    27.46    71.58     0.33
12   233.07    94.81    83.32     0.33
12    55.44    -5.56    88.63     0.33
12   143.76    -8.83    81.28     0.33
12   126.49   -15.04    79.01     0.33
12   106.61   -14.06   100.22     0.33
12   121.60    -1.64   103.47     0.33
12    91.29     1.30   103.47     0.33
12    77.60   -20.93   105.07     0.33
12   172.12    19.94    96.81     0.33
12   103.02     3.59   118.70     0.33
12   112.80    -4.25   119.68     0.33
12   161.04     7.84   126.05     0.33
12    92.59    -6.54   131.50     0.33
12    81.18    -4.91   132.34     0.33
12    64.89    -1.64   132.34     0.33
12    53.48    -3.60   133.24     0.33
12    58.70   -11.12   134.08     0.33
12    40.77     8.82   134.91     0.33
12    40.44    -4.91   118.78     0.33
12    76.62    17.65   134.83     0.33
12    68.80    27.13   143.17     0.33
12    76.62    32.36   139.30     0.33
12    33.93    19.29   149.15     0.33
12    42.40     2.28   147.26     0.33
12    60.98     8.82   157.56     0.33
12   110.84    39.56   175.06     0.33
12   116.71    46.09   175.06     0.33
12   152.56    34.98   149.68     0.33
12   167.23    11.44   145.59     0.33
12    83.79    10.46   142.71     0.33
12    29.04    35.96   185.21     0.33
12    32.95    51.65   185.21     0.33
12    42.40    50.67   193.77     0.33
12    65.87    42.17   195.06     0.33
12   105.96   109.85   195.06     0.33
12    86.07   116.71   195.06     0.33
12    64.56    50.35   210.28     0.33
12    41.42    63.75   210.28     0.33
12    43.70   101.35   210.28     0.33
12    30.67    67.67   199.00     0.33
12    22.84    82.71   200.81     0.33
12   113.45    61.13   180.51     0.33
12    34.58    50.02   205.43     0.33
12    96.18     9.80   170.21     0.33
