11   -85.72   137.97    -0.15     0.33
11   -74.64   150.72    -0.15     0.33
11   -75.62   163.80    -0.15     0.33
11   -95.50   127.18    -0.15     0.33
11   -85.39   149.09     5.53     0.33
11   -58.67   164.13     5.53     0.33
11   -63.56   142.87     5.53     0.33
11   -67.79   180.15     5.53     0.33
11   -74.31   189.63     5.53     0.33
11   -99.08   140.91     5.53     0.33
11  -106.25   150.07     5.53     0.33
11  -104.62   127.51     5.53     0.33
11  -129.39   130.12     5.53     0.33
11  -119.29   132.09     5.53     0.33
11  -119.29   113.12     5.53     0.33
11  -104.95   102.33     6.36     0.33
11   -87.35   118.68     6.36     0.33
11   -76.92   117.70     7.20     0.33
11   -80.83    95.47     7.20     0.33
11   -92.89   102.01     7.20     0.33
11  -130.05   103.31     8.11     0.33
11   -83.44   180.15     9.17     0.33
11   -91.26   168.05     9.17     0.33
11   -69.42   102.66    10.15     0.33
11  -104.30   115.08    10.15     0.33
11  -117.01   142.87    10.98     0.33
11  -118.96   151.05    10.98     0.33
11   -58.99   183.09    15.60     0.33
11   -50.85   170.01    15.60     0.33
11   -72.03   164.13    15.60     0.33
11   -80.18   140.91    16.51     0.33
11   -91.26   128.16    16.51     0.33
11   -58.67   129.80    17.57     0.33
11   -62.25   117.05    17.57     0.33
11   -80.83    85.99    17.57     0.33
11  -119.29    95.47    17.57     0.33
11  -102.99   165.11    18.41     0.33
11   -83.76   158.89    18.41     0.33
11   -71.70   150.72    18.41     0.33
11   -95.50   181.45    21.06     0.33
11   -70.73   190.94    21.06     0.33
11   -68.45   180.15    21.06     0.33
11   -54.76   161.51    21.97     0.33
11   -89.63   147.12    21.97     0.33
11  -101.69   151.05    21.97     0.33
11  -105.60   140.26    21.97     0.33
11   -66.16   140.59    21.97     0.33
11   -90.28   114.10    21.97     0.33
11  -104.62   127.51    21.97     0.33
11  -119.94   114.43    21.97     0.33
11  -106.91   104.30    21.97     0.33
11  -117.33   131.43    21.97     0.33
11  -129.07   131.43    21.97     0.33
11   -82.79   106.91    21.97     0.33
11  -103.97    91.22    21.97     0.33
11   -89.96    90.56    23.71     0.33
11   -78.22   119.66    23.86     0.33
11   -83.76   179.49    24.69     0.33
11   -88.00   169.03    24.69     0.33
11  -124.18   153.34    27.27     0.33
11  -117.99   142.87    27.27     0.33
11  -115.05   159.55    28.10     0.33
11   -75.94    94.81    28.10     0.33
11  -105.60   114.43    28.94     0.33
11   -62.90   170.01    29.77     0.33
11   -84.74   189.30    29.77     0.33
11   -94.85   129.80    35.15     0.33
11   -79.20   139.93    34.47     0.33
11   -86.37   129.47    34.47     0.33
11   -72.03   164.78    35.38     0.33
11   -78.88   181.45    35.38     0.33
11   -59.65   182.11    35.38     0.33
11   -54.10   185.05    35.38     0.33
11   -50.19   175.90    35.38     0.33
11   -44.33   165.43    33.18     0.33
11   -51.50   145.49    35.30     0.33
11   -51.50   154.64    35.30     0.33
11   -50.85   134.70    35.30     0.33
11   -52.80   122.93    36.21     0.33
11   -61.27   122.28    36.21     0.33
11   -66.49   129.80    36.21     0.33
11   -62.90    96.45    36.21     0.33
11   -67.47    87.62    36.21     0.33
11   -60.62   106.91    36.21     0.33
11   -81.81    88.93    36.21     0.33
11   -91.59    99.06    37.12     0.33
11   -83.44   101.03    38.03     0.33
11   -88.33   104.95    38.03     0.33
11  -107.23    95.14    38.03     0.33
11  -109.84   101.68    38.03     0.33
11  -117.99   101.03    38.03     0.33
11  -132.65   103.64    29.01     0.33
11  -106.25   187.67    30.45     0.33
11  -117.66   189.95    30.45     0.33
11  -112.77   195.84    32.65     0.33
11   -81.48   214.15    30.00     0.33
11   -71.38   207.94    31.74     0.33
11   -75.94   201.40    32.72     0.33
11   -64.53   202.38    32.72     0.33
11   -61.60   212.51    33.56     0.33
11   -64.21   226.90    33.56     0.33
11   -71.70   224.28    33.56     0.33
11   -74.64   228.21    33.56     0.33
11   -77.57   233.44    34.39     0.33
11  -119.94   172.63    34.39     0.33
11  -158.08   140.91    34.39     0.33
11  -152.21   129.47    34.39     0.33
11  -161.34   128.49    34.39     0.33
11  -157.10   157.59    37.04     0.33
11  -148.95   166.41    37.04     0.33
11  -147.32   143.53    36.21     0.33
11  -144.39   132.09    34.47     0.33
11  -136.89   144.18    33.48     0.33
11  -138.19   153.66    34.85     0.33
11  -132.65   162.82    36.66     0.33
11  -149.60   156.61    37.65     0.33
11  -146.02   120.32    37.65     0.33
11  -120.59   115.74    37.65     0.33
11  -128.09   127.51    37.65     0.33
11  -109.84   126.20    37.65     0.33
11  -108.86   138.95    37.65     0.33
11   -87.02   146.47    37.65     0.33
11  -102.99   150.07    39.31     0.33
11   -84.09   158.89    39.31     0.33
11   -62.58   144.18    41.44     0.33
11   -97.13   161.18    41.44     0.33
11   -94.85   179.17    44.31     0.33
11  -111.79   165.76    44.31     0.33
11  -125.81   149.09    44.31     0.33
11  -121.25   138.95    44.31     0.33
11  -136.56   188.97    46.06     0.33
11  -124.83   187.67    46.06     0.33
11  -112.77   187.34    46.06     0.33
11  -110.16   208.59    46.89     0.33
11   -93.22   218.73    46.89     0.33
11   -84.42   214.15    46.89     0.33
11   -71.70   209.90    47.80     0.33
11   -81.48   222.98    47.80     0.33
11  -109.84   195.19    47.80     0.33
11   -76.92   200.74    47.80     0.33
11   -64.53   202.05    47.80     0.33
11   -59.65   196.17    47.80     0.33
11   -50.52   190.61    47.80     0.33
11   -72.68   188.97    47.80     0.33
11   -63.56   165.76    48.78     0.33
11   -47.26   165.76    48.78     0.33
11   -73.99   147.12    48.78     0.33
11   -75.94   128.82    48.78     0.33
11   -84.42   120.32    48.78     0.33
11   -74.64   106.26    48.78     0.33
11   -97.13   110.83    48.78     0.33
11  -130.37    86.31    48.78     0.33
11  -129.72   105.60    48.78     0.33
11  -109.51    85.01    48.78     0.33
11   -87.68    75.20    48.78     0.33
11   -91.59   191.92    48.78     0.33
11   -62.90   213.17    50.60     0.33
11   -70.40   221.67    50.60     0.33
11   -64.53   226.57    50.60     0.33
11   -78.88   226.90    50.60     0.33
11   -76.92   233.11    50.60     0.33
11   -45.63   144.51    50.60     0.33
11   -48.56   135.35    50.60     0.33
11   -57.69   146.14    50.60     0.33
11   -74.31   116.07    50.60     0.33
11   -82.13   180.15    50.60     0.33
11   -60.95   179.49    50.60     0.33
11   -44.33   173.28    50.60     0.33
11   -71.70   168.05    50.60     0.33
11   -99.08   132.09    50.60     0.33
11   -97.13   143.86    50.60     0.33
11  -119.29   166.09    52.27     0.33
11  -157.10   140.91    52.27     0.33
11  -163.94   127.51    50.37     0.33
11  -144.71   129.80    50.37     0.33
11  -125.16    95.14    50.37     0.33
11  -128.74   112.80    50.37     0.33
11   -96.48    83.04    50.37     0.33
11   -98.76    72.25    50.37     0.33
11   -75.62    78.79    50.37     0.33
11  -124.51    79.45    50.37     0.33
11  -147.32   103.64    50.37     0.33
11   -99.08   207.94    50.37     0.33
11   -90.28   201.07    51.43     0.33
11  -102.67   184.07    51.43     0.33
11  -127.44   175.90    51.43     0.33
11  -100.71   171.32    51.43     0.33
11   -51.50   122.28    51.43     0.33
11   -63.23   122.60    51.43     0.33
11   -60.62   132.74    51.43     0.33
11   -55.41   156.28    51.43     0.33
11   -51.82   179.49    51.43     0.33
11   -57.69   107.89    51.43     0.33
11   -62.25    96.12    51.43     0.33
11   -76.92    95.79    51.43     0.33
11   -65.51    85.33    51.43     0.33
11   -93.54   124.57    51.43     0.33
11   -84.74   136.01    51.43     0.33
11  -109.84   112.80    51.43     0.33
11   -81.81    86.31    51.43     0.33
11  -140.15   146.47    51.43     0.33
11  -140.48   157.91    51.43     0.33
11  -115.05   153.01    51.43     0.33
11   -87.02   170.01    51.43     0.33
11  -119.94   198.13    51.43     0.33
11  -138.52    95.79    51.43     0.33
11  -134.28   136.34    51.43     0.33
11  -136.89   117.70    51.43     0.33
11  -154.82   129.47    51.43     0.33
11  -167.53   146.80    51.43     0.33
11  -140.48   176.88    51.43     0.33
11  -147.32   161.51    53.93     0.33
11  -152.21   169.36    53.93     0.33
11  -150.25   142.22    54.92     0.33
11  -147.97   117.70    54.92     0.33
11  -101.04   154.32    54.92     0.33
11   -85.72   149.09    54.92     0.33
11  -111.79   125.55    54.92     0.33
11  -129.39   125.55    54.92     0.33
11  -111.47   101.68    54.92     0.33
11  -106.25    92.85    54.92     0.33
11   -89.30    97.43    54.92     0.33
11   -87.02   105.28    54.92     0.33
11  -131.68   165.11    55.75     0.33
11  -132.33   195.51    55.75     0.33
11  -144.71   193.22    55.75     0.33
11   -87.68   237.36    56.66     0.33
11  -118.64   137.97    59.46     0.33
11  -126.46   149.74    59.46     0.33
11  -121.90   119.01    59.46     0.33
11  -107.88   142.22    59.46     0.33
11   -83.44   159.55    59.46     0.33
11  -156.77   153.99    59.46     0.33
11   -80.50    71.93    59.46     0.33
11   -89.96    64.08    59.46     0.33
11   -70.40   138.30    59.46     0.33
11   -92.56   180.15    59.46     0.33
11  -114.08   175.24    59.46     0.33
11  -109.51   163.47    59.46     0.33
11  -136.89   187.34    62.72     0.33
11  -122.55   187.34    62.72     0.33
11  -109.84   204.01    62.72     0.33
11   -88.00   215.78    62.72     0.33
11   -81.81   213.82    62.72     0.33
11   -59.65   173.28    62.72     0.33
11   -74.31   175.24    62.72     0.33
11   -43.67   129.14    62.72     0.33
11   -72.36   188.97    64.99     0.33
11   -59.32   195.84    64.99     0.33
11   -50.85   195.84    64.99     0.33
11   -70.07   209.90    64.99     0.33
11   -58.02   210.55    64.99     0.33
11   -66.49   160.20    64.99     0.33
11   -71.38   147.12    64.99     0.33
11   -87.35   142.22    64.99     0.33
11   -77.25   129.80    64.99     0.33
11   -85.07   123.26    64.99     0.33
11   -71.05   122.93    64.99     0.33
11   -43.35   160.86    64.99     0.33
11   -68.45   103.64    64.99     0.33
11   -78.55   103.31    64.99     0.33
11   -98.76   112.80    64.99     0.33
11   -98.76    98.41    64.99     0.33
11  -110.16    86.31    64.99     0.33
11  -129.72   103.64    64.99     0.33
11  -132.33    87.95    64.99     0.33
11  -102.99   198.46    64.99     0.33
11  -110.82   192.24    64.99     0.33
11   -88.00   189.63    64.99     0.33
11   -76.92   201.40    64.99     0.33
11  -100.71   218.07    65.98     0.33
11   -81.48   228.86    65.98     0.33
11   -64.86   215.46    65.98     0.33
11   -56.39   144.84    65.98     0.33
11   -43.02   144.18    65.98     0.33
11   -47.91   136.34    65.98     0.33
11   -79.53   115.41    65.98     0.33
11   -70.73   111.16    65.98     0.33
11  -100.71    83.70    65.98     0.33
11   -99.41    74.87    65.98     0.33
11  -120.92    78.14    65.98     0.33
11  -126.79    83.37    65.98     0.33
11  -125.81    96.45    65.98     0.33
11  -128.74   110.83    65.98     0.33
11  -145.04   123.91    65.98     0.33
11  -147.97   105.28    65.98     0.33
11  -162.31   130.45    65.98     0.33
11   -98.76   139.28    65.98     0.33
11   -73.01   167.40    65.98     0.33
11   -60.95   183.74    65.98     0.33
11  -100.71   184.07    66.96     0.33
11  -166.22   145.82    66.96     0.33
11  -142.43   144.18    66.96     0.33
11  -139.82   153.01    66.96     0.33
11  -135.91   139.28    66.96     0.33
11  -143.74    96.45    66.96     0.33
11   -82.46    91.22    66.96     0.33
11   -67.14    90.24    66.96     0.33
11   -63.56   119.33    66.96     0.33
11   -48.24   117.70    66.96     0.33
11   -54.10   110.83    66.96     0.33
11   -61.27   137.32    66.96     0.33
11   -49.22   176.22    66.96     0.33
11   -94.85   130.45    66.96     0.33
11  -102.67   122.93    66.96     0.33
11  -106.25   102.99    71.21     0.33
11   -95.17   153.66    71.21     0.33
11   -82.46   150.72    71.21     0.33
11  -116.68   166.74    71.21     0.33
11  -136.24   167.07    71.21     0.33
11  -144.39   157.91    71.21     0.33
11  -146.99   167.40    71.21     0.33
11  -156.77   139.93    71.21     0.33
11  -131.68   195.51    71.21     0.33
11  -147.32   194.86    71.21     0.33
11   -95.50   207.28    71.21     0.33
11   -88.98   199.11    71.21     0.33
11   -41.72   181.45    71.21     0.33
11   -90.93   167.72    71.21     0.33
11  -102.34   167.07    71.21     0.33
11  -115.05   152.68    71.21     0.33
11  -114.08   126.20    71.21     0.33
11  -117.33   107.24    71.21     0.33
11  -132.00   127.84    71.21     0.33
11  -137.54   116.72    71.21     0.33
11   -89.63   100.37    71.21     0.33
11   -75.94    83.04    71.21     0.33
11   -88.33    82.06    71.21     0.33
11   -50.85   153.66    71.21     0.33
11   -56.39   161.51    71.21     0.33
11   -95.17   178.18    74.77     0.33
11  -103.97   156.61    74.77     0.33
11  -117.66   138.95    74.77     0.33
11  -125.16   153.01    74.77     0.33
11  -120.59   116.72    74.77     0.33
11   -80.83    71.60    74.77     0.33
11   -92.24    65.39    74.77     0.33
11  -142.11    81.08    74.77     0.33
11  -143.41    89.58    74.77     0.33
11   -70.73   139.61    74.77     0.33
11   -58.34   127.84    74.77     0.33
11  -123.20   187.67    79.31     0.33
11  -124.51   177.86    79.31     0.33
11  -121.25   200.74    79.31     0.33
11  -109.19   205.32    79.31     0.33
11   -86.70   218.73    79.31     0.33
11   -73.33   219.38    79.31     0.33
11   -72.36   178.84    79.31     0.33
11  -112.12   178.51    79.31     0.33
11  -137.22   187.34    79.31     0.33
11  -153.84   152.68    79.31     0.33
11  -149.28   133.39    79.31     0.33
11  -153.19   115.08    79.31     0.33
11  -106.91   143.86    79.31     0.33
11  -115.38    96.45    79.31     0.33
11   -44.98   128.82    79.31     0.33
11   -40.09   135.68    79.31     0.33
11   -38.79   168.70    79.31     0.33
11   -58.34   175.24    79.31     0.33
11  -147.65   182.11    79.31     0.33
11  -136.24   176.55    79.31     0.33
11  -108.53   216.44    79.31     0.33
11   -74.31   169.68    81.43     0.33
11   -69.42   160.20    81.43     0.33
11   -93.22   144.51    81.43     0.33
11   -82.79   143.53    81.43     0.33
11   -42.04   158.89    81.43     0.33
11   -57.69   181.45    81.43     0.33
11   -73.99   191.59    81.43     0.33
11   -67.14   188.65    81.43     0.33
11   -63.88   213.82    81.43     0.33
11   -82.46   228.53    81.43     0.33
11   -80.83   211.86    81.43     0.33
11   -56.71   202.38    81.43     0.33
11   -59.32   193.88    81.43     0.33
11   -52.80   196.82    81.43     0.33
11   -72.03   132.09    81.43     0.33
11   -82.79   125.87    81.43     0.33
11   -82.13   113.45    81.43     0.33
11   -75.62   106.58    81.43     0.33
11   -68.77   100.37    81.43     0.33
11   -58.34   144.51    81.43     0.33
11   -97.13   106.26    81.43     0.33
11   -97.13    92.53    81.43     0.33
11   -97.78    79.45    81.43     0.33
11  -106.91    82.06    81.43     0.33
11  -118.96    76.18    81.43     0.33
11  -126.79    81.74    82.42     0.33
11  -129.07   105.93    82.42     0.33
11  -148.95   104.62    82.42     0.33
11  -144.71   121.95    82.42     0.33
11  -146.34   143.20    82.42     0.33
11  -158.40   129.80    82.42     0.33
11  -167.20   130.45    82.42     0.33
11  -163.94   145.16    82.42     0.33
11  -125.16    95.47    82.42     0.33
11   -83.44    93.83    82.42     0.33
11   -70.07    93.18    82.42     0.33
11   -64.86    87.29    82.42     0.33
11   -61.93    92.20    82.42     0.33
11   -57.04   119.99    82.42     0.33
11  -102.99   181.13    82.42     0.33
11  -103.65   196.82    82.42     0.33
11  -121.90   193.55    82.42     0.33
11  -100.39   118.35    82.42     0.33
11   -97.45   133.07    82.42     0.33
11  -105.28   135.03    82.42     0.33
11  -137.87   136.99    82.42     0.33
11  -132.98   146.80    82.42     0.33
11  -128.09   138.62    82.42     0.33
11  -142.76   101.03    82.42     0.33
11   -61.93   112.80    82.42     0.33
11   -85.72   181.78    82.42     0.33
11   -91.26   190.28    82.42     0.33
11   -71.38   203.36    82.42     0.33
11   -69.42   124.24    82.42     0.33
11  -100.06   164.45    89.69     0.33
11   -88.33   154.97    89.69     0.33
11   -92.56   150.39    89.69     0.33
11   -55.41   163.80    89.69     0.33
11   -51.50   152.03    89.69     0.33
11  -139.50   116.07    89.69     0.33
11  -158.73   136.99    89.69     0.33
11  -139.82   158.57    90.52     0.33
11  -130.37   157.26    90.52     0.33
11  -136.24   168.38    90.52     0.33
11   -96.48   177.20    90.52     0.33
11   -82.13   174.59    90.52     0.33
11   -65.84   176.88    90.52     0.33
11   -91.91   120.64    90.52     0.33
11  -118.64   119.66    90.52     0.33
11  -117.99   145.16    90.52     0.33
11  -119.29   135.03    90.52     0.33
11   -98.76    99.39    90.52     0.33
11  -142.11    90.56    90.52     0.33
11  -143.08    78.14    90.52     0.33
11   -80.83    71.27    90.52     0.33
11   -78.22    82.06    90.52     0.33
11   -58.67   125.87    90.52     0.33
11   -63.88   137.64    90.52     0.33
11   -67.47   143.86    90.52     0.33
11   -55.73   114.43    90.52     0.33
11   -92.89   204.01    90.52     0.33
11  -117.99   170.99    90.52     0.33
11  -101.69   153.99    90.52     0.33
11  -123.20   161.18    90.52     0.33
11  -112.77   153.66    90.52     0.33
11  -112.12   165.76    90.52     0.33
11  -110.82   192.24    90.52     0.33
11   -44.65   182.11    90.52     0.33
11   -48.56   171.32    90.52     0.33
11   -61.93   152.68    90.52     0.33
11   -87.02   133.72    90.52     0.33
11   -86.37   165.76    90.52     0.33
11   -82.79   199.44    90.52     0.33
11  -132.00   129.14    90.52     0.33
11  -129.39   117.37    90.52     0.33
11  -109.19   126.53    90.52     0.33
11  -109.51   111.49    90.52     0.33
11  -107.23   101.03    90.52     0.33
11  -117.66    88.27    90.52     0.33
11  -118.96   108.55    90.52     0.33
11  -135.26    97.76    90.52     0.33
11  -134.61    75.20    90.52     0.33
11   -89.30    82.72    90.52     0.33
11   -95.17    69.31    90.52     0.33
11  -130.05   201.72    90.52     0.33
11  -114.73   229.19    90.52     0.33
11   -98.43   216.76    90.52     0.33
11  -137.54   187.99    96.43     0.33
11  -120.27   185.05    96.43     0.33
11  -118.64   201.40    96.43     0.33
11  -108.53   207.61    96.43     0.33
11  -106.91   200.42    96.43     0.33
11   -88.00   220.36    96.43     0.33
11   -73.33   220.03    96.43     0.33
11   -74.96   179.49    96.43     0.33
11   -43.67   132.74    96.43     0.33
11   -52.15   103.31    96.43     0.33
11  -126.13   150.72    96.43     0.33
11  -138.85   107.56    96.43     0.33
11  -153.51   108.55    96.43     0.33
11  -130.70    70.95    96.43     0.33
11  -106.58   145.49    96.43     0.33
11  -126.13   173.28    96.43     0.33
11  -139.17   177.86    96.43     0.33
11   -64.53   213.82    97.26     0.33
11   -76.92   210.88    97.26     0.33
11   -81.16   227.88    97.26     0.33
11   -89.96   227.55    97.26     0.33
11   -56.71   204.99    97.26     0.33
11   -73.99   193.55    97.26     0.33
11   -71.70   186.36    97.26     0.33
11   -64.21   186.36    97.26     0.33
11   -64.53   160.20    97.26     0.33
11   -69.10   164.78    97.26     0.33
11   -60.30   168.38    97.26     0.33
11   -42.04   161.84    97.26     0.33
11   -71.05   132.41    97.26     0.33
11   -73.99   142.22    97.26     0.33
11   -80.83   149.41    97.26     0.33
11   -92.24   144.51    98.25     0.33
11   -79.53   115.74    98.25     0.33
11   -72.03   106.58    98.25     0.33
11   -68.77    96.45    98.25     0.33
11   -87.68    95.14    98.25     0.33
11   -99.08   109.53    98.25     0.33
11   -67.47    85.01    98.25     0.33
11   -59.32    94.81    98.25     0.33
11  -101.04   199.76    98.25     0.33
11   -99.73   125.55    98.25     0.33
11  -109.19   133.39    98.25     0.33
11   -97.45   135.35    98.25     0.33
11  -101.04    80.43    98.25     0.33
11  -110.16    79.77    98.25     0.33
11  -122.88    78.79    98.25     0.33
11  -123.85    95.47    98.25     0.33
11  -126.13   102.66    98.25     0.33
11  -132.65   137.32    98.25     0.33
11  -146.02   138.62    98.25     0.33
11  -158.08   146.47    98.25     0.33
11  -150.58   119.99    98.25     0.33
11  -152.54   100.04    98.25     0.33
11   -79.85   126.85    96.81     0.33
11   -89.63   186.03    98.02     0.33
11  -102.67   187.67    98.02     0.33
11  -108.86   179.49    98.02     0.33
11   -67.79   202.38    98.02     0.33
11  -123.20   193.22    98.02     0.33
11  -147.97   150.07    98.02     0.33
11  -139.17   145.16    98.02     0.33
11  -142.76   128.49    98.02     0.33
11  -107.88    92.85    98.02     0.33
11   -62.25   107.24    98.02     0.33
11   -46.61   120.64    98.02     0.33
11  -144.39   101.68    98.02     0.33
11  -132.00    86.64    98.02     0.33
11  -137.54   199.76   101.66     0.33
11  -161.99   134.70   105.14     0.33
11  -142.11   116.39   105.14     0.33
11   -92.24   153.01   105.14     0.33
11   -52.47   149.09   105.14     0.33
11   -80.50    97.76   105.14     0.33
11   -55.41    89.58   105.14     0.33
11  -138.19    82.72   105.14     0.33
11   -78.22   158.57   105.14     0.33
11   -75.62   169.68   105.14     0.33
11   -97.13   166.41   105.14     0.33
11  -105.28   172.63   105.14     0.33
11  -130.05   182.11   105.14     0.33
11   -94.85   196.49   105.14     0.33
11  -119.62   210.55   105.14     0.33
11  -107.56   218.73   105.14     0.33
11  -100.39   227.88   105.14     0.33
11  -122.88   221.34   105.14     0.33
11   -70.40   115.74   105.14     0.33
11   -99.08   153.66   108.40     0.33
11  -117.66   168.70   108.40     0.33
11   -84.09   175.24   108.40     0.33
11   -97.13   177.53   108.40     0.33
11   -65.19   176.88   108.40     0.33
11   -49.54   164.45   108.40     0.33
11   -54.10   157.26   108.40     0.33
11   -58.02   115.41   108.40     0.33
11   -61.60   137.97   108.40     0.33
11   -68.45   145.49   108.40     0.33
11   -81.16    71.27   108.40     0.33
11   -99.08    96.45   108.40     0.33
11  -142.76    90.56   108.40     0.33
11  -140.80    75.52   108.40     0.33
11  -131.68   128.16   108.40     0.33
11  -129.07   117.05   108.40     0.33
11  -117.66   117.70   108.40     0.33
11  -132.98   156.61   108.40     0.33
11  -135.59   169.36   108.40     0.33
11   -83.44   166.09   108.40     0.33
11  -113.75   226.90   108.40     0.33
11  -123.85   139.61   108.40     0.33
11  -116.03   143.86   108.40     0.33
11  -125.16   156.61   108.40     0.33
11  -121.90   129.80   108.40     0.33
11  -107.56   117.37   108.40     0.33
11  -112.77   104.95   108.40     0.33
11  -119.94    88.27   108.40     0.33
11   -90.93   127.51   108.40     0.33
11   -79.53   136.01   108.40     0.33
11   -69.75   195.84   108.40     0.33
11   -47.26   183.09   108.40     0.33
11   -89.63   204.67   108.40     0.33
11  -114.40   193.55   108.40     0.33
11  -127.44   207.61   108.40     0.33
11  -140.48   158.24   108.40     0.33
11   -87.35    87.29   108.40     0.33
11   -74.96    90.24   108.40     0.33
11   -54.10   129.47   108.40     0.33
11  -115.38   156.61   108.40     0.33
11  -106.58   160.20   108.40     0.33
11  -128.74   148.76   112.87     0.33
11  -153.51   138.62   112.87     0.33
11  -140.80   107.56   112.87     0.33
11   -93.54   119.33   112.87     0.33
11   -74.96   133.07   112.87     0.33
11   -74.31   141.57   112.87     0.33
11   -59.65   143.86   112.87     0.33
11   -63.23   131.10   112.87     0.33
11   -44.65   130.12   112.87     0.33
11   -79.85   108.55   112.72     0.33
11   -67.14   158.89   112.72     0.33
11   -58.99   165.76   112.72     0.33
11   -68.12   169.68   112.72     0.33
11   -42.37   158.89   112.72     0.33
11   -76.27   176.88   112.72     0.33
11   -73.01   185.70   112.72     0.33
11   -77.25   212.51   112.72     0.33
11   -85.72   217.74   112.72     0.33
11   -91.26   222.32   112.72     0.33
11   -82.79   226.57   112.72     0.33
11  -140.48   178.84   112.72     0.33
11  -137.54   187.34   112.72     0.33
11  -145.69   188.32   112.72     0.33
11  -117.01   203.69   112.72     0.33
11  -106.91   203.03   112.72     0.33
11   -52.47   100.70   112.72     0.33
11   -52.15   110.51   112.72     0.33
11  -154.82   108.55   112.72     0.33
11  -119.94   183.42   112.72     0.33
11   -86.70   194.20   112.72     0.33
11   -77.57   200.09   112.72     0.33
11   -82.46   150.39   112.72     0.33
11   -79.53   126.53   112.72     0.33
11  -102.99   145.49   112.72     0.33
11  -106.91   151.38   112.72     0.33
11   -94.85    71.27   112.72     0.33
11  -103.97    69.64   112.72     0.33
11  -131.02    74.54   112.72     0.33
11  -133.63    98.08   112.72     0.33
11  -147.97   167.40   112.72     0.33
11  -152.21   158.57   112.72     0.33
11  -125.81   171.97   112.72     0.33
11  -126.79   164.78   112.72     0.33
11   -90.61   161.84   112.72     0.33
11   -78.88   189.63   112.72     0.33
11   -81.16   182.76   112.72     0.33
11   -64.53   188.32   112.72     0.33
11  -154.16   130.78   112.72     0.33
11  -159.71   123.91   112.72     0.33
11   -80.18    81.74   112.72     0.33
11   -89.96    80.10   112.72     0.33
11   -43.02   175.57   112.72     0.33
11   -51.17   175.90   112.72     0.33
11   -54.10   189.95   112.72     0.33
11   -77.25   221.34   112.72     0.33
11   -68.12   210.88   112.72     0.33
11   -91.59   229.84   112.72     0.33
11  -130.05   214.48   112.72     0.33
11  -111.79   132.09   113.55     0.33
11  -102.99   131.76   113.55     0.33
11   -95.82   143.53   113.55     0.33
11   -90.28   137.32   113.55     0.33
11   -60.62    94.81   113.55     0.33
11   -65.19    86.31   113.55     0.33
11   -69.42   107.89   113.55     0.33
11   -97.45   108.22   113.55     0.33
11  -126.79   106.26   113.55     0.33
11  -126.46    96.45   113.55     0.33
11  -113.10    76.50   113.55     0.33
11  -100.71    81.08   113.55     0.33
11   -90.28    94.49   113.55     0.33
11  -111.79    96.78   113.55     0.33
11  -106.91    90.56   113.55     0.33
11  -129.39    88.27   113.55     0.33
11  -124.83    76.83   113.55     0.33
11  -148.30   120.32   113.55     0.33
11  -140.80   132.41   113.55     0.33
11  -141.45   144.51   113.55     0.33
11  -159.05   145.82   113.55     0.33
11  -105.60   187.01   113.55     0.33
11  -101.36   200.74   113.55     0.33
11  -149.60    97.76   113.55     0.33
11   -68.77    98.41   113.55     0.33
11   -61.27   104.95   113.55     0.33
11   -48.56   122.93   113.55     0.33
11   -44.00   148.11   113.55     0.33
11   -91.59   183.74   113.55     0.33
11  -125.16   197.15   113.55     0.33
11  -148.95   149.74   113.55     0.33
11   -59.32   198.78   113.55     0.33
11   -67.47   204.01   113.55     0.33
11   -53.13   139.28   113.55     0.33
11  -141.13   197.80   117.64     0.33
11  -133.96   201.72   117.64     0.33
11  -148.30   106.58   117.64     0.33
11  -140.80   123.91   121.43     0.33
11  -139.82   117.05   121.43     0.33
11  -109.51   171.97   121.43     0.33
11  -101.04   165.76   121.43     0.33
11   -93.22   170.01   121.43     0.33
11   -97.78   190.28   121.43     0.33
11  -116.03   208.59   121.43     0.33
11  -106.25   209.90   121.43     0.33
11  -102.99   224.94   121.43     0.33
11  -109.19   217.09   121.43     0.33
11  -118.31   217.74   121.43     0.33
11   -73.66   149.74   121.43     0.33
11   -52.15   150.72   121.43     0.33
11   -77.90   160.20   121.43     0.33
11   -91.59   149.74   121.43     0.33
11   -74.64   115.08   121.43     0.33
11   -66.16   115.74   121.43     0.33
11   -54.10    90.24   121.43     0.33
11   -79.20    97.76   121.43     0.33
11  -102.02   122.60   121.43     0.33
11   -91.59   124.57   123.78     0.33
11   -86.05   118.35   123.78     0.33
11  -102.02    95.47   123.78     0.33
11  -130.05   117.70   123.78     0.33
11  -133.31   126.53   123.78     0.33
11  -130.37   132.41   123.78     0.33
11  -126.79   139.61   123.78     0.33
11  -134.94   147.12   123.78     0.33
11  -121.90   148.11   123.78     0.33
11  -127.11   156.93   123.78     0.33
11  -135.59   157.26   123.78     0.33
11  -134.28   168.38   123.78     0.33
11  -133.63   174.92   123.78     0.33
11  -113.75   193.55   123.78     0.33
11   -96.15   197.80   123.78     0.33
11   -89.30   199.44   123.78     0.33
11   -69.10   198.78   123.78     0.33
11   -84.09   175.57   123.78     0.33
11   -94.19   178.18   123.78     0.33
11   -75.29   171.97   123.78     0.33
11   -63.23   171.97   123.78     0.33
11   -47.26   163.15   123.78     0.33
11   -50.52   157.26   123.78     0.33
11   -64.21   137.64   123.78     0.33
11   -55.73   119.66   123.78     0.33
11   -75.62    90.56   123.78     0.33
11   -85.72    86.97   123.78     0.33
11   -84.74    71.27   123.78     0.33
11  -115.71    85.66   123.78     0.33
11  -119.62    91.87   123.78     0.33
11  -141.45    82.39   123.78     0.33
11  -147.97    90.89   123.78     0.33
11  -141.45    92.53   123.78     0.33
11  -143.41   100.04   123.78     0.33
11   -83.11   103.97   123.78     0.33
11   -89.63   110.18   123.78     0.33
11  -109.19   106.26   123.78     0.33
11  -118.31   115.41   123.78     0.33
11  -104.62   115.41   123.78     0.33
11  -116.03   121.62   123.78     0.33
11  -109.51   140.91   123.78     0.33
11  -115.05   158.89   123.78     0.33
11  -119.94   168.05   123.78     0.33
11  -100.06   153.66   123.78     0.33
11   -86.37   155.30   123.78     0.33
11   -90.28   209.90   123.78     0.33
11   -83.76   207.94   123.78     0.33
11  -126.79   206.63   123.78     0.33
11   -55.73   161.51   128.24     0.33
11   -78.55   182.43   128.24     0.33
11   -94.85   157.91   128.24     0.33
11   -59.65   141.24   128.24     0.33
11   -63.88   132.09   128.24     0.33
11   -73.33   134.70   128.24     0.33
11   -73.33   141.57   128.24     0.33
11   -51.82   130.78   128.24     0.33
11  -129.72   101.03   128.24     0.33
11  -148.62   126.85   128.24     0.33
11  -155.14   139.61   128.24     0.33
11  -135.59   186.36   128.24     0.33
11  -117.99   199.11   128.24     0.33
11   -84.42   188.97   128.24     0.33
11   -69.10   155.63   128.24     0.33
11  -136.24    77.16   128.24     0.33
11  -118.96   183.09   128.24     0.33
11  -125.81   178.18   128.24     0.33
11   -71.70   191.92   128.24     0.33
11   -63.23   183.09   128.24     0.33
11   -78.55   211.53   128.24     0.33
11   -86.70   218.07   128.24     0.33
11  -108.53   199.44   128.24     0.33
11  -105.28   178.84   128.24     0.33
11  -140.80   176.55   128.24     0.33
11  -143.74   187.01   128.24     0.33
11  -113.75   149.41   128.24     0.33
11   -56.39   108.55   128.24     0.33
11   -65.51   146.47   128.24     0.33
11   -61.60   153.99   128.24     0.33
11   -69.10   163.15   128.24     0.33
11   -55.08   173.61   128.24     0.33
11   -57.69   185.70   128.24     0.33
11   -79.20   196.17   128.24     0.33
11  -124.51   124.57   128.24     0.33
11  -119.29   135.68   128.24     0.33
11  -145.04   157.91   128.24     0.33
11  -139.82   106.58   128.24     0.33
11   -80.18   123.91   128.24     0.33
11  -106.25   132.09   129.91     0.33
11   -92.56   140.59   129.91     0.33
11   -99.41   144.84   129.91     0.33
11  -100.39   107.56   129.91     0.33
11   -68.45   100.37   129.91     0.33
11   -59.32    94.81   129.91     0.33
11  -102.02    84.02   129.91     0.33
11  -102.02    75.85   129.91     0.33
11   -65.84    87.95   129.91     0.33
11  -110.49    93.51   129.91     0.33
11  -119.29   106.26   129.91     0.33
11  -134.28    91.22   129.91     0.33
11  -127.11    81.74   129.91     0.33
11   -90.61    94.81   129.91     0.33
11   -73.01   106.91   129.91     0.33
11   -48.89   140.59   129.91     0.33
11   -81.81   145.49   129.91     0.33
11   -94.85   132.09   129.91     0.33
11  -144.39   144.18   129.91     0.33
11  -139.82   133.39   129.91     0.33
11  -113.42    75.85   129.91     0.33
11  -133.63   195.51   134.83     0.33
11  -145.69   111.81   134.83     0.33
11  -147.97   101.35   134.83     0.33
11   -74.96   155.95   137.64     0.33
11   -83.44   160.86   137.64     0.33
11   -83.44   169.03   137.64     0.33
11   -88.33   166.09   137.64     0.33
11   -91.26   161.84   137.64     0.33
11   -92.89   147.12   137.64     0.33
11   -97.13   150.07   137.64     0.33
11   -93.87   190.61   137.64     0.33
11   -99.08   207.94   137.64     0.33
11  -111.47   169.68   137.64     0.33
11  -102.02   169.03   137.64     0.33
11   -51.50   150.39   137.64     0.33
11   -65.51   109.53   137.64     0.33
11   -63.88   115.08   137.64     0.33
11   -79.53   109.85   137.64     0.33
11   -79.85    97.43   137.64     0.33
11  -105.60   120.97   137.64     0.33
11   -96.48   116.39   137.64     0.33
11  -105.28   158.57   137.64     0.33
11   -91.91    84.02   137.64     0.33
11   -92.24    89.26   137.64     0.33
11   -74.96    83.04   137.64     0.33
11  -114.08   177.20   137.64     0.33
11  -134.61   124.57   139.23     0.33
11  -130.05   110.51   139.23     0.33
11  -124.83   100.70   139.23     0.33
11  -126.13    93.18   139.23     0.33
11  -144.39    89.58   139.23     0.33
11  -142.11    80.43   139.23     0.33
11   -87.35   125.55   139.23     0.33
11   -95.50   126.20   139.23     0.33
11  -119.62   156.28   139.23     0.33
11  -132.33   165.43   139.23     0.33
11  -130.70   152.68   139.23     0.33
11   -97.13   179.17   139.23     0.33
11   -82.46   177.20   139.23     0.33
11   -53.13   120.32   139.23     0.33
11   -83.76   103.64   139.23     0.33
11  -113.10   142.22   139.23     0.33
11  -128.74   141.89   139.23     0.33
11  -132.00   130.78   139.23     0.33
11  -116.03   115.74   139.23     0.33
11  -119.29    89.26   139.23     0.33
11  -110.82    83.70   139.23     0.33
11   -98.76    95.14   141.20     0.33
11  -105.28   101.03   141.20     0.33
11   -91.26   107.89   141.20     0.33
11   -84.42   115.74   141.20     0.33
11   -77.25   118.35   141.20     0.33
11  -119.29   168.38   141.20     0.33
11  -107.23   189.30   141.20     0.33
11   -98.76   200.42   141.20     0.33
11   -88.65   208.26   141.20     0.33
11   -74.96   202.71   141.20     0.33
11   -69.42   170.99   141.20     0.33
11  -116.03   127.18   141.20     0.33
11  -141.13   118.35   141.20     0.33
11   -81.48    88.27   141.20     0.33
11   -71.05   136.01   145.44     0.33
11   -59.97   141.89   145.44     0.33
11   -58.99   162.16   145.44     0.33
11   -77.57   181.13   144.30     0.33
11  -115.71   196.49   145.67     0.33
11  -105.60   178.84   147.18     0.33
11  -111.79   150.39   147.18     0.33
11   -97.13   156.28   148.02     0.33
11  -102.34   140.91   148.02     0.33
11  -105.28   149.74   147.11     0.33
11  -120.92   147.45   147.11     0.33
11  -144.06   149.09   147.94     0.33
11  -142.43   156.93   147.94     0.33
11  -134.28   159.88   149.15     0.33
11  -150.58   124.24   148.09     0.33
11  -131.02   136.66   147.26     0.33
11  -122.88   124.57   147.26     0.33
11  -122.55   136.34   147.26     0.33
11  -115.05   132.74   147.26     0.33
11  -106.25   115.41   147.26     0.33
11   -82.46   146.14   147.26     0.33
11   -92.56   136.01   147.26     0.33
11  -103.97   133.07   147.26     0.33
11  -108.21   126.20   147.26     0.33
11  -114.08    95.47   148.09     0.33
11   -99.08    80.10   146.96     0.33
11  -110.82    78.47   146.12     0.33
11  -131.35    85.99   147.11     0.33
11  -133.96    78.14   147.11     0.33
11  -137.87    98.08   147.11     0.33
11  -137.87   108.22   147.11     0.33
11  -116.68   105.60   147.11     0.33
11   -69.75    97.43   147.11     0.33
11   -76.27   128.16   147.11     0.33
11   -59.32   132.09   147.94     0.33
11   -66.49   150.07   147.94     0.33
11   -67.14   159.88   147.94     0.33
11   -83.44   191.92   147.94     0.33
11   -72.36   194.53   147.94     0.33
11   -67.47   185.38   147.94     0.33
11   -60.95   173.93   147.94     0.33
11  -118.96   187.99   147.94     0.33
11  -113.75   204.67   147.94     0.33
11  -132.98   179.17   147.94     0.33
11   -87.02    77.81   147.94     0.33
11  -138.19   142.87   147.94     0.33
11  -140.15   180.47   147.94     0.33
11  -146.34   109.85   149.91     0.33
11  -147.65   100.70   150.82     0.33
11  -105.60   166.09   153.47     0.33
11  -112.77   161.18   153.47     0.33
11   -88.65   151.38   154.30     0.33
11   -95.82   144.84   153.17     0.33
11   -76.59   159.22   151.73     0.33
11   -80.18   172.30   153.55     0.33
11   -90.93   165.76   153.55     0.33
11   -87.68   157.26   154.38     0.33
11   -84.42   136.34   154.38     0.33
11   -94.19   127.18   153.32     0.33
11   -78.22   110.18   154.45     0.33
11   -80.50    99.39   154.45     0.33
11   -85.72   106.26   154.45     0.33
11   -91.91    86.31   155.29     0.33
11   -92.56    94.49   155.29     0.33
11  -125.48   100.70   155.21     0.33
11  -132.98   125.55   155.21     0.33
11  -141.13   127.51   156.20     0.33
11  -129.72   108.22   154.68     0.33
11  -128.74   116.72   155.51     0.33
11  -118.64    87.29   155.51     0.33
11   -84.42   120.32   155.51     0.33
11   -96.15   192.90   155.51     0.33
11   -97.13   170.99   156.35     0.33
11   -89.63   177.86   156.35     0.33
11  -105.60   190.28   156.35     0.33
11  -102.67   200.74   156.35     0.33
11  -113.42   138.62   156.35     0.33
11  -121.25   140.91   156.35     0.33
11  -128.74   141.89   156.35     0.33
11  -130.70   147.78   156.35     0.33
11  -124.51   156.93   157.18     0.33
11  -123.53   168.38   157.18     0.33
11  -115.38   171.97   157.18     0.33
11  -142.43    87.62   157.18     0.33
11   -93.54   115.74   157.18     0.33
11   -72.36   117.37   157.18     0.33
11   -67.14   124.24   157.18     0.33
11  -115.38   127.18   159.23     0.33
11  -124.18   129.47   160.06     0.33
11  -134.61   164.45   160.06     0.33
11   -69.75   176.22   160.97     0.33
11   -78.88   182.76   160.97     0.33
11  -115.05   194.53   160.97     0.33
11   -70.07   137.32   160.97     0.33
11  -110.16    78.47   162.71     0.33
11  -108.53   113.12   162.71     0.33
11  -105.93   130.45   162.71     0.33
11  -102.02    91.54   163.54     0.33
11  -113.75    98.41   163.54     0.33
11  -104.95   150.07   163.54     0.33
11   -96.15   156.93   163.54     0.33
11  -114.73   149.09   163.54     0.33
11  -121.25   147.78   163.54     0.33
11  -138.19   151.38   163.54     0.33
11  -142.76   147.12   163.54     0.33
11  -132.00   157.26   164.38     0.33
11  -130.37   136.99   164.38     0.33
11  -146.99   112.80   165.29     0.33
11  -147.65   121.30   165.29     0.33
11  -138.19   108.87   166.12     0.33
11   -59.97   197.15     4.92     0.33
11   -75.62   205.65     5.76     0.33
11   -78.88   222.00     7.65     0.33
11   -86.37   199.11    10.38     0.33
11   -88.33   211.53    10.38     0.33
11   -69.10   228.21    18.48     0.33
11  -100.06   203.69    21.21     0.33
11   -96.15   195.19    21.21     0.33
11  -135.59   119.66    22.04     0.33
11  -130.75   178.61    22.04     0.33
12  -118.64   160.53     0.00     0.33
12  -102.99   161.18     0.00     0.33
12   -69.42   214.15     0.00     0.33
12   -73.66   126.20   -10.45     0.33
12   -63.56   141.57   -10.45     0.33
12   -56.06   151.38    23.56     0.33
12   -63.88   112.14    -1.51     0.33
12   -56.06   123.58     1.14     0.33
12   -50.52   138.30     4.47     0.33
12   -64.86   130.45    -1.97     0.33
12   -71.38   119.33   -10.00     0.33
12   -68.12   215.13    22.35     0.33
12   -74.31   127.18     7.27     0.33
12   -71.70   127.84    32.27     0.33
12   -64.53   116.07    33.25     0.33
12  -155.47   166.74    85.60     0.33
12   -94.19   231.80    85.60     0.33
12  -104.62   230.50    85.60     0.33
12   -57.36   196.49    98.32     0.33
12   -56.71   179.17   110.97     0.33
12   -52.47   139.28    97.87     0.33
12   -43.35   148.43    96.51     0.33
12   -65.51   123.58   114.38     0.33
12   -43.67   139.93   107.11     0.33
12   -98.43   211.53   118.02     0.33
12   -90.93    75.52   129.23     0.33
12   -71.38    80.43   121.35     0.33
12  -114.73    67.35   135.21     0.33
12  -104.95    70.29   136.58     0.33
12  -126.79    73.56   138.62     0.33
12  -148.30   135.03   138.62     0.33
12  -140.15   167.40   139.30     0.33
12   -71.05   118.03   141.96     0.33
12   -62.58   123.58   138.17     0.33
12   -80.83   136.34   138.02     0.33
12  -152.21   116.39   138.02     0.33
12   -90.93   199.76   146.58     0.33
12  -128.42   176.22   144.53     0.33
12  -143.08   136.01   153.70     0.33
12  -137.22   117.37   161.80     0.33
12  -101.36   105.93   161.80     0.33
12   -92.24   105.93   161.80     0.33
12   -83.76   111.16   162.64     0.33
12  -108.21    90.56   157.26     0.33
12   -74.64   144.84   156.20     0.33
12  -114.40   181.13   155.36     0.33
12   -75.62   167.40   156.04     0.33
12   -90.61   186.69   161.42     0.33
12  -117.33   116.07   161.42     0.33
12  -113.10   105.60   162.33     0.33
12  -128.74    93.83   156.27     0.33
12   -65.19   202.71   141.20     0.33
12  -128.09   188.97   133.40     0.33
12   -73.33   128.82   131.43     0.33
12   -87.02   115.41   106.50     0.33
12   -86.05   105.28   106.50     0.33
12   -72.68    81.74    96.51     0.33
12   -72.68    75.20    96.51     0.33
12   -58.99   102.33    80.52     0.33
12   -71.05   113.45    84.54     0.33
12  -122.55    67.35    98.47     0.33
12  -111.14    65.72   106.20     0.33
