11   214.47   168.32     1.29     0.33
11   218.06   140.53     1.29     0.33
11   162.65   163.09     1.29     0.33
11   178.95   149.69     1.29     0.33
11   182.21   136.94     1.29     0.33
11   148.64   139.55     1.29     0.33
11   131.69   129.09     1.29     0.33
11   126.15   205.92     2.12     0.33
11   123.54   171.59     2.12     0.33
11   212.52    76.13     2.12     0.33
11   198.50    89.86     3.03     0.33
11   185.79    65.99     3.03     0.33
11   193.94   148.05    16.29     0.33
11   225.88   151.00    17.95     0.33
11   211.54   174.21    17.95     0.33
11   162.65   164.40    18.79     0.33
11   145.38   138.90    18.79     0.33
11   139.19   155.57    18.79     0.33
11   158.09   132.36    19.62     0.33
11   185.14   134.32    19.62     0.33
11   147.66   115.36    19.62     0.33
11   132.99   128.11    21.82     0.33
11   181.23    65.01    21.82     0.33
11   200.46    67.30    21.82     0.33
11   219.69    74.16    22.88     0.33
11   232.73    84.95    22.88     0.33
11   229.47    95.09    22.88     0.33
11   218.06   104.90    23.71     0.33
11   235.66   134.32    23.71     0.33
11   189.38   118.30    26.36     0.33
11   167.54   151.65    28.10     0.33
11   180.25   168.32    28.18     0.33
11   117.67   172.90    28.18     0.33
11   126.15   192.85    28.18     0.33
11   117.35   208.21    28.18     0.33
11   128.76   166.69    33.63     0.33
11   217.73   171.92    33.63     0.33
11   193.29   159.50    33.63     0.33
11   192.64   143.80    33.63     0.33
11   211.22   137.26    36.13     0.33
11   231.42   145.44    36.13     0.33
11   237.62   124.19    37.12     0.33
11   182.53    61.41    37.12     0.33
11   171.45    63.70    37.95     0.33
11   184.82    76.45    37.95     0.33
11   203.39    57.82    37.95     0.33
11   223.93    75.15    37.95     0.33
11   233.38    91.82    37.95     0.33
11   146.36    74.49    50.68     0.33
11   137.88   142.82    50.68     0.33
11   132.99   152.30    50.68     0.33
11   125.17   168.00    50.68     0.33
11   119.96   175.19    50.68     0.33
11   110.50   169.96    50.68     0.33
11   115.07   220.64    59.54     0.33
11   121.91   201.67    57.72     0.33
11   114.09   191.21    59.01     0.33
11   102.68   188.59    60.83     0.33
11    99.42   176.82    60.83     0.33
11   211.87   140.53    61.66     0.33
11   216.43   175.19    55.52     0.33
11   232.73   150.02    51.81     0.33
11   184.16   226.19    58.48     0.33
11   168.84   236.33    62.49     0.33
11   146.36   233.06    63.86     0.33
11   132.67   222.92    65.75     0.33
11   141.14   193.50    66.96     0.33
11   149.61   186.31    68.55     0.33
11   174.71   186.96    69.39     0.33
11   132.67   178.13    74.24     0.33
11   114.74   179.44    70.14     0.33
11   118.98   164.07    74.54     0.33
11   103.66   167.02    78.63     0.33
11   106.27   159.82    80.07     0.33
11   114.09   151.98    83.86     0.33
11    98.77   146.42    85.67     0.33
11   107.57   138.90    86.51     0.33
11   112.46   185.33    87.34     0.33
11   129.08   189.25    88.32     0.33
11   144.73   193.50    88.32     0.33
11   157.76   220.64    90.07     0.33
11   170.47   225.21    90.07     0.33
11   176.67   209.52    90.07     0.33
11   166.56   213.12    92.72     0.33
11   195.24   228.16    93.55     0.33
11   152.87   233.39    93.55     0.33
11   161.67   243.52    94.38     0.33
11   161.02   235.02    94.38     0.33
11   144.40   243.85    94.38     0.33
11   140.49   231.10    94.38     0.33
11   139.51   223.25    95.22     0.33
11   130.06   222.27    95.22     0.33
11   120.61   216.39    95.22     0.33
11   112.13   222.27    95.22     0.33
11   114.41   234.37    95.22     0.33
11   131.04   212.79    95.22     0.33
11   139.84   213.77    95.22     0.33
11   118.00   203.96    96.43     0.33
11   105.61   205.27    92.11     0.33
11   111.16   209.85    98.55     0.33
11   105.61   197.42   100.90     0.33
11    95.84   195.46   100.90     0.33
11    98.12   180.75   100.90     0.33
11   159.39   205.92   103.93     0.33
11   194.59   206.58   103.93     0.33
11   202.09   204.29   107.57     0.33
11   207.63   197.10   113.32     0.33
11   159.72   236.98   114.23     0.33
11   181.88   221.62   115.06     0.33
11   190.03   225.21   116.43     0.33
11   199.16   227.50   117.34     0.33
11   146.68   242.21   117.34     0.33
11   131.04   228.48   117.34     0.33
11   140.81   232.73   118.17     0.33
11   102.03   203.96   119.08     0.33
11   118.65   205.92   120.75     0.33
11   118.33   223.25   123.02     0.33
11   123.87   217.69   123.02     0.33
11   140.81   211.15   123.85     0.33
11   157.44   211.81   124.68     0.33
11   165.59   213.44   124.68     0.33
11   158.09   226.19   135.29     0.33
11   235.33    88.88    65.14     0.33
11   229.79   128.44    65.14     0.33
11   220.02    69.91    65.14     0.33
11   205.02    74.49    65.14     0.33
11   204.37    60.43    65.14     0.33
11   213.17    52.59    65.14     0.33
11   117.02   123.86    65.14     0.33
11   115.72   152.96    65.14     0.33
11   190.68   138.25    65.14     0.33
11   201.76   161.13    51.96     0.33
11   173.73   170.29    57.04     0.33
11   164.93   114.05    13.56     0.33
11   196.22   165.71    13.56     0.33
11   192.64   178.79    13.56     0.33
11   152.22   170.29    15.23     0.33
11   126.15   144.78    16.13     0.33
11   206.98   125.17    16.13     0.33
11   182.21    99.99    16.13     0.33
11   178.95    81.68    16.13     0.33
11   197.20   195.46    16.97     0.33
11   167.21   188.59    16.97     0.33
11   160.70   236.00    16.97     0.33
11   158.74   218.02    16.97     0.33
11   133.64   221.94    16.97     0.33
11   150.27    93.45    16.97     0.33
11   228.82   118.63    17.80     0.33
11   215.45    83.97    17.80     0.33
11   125.17   163.09    17.80     0.33
11   141.79   188.27    18.63     0.33
11   134.30   204.94    18.63     0.33
11   206.65   155.57    18.63     0.33
11   215.45   136.94    18.63     0.33
11   198.50   105.22    18.63     0.33
11   196.55    82.99    18.63     0.33
11   165.59    94.76    18.63     0.33
11   159.07    73.18    18.63     0.33
11   131.69   111.11    18.63     0.33
11   125.17   125.17    18.63     0.33
11   179.93   190.56    20.30     0.33
11   167.54   134.65    23.10     0.33
11   178.95   150.67    23.10     0.33
11   168.52   172.90    23.10     0.33
11   233.38   107.51    23.94     0.33
11   203.72    94.44    23.94     0.33
11   188.07    92.15    23.94     0.33
11   173.73    74.82    24.69     0.33
11   153.20    82.99    24.69     0.33
11   175.04   122.88    24.69     0.33
11   141.79   102.28    24.69     0.33
11   138.53   174.21    24.69     0.33
11   190.03   174.54    30.83     0.33
11   162.98   111.44    30.83     0.33
11   204.37   122.55    32.88     0.33
11   226.53   129.75    32.88     0.33
11   220.67   119.28    32.88     0.33
11   215.13    92.80    32.88     0.33
11   206.65    83.97    32.88     0.33
11   178.30   107.84    32.88     0.33
11   178.62    94.44    33.71     0.33
11   123.87   124.51    33.71     0.33
11   134.62   147.73    33.71     0.33
11   175.36   159.82    33.71     0.33
11   203.39   156.23    33.71     0.33
11   203.39   167.02    33.71     0.33
11   205.67   178.13    33.71     0.33
11   205.02   195.13    33.71     0.33
11   168.52   207.56    33.71     0.33
11   177.97   224.23    33.71     0.33
11   166.24   235.35    33.71     0.33
11   149.61   219.00    33.71     0.33
11   125.50   222.60    33.71     0.33
11   112.46   213.77    33.71     0.33
11   136.90   207.88    33.71     0.33
11   123.21   199.06    33.71     0.33
11   155.16   105.22    33.71     0.33
11   128.43   111.44    33.71     0.33
11   152.55   150.34    33.71     0.33
11   215.13   157.54    33.71     0.33
11   218.71   140.53    33.71     0.33
11   196.55   107.19    33.71     0.33
11   158.74    94.11    33.71     0.33
11   165.59    84.95    33.71     0.33
11   215.78    65.66    33.71     0.33
11   161.02    71.55    33.71     0.33
11   120.61   137.59    33.71     0.33
11   112.78   151.98    33.71     0.33
11   106.92   181.08    33.71     0.33
11   138.53   188.27    33.71     0.33
11   158.41   188.27    33.71     0.33
11   147.99   166.36    33.71     0.33
11   227.51   159.82    33.71     0.33
11   200.46   207.56    33.71     0.33
11   190.68   218.35    33.71     0.33
11   160.37   220.31    33.71     0.33
11   193.94   189.58    33.71     0.33
11   155.48   177.15    33.71     0.33
11   175.36   214.75    33.71     0.33
11   168.52   194.15    33.71     0.33
11   175.69   179.77    33.71     0.33
11   134.95   227.17    33.71     0.33
11   148.64   135.63    36.36     0.33
11   150.92   121.24    36.36     0.33
11   183.84   131.38    36.36     0.33
11   203.39   146.42    36.36     0.33
11   180.25   190.56    36.36     0.33
11   184.16   199.71    36.36     0.33
11   137.88    88.55    36.36     0.33
11   103.98   198.40    36.36     0.33
11   199.16    71.88    39.31     0.33
11   220.99   107.51    39.31     0.33
11   173.08   141.84    39.31     0.33
11   159.72   132.69    39.31     0.33
11   164.61   167.67    40.30     0.33
11   149.61   200.36    40.30     0.33
11   136.58   177.48    40.30     0.33
11   142.77   112.42    40.30     0.33
11   234.03   107.84    40.30     0.33
11   150.59   230.12    40.30     0.33
11   170.47   125.49    40.30     0.33
11   194.27   132.03    40.30     0.33
11   139.51   102.94    43.10     0.33
11   128.10   189.90    44.92     0.33
11   182.86    51.93    48.71     0.33
11   212.19    52.91    48.71     0.33
11   231.10    65.66    48.71     0.33
11   239.25    87.90    48.71     0.33
11   216.10    98.69    48.71     0.33
11   230.77    82.34    48.71     0.33
11   241.53    77.43    48.71     0.33
11   209.59    80.05    48.71     0.33
11   207.30    91.17    48.71     0.33
11   191.99    91.17    48.71     0.33
11   190.36   144.13    48.71     0.33
11   187.42   163.75    48.71     0.33
11   188.07   175.84    48.71     0.33
11   199.16   119.61    49.62     0.33
11   225.23   128.44    49.62     0.33
11   216.76   153.28    49.62     0.33
11   118.33   123.53    49.62     0.33
11   136.90   135.63    49.62     0.33
11   124.19   133.34    49.62     0.33
11   130.38   118.63    50.45     0.33
11   156.46   108.17    50.37     0.33
11   182.53   116.01    50.37     0.33
11   191.99   106.53    50.37     0.33
11   213.17   119.94    50.37     0.33
11   170.47   108.82    50.37     0.33
11   172.43    93.45    50.37     0.33
11   166.56    82.01    50.37     0.33
11   154.83    94.76    50.37     0.33
11   173.41   157.54    50.37     0.33
11   156.79   151.98    50.37     0.33
11   143.10   160.15    50.37     0.33
11   149.94   172.25    50.37     0.33
11   167.21   182.71    50.37     0.33
11   154.83   188.92    50.37     0.33
11   141.79   190.56    50.37     0.33
11   138.53   204.29    50.37     0.33
11   118.65   212.13    50.37     0.33
11   132.99   219.33    50.37     0.33
11   148.64   221.94    50.37     0.33
11   156.79   216.39    50.37     0.33
11   166.24   211.48    50.37     0.33
11   172.43   216.39    50.37     0.33
11   191.99   202.65    50.37     0.33
11   204.37   200.04    50.37     0.33
11   203.39   181.73    50.37     0.33
11   205.67   168.65    50.37     0.33
11   221.32   161.13    50.37     0.33
11   237.94   135.30    50.37     0.33
11   245.11   112.74    50.37     0.33
11   243.48    98.69    50.37     0.33
11   100.07   164.73    50.37     0.33
11   106.92   150.34    50.37     0.33
11   111.81   138.90    50.37     0.33
11   124.84   105.88    50.37     0.33
11   159.07    69.91    50.37     0.33
11   180.25    86.59    50.37     0.33
11   198.18   212.46    50.37     0.33
11   196.22   225.54    50.37     0.33
11   133.32   233.06    50.37     0.33
11   121.58   229.79    50.37     0.33
11   151.90   242.87    50.37     0.33
11   163.63   226.85    50.37     0.33
11   182.53   216.06    50.37     0.33
11   175.36   203.63    50.37     0.33
11   194.59   191.21    50.37     0.33
11   166.24   145.77    56.89     0.33
11   177.32   131.71    56.89     0.33
11   152.55   138.57    56.89     0.33
11   146.68   117.65    56.89     0.33
11   160.70   125.17    56.89     0.33
11   182.86    76.45    56.89     0.33
11   188.73    61.09    56.89     0.33
11   170.15    64.36    56.89     0.33
11   227.19    58.14    56.89     0.33
11   171.13    53.89    56.89     0.33
11   201.44   131.71    56.89     0.33
11   186.12   129.75    56.89     0.33
11   225.56   107.51    56.89     0.33
11   228.82    96.07    56.89     0.33
11   237.94   126.48    56.89     0.33
11   232.73   163.75    56.89     0.33
11   160.37   167.67    56.89     0.33
11   111.16   204.62    56.89     0.33
11   111.16   115.69    56.89     0.33
11   210.89   207.88    56.89     0.33
11   223.27   141.19    56.89     0.33
11   132.67   178.46    56.89     0.33
11   139.84   101.30    59.31     0.33
11   201.11   144.78    59.31     0.33
11   147.66   157.21    67.49     0.33
11   134.30   139.88    67.49     0.33
11   130.38   151.65    67.49     0.33
11   129.73   192.19    67.49     0.33
11   138.21   201.35    67.49     0.33
11   135.27   211.48    67.49     0.33
11   120.61   210.83    67.49     0.33
11   156.46   217.37    67.49     0.33
11   171.78   223.58    67.49     0.33
11   167.87   208.54    67.49     0.33
11   181.23   207.88    67.49     0.33
11   200.46   218.02    67.49     0.33
11   193.62   228.48    67.49     0.33
11   143.42   242.54    67.49     0.33
11   136.25   236.00    67.49     0.33
11   118.00   235.02    67.49     0.33
11   159.07   191.21    67.49     0.33
11   196.55   200.36    67.49     0.33
11   201.76   182.06    67.49     0.33
11   200.79   169.63    67.49     0.33
11   186.44   181.08    67.49     0.33
11   182.86   159.17    67.49     0.33
11   206.98   158.84    67.49     0.33
11   191.01   154.27    67.49     0.33
11   209.26   195.79    67.49     0.33
11   211.22   185.98    67.49     0.33
11   219.04   160.15    67.49     0.33
11   231.75   144.13    67.49     0.33
11   236.64   151.98    67.49     0.33
11   240.22   135.96    67.49     0.33
11   236.31   108.82    67.49     0.33
11   245.76    81.36    67.49     0.33
11   229.14    81.68    67.49     0.33
11   217.73    93.45    67.49     0.33
11   209.91    82.99    67.49     0.33
11   196.22    94.11    68.33     0.33
11   192.64   111.44    68.33     0.33
11   194.27   123.86    68.33     0.33
11   219.04   131.05    68.33     0.33
11   220.67   120.26    69.16     0.33
11   207.63   119.61    70.14     0.33
11   204.37   110.13    70.14     0.33
11   208.61    99.99    70.98     0.33
11   215.45   106.53    70.98     0.33
11   230.12   115.69    70.98     0.33
11   244.13   117.65    70.98     0.33
11   245.44    94.76    70.98     0.33
11   250.98   105.88    71.81     0.33
11   236.96    68.28    71.81     0.33
11   229.79    72.86    71.81     0.33
11   147.01    69.91    67.80     0.33
11   147.99    82.99    69.92     0.33
11   163.96    85.28    70.75     0.33
11   185.47    86.59    71.96     0.33
11   178.62    71.55    71.96     0.33
11   189.05    58.80    73.02     0.33
11   183.19    53.89    73.02     0.33
11   170.47    57.82    73.02     0.33
11   191.66    76.45    73.02     0.33
11   231.42    98.36    73.02     0.33
11   179.60   102.28    73.02     0.33
11   181.23   126.15    73.02     0.33
11   176.67   138.57    73.86     0.33
11   165.59   139.55    73.86     0.33
11   171.78   170.94    73.86     0.33
11   165.91   162.77    73.86     0.33
11   154.50   167.02    73.86     0.33
11   162.98   150.67    73.86     0.33
11   177.64   149.03    73.86     0.33
11   144.73   145.11    73.86     0.33
11   155.16   140.53    73.86     0.33
11   138.86   121.57    73.86     0.33
11   152.55   129.75    73.86     0.33
11   164.28   126.48    73.86     0.33
11   173.41   115.36    76.20     0.33
11   159.07   116.67    76.20     0.33
11   148.64   112.42    76.20     0.33
11   163.30   104.90    76.20     0.33
11   173.73    88.55    76.20     0.33
11   162.98    71.88    76.20     0.33
11   158.74    60.76    77.57     0.33
11   204.05    42.12    74.39     0.33
11   141.47    99.34    79.54     0.33
11   148.96   103.26    79.54     0.33
11   153.53    91.82    79.54     0.33
11   127.45   103.59    79.54     0.33
11   124.52   113.40    79.54     0.33
11   117.35   106.21    79.54     0.33
11   114.09   116.34    80.37     0.33
11   117.02   127.46    80.37     0.33
11   129.73   128.44    80.37     0.33
11   190.36   137.92    81.28     0.33
11   210.89   140.86    81.28     0.33
11   197.20   145.77    81.28     0.33
11   202.09   132.03    81.28     0.33
11   232.73   129.09    81.28     0.33
11   230.45   161.79    82.19     0.33
11   215.78   174.86    82.19     0.33
11   215.78   166.69    82.19     0.33
11   158.09   200.04    82.19     0.33
11   147.66   206.90    83.86     0.33
11   137.23   157.21    83.86     0.33
11   135.60   168.65    80.14     0.33
11   153.53   176.82    80.98     0.33
11   188.73   167.34    80.98     0.33
11   223.27   182.38    80.98     0.33
11   193.94   214.10    80.98     0.33
11   185.14   196.77    80.98     0.33
11   173.08   198.40    80.98     0.33
11   118.33   200.36    80.98     0.33
11    98.44   194.48    80.98     0.33
11    97.14   182.71    80.98     0.33
11   121.91   139.55    80.98     0.33
11   106.92   123.86    80.98     0.33
11   134.30    78.41    80.98     0.33
11   200.13    67.30    80.98     0.33
11   216.43    53.24    80.98     0.33
11   218.39    66.32    80.98     0.33
11   214.80    73.51    80.98     0.33
11   228.82    61.09    80.98     0.33
11   167.54    49.64    80.98     0.33
11   129.73    91.17    80.98     0.33
11   204.37    55.20    80.98     0.33
11   218.39   147.40    80.98     0.33
11   182.21   225.21    80.98     0.33
11   173.73   237.31    81.81     0.33
11   179.27   159.17    82.72     0.33
11   206.33   161.46    82.72     0.33
11   190.36   157.86    82.72     0.33
11   199.48   185.33    82.72     0.33
11   213.82   186.31    83.55     0.33
11   147.99   158.84    83.55     0.33
11   129.41   147.40    83.55     0.33
11   136.25   141.19    83.55     0.33
11   146.68   130.73    83.55     0.33
11   124.52   172.57    83.55     0.33
11   122.24   187.29    83.55     0.33
11   140.81   185.00    83.55     0.33
11   143.10   174.21    83.55     0.33
11   200.79   174.54    83.55     0.33
11   210.56   207.23    83.55     0.33
11   204.05   214.75    83.55     0.33
11   241.20   152.96    83.55     0.33
11   223.60   133.34    83.55     0.33
11   236.96   141.51    83.55     0.33
11   238.27   106.21    83.55     0.33
11   241.20    86.59    83.55     0.33
11   245.11    74.82    83.55     0.33
11   234.36    79.72    83.55     0.33
11   227.19    89.53    83.55     0.33
11   210.24    82.01    83.55     0.33
11   216.10    91.82    83.55     0.33
11   187.10    47.03    83.55     0.33
11   196.55    99.34    83.55     0.33
11   193.94   112.42    83.55     0.33
11   194.27   123.86    83.55     0.33
11   200.46    83.97    83.55     0.33
11   144.73    69.91    83.55     0.33
11   135.93   113.07    84.39     0.33
11   188.40   179.11    84.39     0.33
11   216.76   194.81    84.39     0.33
11   233.05   170.94    84.39     0.33
11   205.35   150.34    84.39     0.33
11   228.16   147.07    84.39     0.33
11   191.01   203.31    84.39     0.33
11   136.25   202.65    84.39     0.33
11   127.45   203.63    84.39     0.33
11   128.10   231.75    84.39     0.33
11   206.98   121.57    85.45     0.33
11   219.69   121.24    85.45     0.33
11   175.69   187.61    85.45     0.33
11   248.37    94.11    86.20     0.33
11   240.55   124.51    86.20     0.33
11   229.79   115.69    86.20     0.33
11   206.33   111.44    86.20     0.33
11   218.06   108.82    86.20     0.33
11   205.67    99.01    86.20     0.33
11   176.34    72.53    87.95     0.33
11   164.93    85.93    88.93     0.33
11   169.50   139.23    88.93     0.33
11   165.59   129.75    88.93     0.33
11   182.86   129.75    89.76     0.33
11   188.73    62.07    90.60     0.33
11   185.47    75.15    91.43     0.33
11   223.27    79.40    92.34     0.33
11   233.70    95.09    92.34     0.33
11   179.93   111.44    92.34     0.33
11   179.93    98.36    92.34     0.33
11   168.19    98.69    92.34     0.33
11   167.87   111.44    92.34     0.33
11   143.75   119.28    90.37     0.33
11   180.25   118.63    90.37     0.33
11   179.60   144.13    90.37     0.33
11   169.82   167.67    90.37     0.33
11   162.33   162.11    91.73     0.33
11   151.90   150.67    92.57     0.33
11   156.79   119.28    92.57     0.33
11   166.56   152.63    93.40     0.33
11   120.28   160.15    93.40     0.33
11   131.69   177.15    93.40     0.33
11   159.72    74.82    94.23     0.33
11   172.76    60.43    94.23     0.33
11   208.93    38.85    94.23     0.33
11   155.48    60.76    94.23     0.33
11    99.10   166.04    94.23     0.33
11   112.13   173.56    94.23     0.33
11   154.83   138.57    94.23     0.33
11   186.12    86.59    94.23     0.33
11   252.61   109.47    94.23     0.33
11   157.11   104.57    95.98     0.33
11   143.42   103.26    95.98     0.33
11   149.61    89.53    95.98     0.33
11   138.21    89.20    95.98     0.33
11   120.61   119.94    95.98     0.33
11   127.13   107.51    95.98     0.33
11   122.56   103.26    95.98     0.33
11   131.36   134.00    95.98     0.33
11   133.64   121.57    95.98     0.33
11   113.11   128.44    95.98     0.33
11   152.22   167.34    95.98     0.33
11   180.90   169.96    95.98     0.33
11   171.13   177.81    95.98     0.33
11   197.85    47.03    95.98     0.33
11   112.13   165.71    96.88     0.33
11   187.10   142.17    96.88     0.33
11   215.45   141.84    96.88     0.33
11   215.45   155.57    96.88     0.33
11   203.39   139.55    96.88     0.33
11   193.94   137.92    96.88     0.33
11   210.56   131.71    96.88     0.33
11   235.33   132.36    96.88     0.33
11   231.42   178.79    96.88     0.33
11   217.08    60.43    96.88     0.33
11   223.60    70.57    96.88     0.33
11   233.05    55.53    96.88     0.33
11   216.10    48.66    96.88     0.33
11   207.96    54.22    96.88     0.33
11   235.33    70.57    96.88     0.33
11   206.33    72.86    96.88     0.33
11   194.59    58.47    96.88     0.33
11   194.92    69.59    96.88     0.33
11   178.95    53.24    96.88     0.33
11   168.19    49.97    96.88     0.33
11   180.90    42.78    96.88     0.33
11   189.05    34.93    96.88     0.33
11   122.56   136.28    96.88     0.33
11   177.64   197.10    96.88     0.33
11   188.07   189.90    96.88     0.33
11   103.01   120.26    96.88     0.33
11   131.69    76.78    96.88     0.33
11   153.20   191.21    96.88     0.33
11   160.04   175.19    96.88     0.33
11   151.24   182.06    96.88     0.33
11   189.05   213.77    96.88     0.33
11   178.62   225.54    96.88     0.33
11   188.07   224.89    96.88     0.33
11   176.34   218.67    96.88     0.33
11   172.43   236.33    96.88     0.33
11   183.51   160.48    97.94     0.33
11   190.03   151.98    97.94     0.33
11   202.09   163.09    97.94     0.33
11   217.08   175.19    97.94     0.33
11   221.97   187.94    97.94     0.33
11   199.16   186.31    97.94     0.33
11   212.85   167.34    97.94     0.33
11   222.30   166.36    97.94     0.33
11   232.08   158.52    97.94     0.33
11   236.96   164.40    97.94     0.33
11   175.04    85.93    97.94     0.33
11   128.76    96.07    97.94     0.33
11   153.20    77.76    97.94     0.33
11   135.27   161.46    98.93     0.33
11   137.56   145.11    98.93     0.33
11   134.62   151.00    98.93     0.33
11   124.84   147.73    98.93     0.33
11   115.07   150.67    98.93     0.33
11   143.75   141.84    98.93     0.33
11   143.42   132.03    98.93     0.33
11   193.29   167.02    98.93     0.33
11   201.44   174.86    98.93     0.33
11   210.24   183.04    98.93     0.33
11   237.94   142.17    98.93     0.33
11   223.27   132.36    98.93     0.33
11   238.59   107.51    98.93     0.33
11   237.94    87.90    98.93     0.33
11   244.79    81.03    98.93     0.33
11   233.70    78.74    98.93     0.33
11   219.04    95.09    98.93     0.33
11   211.54    82.67    98.93     0.33
11   196.55    82.34    98.93     0.33
11   189.70    98.36    98.93     0.33
11   192.31   119.61    98.93     0.33
11   197.20   127.78    98.93     0.33
11   193.62   109.47    98.93     0.33
11   218.39   201.67    98.93     0.33
11   206.33   214.42    98.93     0.33
11   108.22   156.55    98.93     0.33
11   141.79    69.26    99.76     0.33
11   111.48   108.17    99.76     0.33
11   143.42   171.92   100.67     0.33
11   136.58   200.69   100.67     0.33
11   123.21   197.10   100.67     0.33
11   123.87   172.57   100.67     0.33
11   200.79   151.98   100.67     0.33
11   225.23   116.01   101.50     0.33
11   237.94   120.26   101.50     0.33
11   244.79   132.03   101.50     0.33
11   206.98   118.30   101.50     0.33
11   204.70   105.55   101.50     0.33
11   202.42    92.80   102.34     0.33
11   225.56    89.20   102.34     0.33
11   223.60   103.92   102.34     0.33
11   103.66   142.17   102.34     0.33
11   142.44   191.86   103.63     0.33
11   130.06   189.25   103.63     0.33
11   121.26   185.00   103.63     0.33
11   111.48   185.00   103.63     0.33
11   145.38   205.60   103.63     0.33
11   228.16   149.69   103.63     0.33
11   174.39    71.88   103.63     0.33
11   167.87   128.44   105.37     0.33
11   166.89   140.86   105.37     0.33
11   182.21   132.03   105.37     0.33
11   156.46   222.60   105.37     0.33
11   176.34   208.54   105.37     0.33
11   179.27   186.63   105.37     0.33
11   188.40   172.25   105.37     0.33
11   207.96   192.19   105.37     0.33
11   193.29   199.06   105.37     0.33
11   247.07   142.17   105.37     0.33
11   241.85    97.38   105.37     0.33
11   161.02    90.84   106.28     0.33
11   165.26    81.03   106.28     0.33
11   175.36   122.55   106.28     0.33
11   185.47   123.53   106.28     0.33
11   147.33   122.23   106.28     0.33
11   169.17   165.71   106.28     0.33
11   175.04   153.28   106.28     0.33
11   176.67   139.88   106.28     0.33
11   126.15   235.67   106.28     0.33
11   121.26   226.85   106.28     0.33
11   184.16    65.01   106.28     0.33
11   253.59    94.11   106.28     0.33
11   203.72    64.03   106.28     0.33
11   214.15    72.86   106.28     0.33
11   211.22   101.30   106.28     0.33
11   214.15   125.17   106.28     0.33
11   227.51   124.84   106.28     0.33
11   211.22    38.85   111.66     0.33
11   199.81    40.16   111.66     0.33
11   197.85    48.99   111.66     0.33
11   190.03    48.66   111.66     0.33
11   160.04    68.93   111.66     0.33
11   163.96    61.74   111.66     0.33
11   186.44    80.70   111.66     0.33
11   237.29    99.67   111.66     0.33
11   230.45    99.01   111.66     0.33
11   234.36    70.24   112.49     0.33
11   224.58    69.26   112.49     0.33
11   231.75    65.34   112.49     0.33
11   228.16    52.91   112.49     0.33
11   218.71    61.09   112.49     0.33
11   211.54    54.87   112.49     0.33
11   183.84    91.49   109.76     0.33
11   173.08    94.44   109.76     0.33
11   164.28    98.03   109.53     0.33
11   173.73   103.59   109.53     0.33
11   184.82   107.84   109.53     0.33
11   177.32   115.36   109.53     0.33
11   163.96   114.38   109.53     0.33
11   148.31   116.01   109.53     0.33
11   137.88   113.40   109.53     0.33
11   147.66    63.70   109.53     0.33
11   155.81    56.84   109.53     0.33
11   117.67    95.74   109.53     0.33
11   118.00    82.67   109.53     0.33
11   153.20   131.71   109.53     0.33
11   156.46   122.55   109.53     0.33
11   155.16   141.84   109.53     0.33
11   157.76   161.46   109.53     0.33
11   163.30   149.69   109.53     0.33
11   149.29   151.32   109.53     0.33
11   246.74   105.88   109.53     0.33
11    99.10   165.71   109.53     0.33
11    99.10   155.25   109.53     0.33
11   132.01   176.17   110.37     0.33
11   124.19   157.54   110.37     0.33
11   145.05   223.90   110.37     0.33
11   135.93   219.33   110.37     0.33
11   128.43   208.87   110.37     0.33
11   174.39    37.87   110.37     0.33
11   159.07    48.99   110.37     0.33
11   139.84    60.76   110.37     0.33
11   149.29    53.57   113.02     0.33
11   187.42    38.53   113.02     0.33
11   177.97    49.64   113.02     0.33
11   174.71    57.16   113.02     0.33
11   194.27    60.11   113.02     0.33
11   153.53    74.49   113.02     0.33
11   202.74    72.86   113.02     0.33
11   225.56    80.05   113.02     0.33
11   156.13   101.63   113.02     0.33
11   149.29   107.51   113.02     0.33
11   135.60    84.95   113.02     0.33
11   129.08   101.63   113.02     0.33
11   129.73   113.07   113.02     0.33
11   122.56   119.94   113.02     0.33
11   137.88   123.53   113.02     0.33
11   131.36   134.65   113.02     0.33
11   216.10   141.19   113.02     0.33
11   200.46   137.92   113.02     0.33
11   191.01   141.19   113.02     0.33
11   215.78   153.94   114.08     0.33
11   219.69   172.57   118.02     0.33
11   237.62   164.40   114.38     0.33
11   247.07    78.09   114.38     0.33
11   239.25    86.92   115.22     0.33
11   235.33   136.94   115.22     0.33
11   232.40   175.84   115.22     0.33
11   226.53   184.34   115.22     0.33
11   211.87   183.04   115.22     0.33
11   191.66   188.92   115.22     0.33
11   203.72   182.38   116.05     0.33
11   198.50   170.61   116.05     0.33
11   195.24   155.57   116.05     0.33
11   185.47   158.19   116.05     0.33
11   220.67   200.69   116.05     0.33
11   173.73   175.84   116.05     0.33
11   142.77   135.96   116.05     0.33
11   134.62   149.03   116.05     0.33
11   120.93   149.03   116.05     0.33
11   112.46   151.98   116.05     0.33
11   121.91   165.71   116.05     0.33
11   133.64   165.71   116.05     0.33
11   148.64   172.57   116.05     0.33
11   161.02   172.25   116.05     0.33
11   145.38   181.40   116.05     0.33
11   154.83   192.85   116.05     0.33
11   162.00   197.75   116.05     0.33
11   178.30   198.73   116.05     0.33
11   156.79   180.75   116.05     0.33
11   144.07   164.40   116.05     0.33
11   141.14   155.25   116.05     0.33
11   111.48   133.01   116.05     0.33
11   112.46   119.28   116.05     0.33
11   141.14   100.97   116.05     0.33
11   148.31    89.86   116.05     0.33
11   136.90    71.88   116.05     0.33
11   196.55   116.01   116.05     0.33
11   191.33    99.34   116.05     0.33
11   209.91    86.26   116.05     0.33
11   126.15   199.06   116.05     0.33
11   109.20   197.10   116.05     0.33
11   110.18   210.83   116.05     0.33
11   176.02   228.16   116.05     0.33
11   109.85   172.57   116.05     0.33
11    96.16   187.94   116.05     0.33
11   242.83   114.38   116.05     0.33
11   196.22    84.63   116.05     0.33
11   130.71    94.44   116.05     0.33
11   104.64   128.44   116.05     0.33
11   207.30   161.13   116.05     0.33
11   211.22   169.31   116.05     0.33
11   223.27   161.46   116.05     0.33
11   205.35   215.08   116.05     0.33
11   224.58   134.98   116.05     0.33
11   249.35   141.19   120.44     0.33
11   249.68   131.38   120.44     0.33
11   239.25   123.53   120.44     0.33
11   233.38   120.59   120.44     0.33
11   224.58   116.99   120.44     0.33
11   224.90    91.17   120.44     0.33
11   174.06    72.53   120.44     0.33
11   203.39    56.51   120.44     0.33
11   143.42   191.86   120.44     0.33
11   124.19   184.02   120.44     0.33
11   131.36   193.17   120.44     0.33
11   117.02   188.92   120.44     0.33
11   110.83   180.09   120.44     0.33
11   110.83   189.25   120.44     0.33
11   179.60   190.56   120.44     0.33
11   180.58   183.04   120.44     0.33
11   202.09   189.25   120.44     0.33
11   212.85   190.56   120.44     0.33
11   189.38   198.73   120.44     0.33
11   188.40   174.54   120.44     0.33
11   186.44   166.04   120.44     0.33
11   228.49   150.67   120.44     0.33
11   185.79   135.30   120.44     0.33
11   183.84   148.05   120.44     0.33
11   164.93   139.88   120.44     0.33
11   165.91   128.44   120.44     0.33
11   207.30   119.94   120.44     0.33
11   234.36   108.82   120.44     0.33
11   212.85   112.09   120.44     0.33
11   199.16   108.49   120.44     0.33
11   201.44    97.38   120.44     0.33
11   159.07   161.79   126.88     0.33
11   169.17   152.63   126.88     0.33
11   178.62   121.24   126.88     0.33
11   225.56   125.49   126.88     0.33
11   232.08    99.34   126.88     0.33
11   250.65    98.36   126.88     0.33
11   247.72    87.24   126.88     0.33
11   148.96   119.94   128.32     0.33
11   148.64   134.98   128.32     0.33
11   167.21    96.07   125.29     0.33
11   159.72    92.80   126.58     0.33
11   161.02   107.51   127.56     0.33
11   179.27    91.17   127.56     0.33
11   170.15    82.99   127.56     0.33
11   162.33    66.64   127.56     0.33
11   164.61    56.18   127.56     0.33
11   176.34    66.97   127.56     0.33
11   181.23    58.14   127.56     0.33
11   180.58    42.12   127.56     0.33
11   198.18    40.16   127.56     0.33
11   209.26    44.09   127.56     0.33
11   230.77    61.74   127.56     0.33
11   236.31    65.66   127.56     0.33
11   232.40    72.20   127.56     0.33
11   239.57    80.05   127.56     0.33
11   240.55    97.70   127.56     0.33
11   242.50   102.61   127.56     0.33
11   219.04    74.49   127.56     0.33
11   209.26    77.11   128.70     0.33
11   221.32    64.03   128.70     0.33
11   203.07    74.82   128.70     0.33
11   218.39   142.82   131.05     0.33
11   203.39   137.92   131.05     0.33
11   210.89   126.48   131.05     0.33
11   179.27   143.15   131.05     0.33
11   149.29    74.16   138.93     0.33
11   204.05    56.51   141.50     0.33
11   118.98   152.63   137.03     0.33
11   152.22   107.51   135.21     0.33
11   144.73   114.38   135.21     0.33
11   139.51   111.11   135.21     0.33
11   136.90   122.55   135.21     0.33
11   140.49   132.03   135.21     0.33
11   137.56    93.78   135.21     0.33
11   131.36    91.49   135.21     0.33
11   126.47   120.92   135.21     0.33
11   112.13   136.28   135.21     0.33
11   113.11   146.42   135.21     0.33
11   111.81   127.13   135.21     0.33
11   116.37   100.97   135.21     0.33
11   124.84   109.47   135.21     0.33
11   155.81   100.65   136.05     0.33
11   162.98    76.13   136.05     0.33
11   203.39   106.53   136.05     0.33
11   201.44   122.23   137.41     0.33
11   226.53   113.72   137.41     0.33
11   245.44   113.72   137.41     0.33
11   237.62   122.55   137.41     0.33
11   248.70   130.40   137.41     0.33
11   251.30   138.57   137.41     0.33
11   225.56    88.88   138.24     0.33
11   226.86    80.38   138.24     0.33
11   175.36    99.01   138.24     0.33
11   188.73    78.09   138.24     0.33
11   178.30    81.36   138.24     0.33
11   194.59    65.66   138.24     0.33
11   192.96    55.20   138.24     0.33
11   187.10    36.89   138.24     0.33
11   159.07    84.30   138.24     0.33
11   143.10   104.57   139.61     0.33
11   149.94    93.13   139.61     0.33
11   145.38    83.65   139.61     0.33
11   152.55    60.76   139.61     0.33
11   214.15   113.40   139.61     0.33
11   220.02    99.99   139.61     0.33
11   206.33    93.45   139.61     0.33
11   186.77   101.95   139.61     0.33
11   193.62    96.07   139.61     0.33
11   198.18   130.73   139.61     0.33
11   222.95   134.32   139.61     0.33
11   234.03   136.28   139.61     0.33
11   218.06   165.38   139.61     0.33
11   194.27   163.09   139.61     0.33
11   176.34   178.46   139.61     0.33
11   186.44   181.73   139.61     0.33
11   174.71   197.75   139.61     0.33
11   191.01   193.17   139.61     0.33
11   213.17   197.10   139.61     0.33
11   154.18   138.57   139.61     0.33
11   173.73   137.26   139.61     0.33
11   158.74   124.19   134.99     0.33
11   168.84   114.05   134.99     0.33
11   179.60   110.78   134.99     0.33
11   195.90   151.32   134.99     0.33
11   220.67   156.88   134.99     0.33
11   240.22   161.13   134.99     0.33
11   227.84   173.88   135.82     0.33
11   206.33   187.29   135.82     0.33
11   217.73   188.27   135.82     0.33
11   206.00   176.50   135.82     0.33
11   206.33   168.65   135.82     0.33
11   193.62   173.23   135.82     0.33
11   184.49   157.86   135.82     0.33
11   187.10   146.75   135.82     0.33
11   185.79   138.25   135.82     0.33
11   180.25   129.75   135.82     0.33
11   169.50   128.11   135.82     0.33
11   161.67   143.15   135.82     0.33
11   162.65   172.90   135.82     0.33
11   171.45   164.40   135.82     0.33
11   181.23   172.25   135.82     0.33
11   206.00   205.27   135.82     0.33
11   200.46   214.75   135.82     0.33
11   190.68   219.65   135.82     0.33
11   181.88   220.64   135.82     0.33
11   193.94   198.40   135.82     0.33
11   202.42   197.42   135.82     0.33
11   196.22   186.31   135.82     0.33
11   179.60   193.83   135.82     0.33
11   178.95   187.29   135.82     0.33
11   165.91   191.21   135.82     0.33
11   165.26   204.62   135.82     0.33
11   156.13   204.94   135.82     0.33
11   149.29   186.96   135.82     0.33
11   149.61   195.79   135.82     0.33
11   142.12   190.56   135.82     0.33
11   145.38   175.52   135.82     0.33
11   151.57   165.71   135.82     0.33
11   133.64   150.34   135.82     0.33
11   127.13   151.98   135.82     0.33
11   121.26   164.07   135.82     0.33
11   141.47   149.36   135.82     0.33
11   134.95   138.90   135.82     0.33
11   151.24   152.63   135.82     0.33
11   133.32   176.17   135.82     0.33
11   140.16   164.73   135.82     0.33
11   129.08   158.19   135.82     0.33
11   125.82   136.28   135.82     0.33
11   117.35   117.32   135.82     0.33
11   138.21    66.32   135.82     0.33
11   134.95    78.74   135.82     0.33
11   157.11    51.28   135.82     0.33
11   216.76    55.53   135.82     0.33
11   209.26    67.30   135.82     0.33
11   236.64   111.44   135.82     0.33
11   232.73   154.92   135.82     0.33
11   240.88   145.77   135.82     0.33
11   227.84   164.73   135.82     0.33
11   224.90   181.73   135.82     0.33
11   215.45   175.52   135.82     0.33
11   109.85   167.02   132.71     0.33
11   105.29   158.52   132.71     0.33
11   119.63   175.84   132.71     0.33
11   127.13   203.96   132.71     0.33
11   139.51   205.60   132.71     0.33
11   121.58   196.77   132.71     0.33
11   106.27   196.44   132.71     0.33
11   140.49   184.02   132.71     0.33
11    97.79   186.31   132.71     0.33
11   102.68   172.90   132.71     0.33
11   109.53   212.46   132.71     0.33
11   125.82   225.87   132.71     0.33
11   134.95   217.04   132.71     0.33
11   156.79   234.37   132.71     0.33
11   148.64   238.29   132.71     0.33
11   142.12   222.27   132.71     0.33
11   146.36   212.46   132.71     0.33
11   148.96   227.17   132.71     0.33
11   167.54   223.25   132.71     0.33
11   167.21   182.38   132.71     0.33
11   156.46   182.38   132.71     0.33
11   205.35   159.17   132.71     0.33
11   236.96   172.25   132.71     0.33
11   246.74    80.05   132.71     0.33
11   182.53    52.26   132.71     0.33
11   206.98    86.92   132.71     0.33
11   213.82   149.03   132.71     0.33
11   211.87   136.28   132.71     0.33
11   237.29    88.55   132.71     0.33
11   120.61   129.09   132.71     0.33
11   121.58   144.46   132.71     0.33
11   144.73   157.86   132.71     0.33
11   132.99   103.26   132.71     0.33
11   191.99    48.34   132.71     0.33
11   245.44   155.25   132.71     0.33
11   177.32   215.40   132.71     0.33
11   143.10   141.19   132.71     0.33
11   159.39   152.96   132.71     0.33
11   170.80   172.90   132.71     0.33
11   194.92   142.17   132.71     0.33
11   185.14    69.59   132.71     0.33
11   171.13    60.43   132.71     0.33
11   183.19   123.86   142.18     0.33
11   173.73   121.90   142.18     0.33
11   162.98    97.70   142.18     0.33
11   201.44   114.05   142.18     0.33
11   224.90   146.75   142.18     0.33
11   223.93   124.84   142.18     0.33
11   165.59    89.86   142.18     0.33
11   231.75    97.05   142.18     0.33
11   227.51   103.59   142.18     0.33
11   250.00    97.38   142.18     0.33
11   247.07    88.55   142.18     0.33
11   204.70   147.40   142.18     0.33
11   175.69   153.94   142.18     0.33
11   161.02   165.71   142.18     0.33
11   164.61   157.21   142.18     0.33
11   155.81   133.67   142.18     0.33
11   125.17   183.36   142.18     0.33
11   114.09   184.02   142.18     0.33
11   123.54   190.23   142.18     0.33
11   133.64   192.85   142.18     0.33
11   159.39   215.73   142.18     0.33
11   186.77   208.21   142.18     0.33
11   198.83   207.23   142.18     0.33
11   134.95   226.85   142.18     0.33
11   123.54   211.15   142.18     0.33
11   118.65   217.04   142.18     0.33
11   113.76   204.62   142.18     0.33
11   106.27   183.69   142.18     0.33
11   167.54   234.04   142.18     0.33
11   176.34   230.12   142.18     0.33
11   139.19   234.04   142.18     0.33
11   234.03   184.34   142.18     0.33
11   226.21   193.83   142.18     0.33
11   194.27   109.47   142.18     0.33
11   190.68   128.11   142.18     0.33
11   169.50   146.75   142.18     0.33
11   147.66   134.32   144.76     0.33
11   149.61   120.92   144.76     0.33
11   161.35   108.49   144.76     0.33
11   176.99    92.15   144.76     0.33
11   168.84    82.34   144.76     0.33
11   177.32    67.30   144.76     0.33
11   162.98    68.93   144.76     0.33
11   162.98    62.07   144.76     0.33
11   199.48    77.11   144.76     0.33
11   207.63    76.45   144.76     0.33
11   210.56    81.68   144.76     0.33
11   218.71    77.43   144.76     0.33
11   221.65    68.61   144.76     0.33
11   235.01    70.90   144.76     0.33
11   240.22    79.40   144.76     0.33
11   242.18   104.90   144.76     0.33
11   208.28    44.74   144.76     0.33
11   196.87    38.20   144.76     0.33
11   200.46    43.76   144.76     0.33
11   224.58    61.41   144.76     0.33
11   171.45    73.51   144.76     0.33
11   202.74   135.63   148.70     0.33
11   209.59   125.82   148.70     0.33
11   211.22   134.65   148.70     0.33
11   216.10   144.46   148.70     0.33
11   157.76   156.88   148.70     0.33
11   141.79   183.04   148.70     0.33
11   137.23   206.58   148.70     0.33
11   138.86   212.79   148.70     0.33
11   147.99   207.23   148.70     0.33
11   113.11   195.13   148.70     0.33
11   120.93   195.46   148.70     0.33
11   110.83   173.23   148.70     0.33
11   118.98   172.25   148.70     0.33
11   114.09   156.88   148.70     0.33
11   185.47    54.55   148.70     0.33
11   169.17    55.86   148.70     0.33
11   183.19    63.05   148.70     0.33
11   238.27    94.44   148.70     0.33
11   206.33   156.23   148.70     0.33
11   167.21   180.75   148.70     0.33
11   145.70   220.96   148.70     0.33
11   149.61   231.75   148.70     0.33
11   169.50   224.89   148.70     0.33
11   129.41   218.35   148.70     0.33
11   126.80   202.65   148.70     0.33
11   104.96   166.36   148.70     0.33
11   130.38   103.59   148.70     0.33
11   187.75    46.37   148.70     0.33
11   171.45    38.53   148.70     0.33
11   180.58    82.99   154.38     0.33
11   208.93    67.95   154.38     0.33
11   194.92    58.47   154.38     0.33
11   170.15   115.03   154.38     0.33
11   243.81   117.32   154.38     0.33
11   227.19   116.99   154.38     0.33
11   235.99   124.19   154.38     0.33
11   148.64   185.65   154.38     0.33
11   145.70   191.21   154.38     0.33
11   165.26   190.56   154.38     0.33
11   168.52   200.36   154.38     0.33
11   158.09   204.29   154.38     0.33
11   199.16   219.33   154.38     0.33
11   206.33   208.21   154.38     0.33
11   204.70   199.71   154.38     0.33
11   209.59   189.90   154.38     0.33
11   209.59   172.57   154.38     0.33
11   220.02   174.86   154.38     0.33
11   133.64   150.02   152.03     0.33
11   139.19   166.04   152.03     0.33
11   134.62   176.17   152.03     0.33
11   152.22   172.25   152.03     0.33
11   162.33   174.21   152.03     0.33
11   184.49   158.19   154.83     0.33
11   191.66   150.67   154.83     0.33
11   183.19   143.48   154.83     0.33
11   172.76   139.55   154.83     0.33
11   154.50   143.80   154.83     0.33
11   142.44   155.90   154.83     0.33
11   125.17   138.90   154.83     0.33
11   136.25   139.55   154.83     0.33
11   135.60   125.82   154.83     0.33
11   146.36   109.47   154.83     0.33
11   138.53   108.82   154.83     0.33
11   116.70   149.03   154.83     0.33
11   127.45   157.54   154.83     0.33
11   120.93   164.07   154.83     0.33
11   145.70   100.65   154.83     0.33
11   138.21    91.49   154.83     0.33
11   131.36    88.22   154.83     0.33
11   154.83    82.01   154.83     0.33
11   155.48    92.80   154.83     0.33
11   162.65    77.11   154.83     0.33
11   151.90    74.49   154.83     0.33
11   201.76   102.94   154.83     0.33
11   206.98   108.17   154.83     0.33
11   218.71    91.82   154.83     0.33
11   228.82    86.59   154.83     0.33
11   230.45   135.30   154.83     0.33
11   246.09   138.57   154.83     0.33
11   234.03   146.42   154.83     0.33
11   225.56   161.13   154.83     0.33
11   244.46   157.21   154.83     0.33
11   218.39   158.19   156.88     0.33
11   216.76   164.07   156.88     0.33
11   231.10   170.61   156.88     0.33
11   222.62   183.69   156.88     0.33
11   209.91   182.71   156.88     0.33
11   188.07   181.73   156.88     0.33
11   181.88   191.21   156.88     0.33
11   175.04   198.73   156.88     0.33
11   173.41   176.82   158.09     0.33
11   169.82   160.80   158.09     0.33
11   155.16   165.38   158.09     0.33
11   215.45   114.38   155.67     0.33
11   213.50   103.26   155.67     0.33
11   205.35    96.72   155.67     0.33
11   187.75    95.09   155.67     0.33
11   181.23   107.19   155.67     0.33
11   178.95   117.98   155.67     0.33
11   187.10    74.16   155.67     0.33
11   216.10    56.18   155.67     0.33
11   192.64   140.21   155.67     0.33
11   177.32   131.05   155.67     0.33
11   161.02   122.88   155.67     0.33
11   162.98   137.26   155.67     0.33
11   193.29   166.69   155.67     0.33
11   190.36   193.83   155.67     0.33
11   182.21   169.31   155.67     0.33
11   114.09   138.57   155.67     0.33
11   115.72   128.44   155.67     0.33
11   121.26   116.99   155.67     0.33
11   128.10   127.46   155.67     0.33
11   175.04   102.28   155.67     0.33
11   198.18   127.46   155.67     0.33
11   197.53   171.92   155.67     0.33
11   195.24   186.31   155.67     0.33
11   235.01   114.71   155.67     0.33
11   234.03   159.17   155.67     0.33
11   174.39   186.63   155.67     0.33
11   189.38   221.94   155.67     0.33
11   182.53   224.56   155.67     0.33
11   157.11   228.48   155.67     0.33
11   156.46   197.10   155.67     0.33
11   156.13   186.63   155.67     0.33
11   142.77   201.35   155.67     0.33
11   131.69   116.01   155.67     0.33
11   153.85    57.16   155.67     0.33
11   139.51    82.99   155.67     0.33
11   185.14    37.87   155.67     0.33
11   112.46   184.02   157.79     0.33
11   119.96   188.27   157.79     0.33
11   133.97   182.38   157.79     0.33
11   148.64   162.11   157.79     0.33
11   167.21   168.32   157.79     0.33
11   174.71   151.98   157.79     0.33
11   198.50   160.48   157.79     0.33
11   226.86   150.34   157.79     0.33
11   223.93   142.17   157.79     0.33
11   231.75   141.84   157.79     0.33
11   244.46   131.05   157.79     0.33
11   249.02    96.72   157.79     0.33
11   244.79    84.30   157.79     0.33
11   206.00   119.61   157.79     0.33
11   186.77   128.44   157.79     0.33
11   167.87    95.09   157.79     0.33
11   161.35   100.65   157.79     0.33
11   205.67    89.53   157.79     0.33
11   227.19    98.03   157.79     0.33
11   224.25   107.51   157.79     0.33
11   232.73   107.19   157.79     0.33
11   205.67    58.80   157.79     0.33
11   198.18    67.63   157.79     0.33
11   194.27    51.93   157.79     0.33
11   205.02    51.61   157.79     0.33
11   192.31   106.86   157.79     0.33
11   199.48   114.05   157.79     0.33
11   191.66   123.21   157.79     0.33
11   204.05   144.78   157.79     0.33
11   220.67   131.71   157.79     0.33
11   220.34   123.53   157.79     0.33
11   204.37   168.32   157.79     0.33
11   233.38   183.36   157.79     0.33
11   192.64   207.88   157.79     0.33
11   159.39   215.40   157.79     0.33
11   130.38   194.15   157.79     0.33
11   122.89   181.40   157.79     0.33
11   126.15   175.19   157.79     0.33
11   137.88   193.50   157.79     0.33
11   165.26   154.27   157.79     0.33
11   165.26   145.77   157.79     0.33
11   143.75   146.09   157.79     0.33
11   162.33   128.44   157.79     0.33
11   172.10   124.84   157.79     0.33
11   154.50   133.01   157.79     0.33
11   141.79   125.49   157.79     0.33
11   155.81   111.44   157.79     0.33
11   147.01    90.84   157.79     0.33
11   145.38    68.28   157.79     0.33
11   176.02    58.47   157.79     0.33
11   168.19   217.69   157.79     0.33
11   181.56   202.65   157.79     0.33
11   199.81   193.17   157.79     0.33
11   201.11   179.77   157.79     0.33
11   217.41   194.48   157.79     0.33
11   215.13   206.58   157.79     0.33
11   152.87   222.92   157.79     0.33
11   139.51   224.56   157.79     0.33
11   123.54   210.17   157.79     0.33
11   233.05    75.15   160.97     0.33
11   212.19    82.34   160.97     0.33
11   196.87    83.97   160.97     0.33
11   203.07    76.13   160.97     0.33
11   219.36    69.26   160.97     0.33
11   219.04    83.97   160.97     0.33
11   243.81   106.86   160.97     0.33
11   180.25    95.09   160.97     0.33
11   167.87    86.59   160.97     0.33
11   172.76    73.18   160.97     0.33
11   162.33    69.91   160.97     0.33
11   162.33    59.45   160.97     0.33
11   174.06    49.97   160.97     0.33
11   202.42    42.45   160.97     0.33
11   192.31    40.49   160.97     0.33
11   145.70   136.28   160.97     0.33
11   215.13   152.30   160.97     0.33
11   190.68   173.56   160.97     0.33
11   152.22   121.90   160.97     0.33
11   142.77   118.63   160.97     0.33
11   166.24   104.57   160.97     0.33
11   155.48   157.86   165.59     0.33
11   202.74   133.67   165.59     0.33
11   210.56   125.49   165.59     0.33
11   211.87   139.23   165.59     0.33
11   206.33   155.57   165.59     0.33
11   181.88    63.70   165.59     0.33
11   186.12    51.28   165.59     0.33
11   240.22    90.18   165.59     0.33
11   222.95    77.43   165.59     0.33
11   147.99   209.52   165.59     0.33
11   135.93   204.94   165.59     0.33
11   119.96   196.44   165.59     0.33
11   115.72   176.50   165.59     0.33
11   115.72   166.36   165.59     0.33
11   123.21   169.31   165.59     0.33
11   118.98   155.25   165.59     0.33
11   130.06   166.04   165.59     0.33
11   164.61   183.36   165.59     0.33
11   132.34   100.65   165.59     0.33
11   126.15    99.01   165.59     0.33
11   123.21   111.11   165.59     0.33
11   163.96    50.95   165.59     0.33
11   170.15   226.19   165.59     0.33
11   132.99   151.00   167.71     0.33
11   137.88   171.27   167.71     0.33
11   161.02   173.88   167.71     0.33
11   149.61   172.25   167.71     0.33
11   138.21   214.42   167.71     0.33
11   169.50   200.36   172.18     0.33
11   171.78   208.54   172.18     0.33
11   169.50   192.85   172.18     0.33
11   186.12   190.88   172.18     0.33
11   186.12   180.09   172.18     0.33
11   214.15   189.25   172.18     0.33
11   218.71   177.81   172.18     0.33
11   209.59   177.15   172.18     0.33
11   216.10   160.15   172.18     0.33
11   226.86   159.82   172.18     0.33
11   233.70   149.36   172.18     0.33
11   243.81   117.32   172.18     0.33
11   227.19   118.30   172.18     0.33
11   207.96   113.40   172.18     0.33
11   198.50   126.80   172.18     0.33
11   193.94   145.11   172.18     0.33
11   187.10   155.25   172.18     0.33
11   175.04   143.48   172.18     0.33
11   170.47   138.25   172.18     0.33
11   192.31   134.65   172.18     0.33
11   198.18   138.25   172.18     0.33
11   222.62    91.49   172.18     0.33
11   230.77    84.30   172.18     0.33
11   195.57    99.34   172.18     0.33
11   206.33   103.26   172.18     0.33
11   179.60    82.99   172.18     0.33
11   192.96    78.74   172.18     0.33
11   157.44    89.53   172.18     0.33
11   150.27    96.72   172.18     0.33
11   146.03   108.82   172.18     0.33
11   132.34   108.82   172.18     0.33
11   140.81   102.94   172.18     0.33
11   156.79    81.68   172.18     0.33
11   167.87   114.38   172.18     0.33
11   179.60   111.44   172.18     0.33
11   151.57   145.44   172.18     0.33
11   153.20   140.53   172.18     0.33
11   131.36   141.19   172.18     0.33
11   124.84   141.84   172.18     0.33
11   126.15   130.40   172.18     0.33
11   140.16   159.17   172.18     0.33
11   140.81   186.31   172.18     0.33
11   145.38   198.08   172.18     0.33
11   146.68   189.58   172.18     0.33
11   155.16   190.23   172.18     0.33
11   193.94   185.65   172.18     0.33
11   181.23   168.65   172.18     0.33
11   180.58   132.69   172.18     0.33
11   156.79   205.92   172.18     0.33
11   180.58   104.90   172.94     0.33
11   230.45   138.90   172.94     0.33
11   220.99   128.76   172.94     0.33
11   238.92   131.71   172.94     0.33
11   195.57    54.22   172.94     0.33
11   208.28    61.41   172.94     0.33
11   193.94    66.64   172.94     0.33
11   213.50    53.57   172.94     0.33
11   144.40    82.99   172.94     0.33
11   150.27    72.53   172.94     0.33
11   151.90    56.84   172.94     0.33
11   137.23    90.18   172.94     0.33
11   162.98   128.76   172.94     0.33
11   152.22   132.36   172.94     0.33
11   165.59   146.09   172.94     0.33
11   172.43   149.69   172.94     0.33
11   195.57   122.88   172.94     0.33
11   191.01   118.96   172.94     0.33
11   193.94   107.19   172.94     0.33
11   226.86   150.67   172.94     0.33
11   205.67   168.00   172.94     0.33
11   195.90   166.69   172.94     0.33
11   179.60   201.67   172.94     0.33
11   132.99   176.50   172.94     0.33
11   120.61   186.63   172.94     0.33
11   129.41   196.44   172.94     0.33
11   140.16   126.48   172.94     0.33
11   141.47   146.75   172.94     0.33
11   155.81   108.17   172.94     0.33
11   157.44   100.65   172.94     0.33
11   181.88   124.19   172.94     0.33
11   170.47   129.75   172.94     0.33
11   183.84   146.42   172.94     0.33
11   177.32   159.50   172.94     0.33
11   203.72   149.03   172.94     0.33
11   232.73   127.13   172.94     0.33
11   230.12   107.51   172.94     0.33
11   225.56    99.01   172.94     0.33
11   217.08   113.07   172.94     0.33
11   215.45   102.28   172.94     0.33
11   209.59    92.15   172.94     0.33
11   201.11    92.15   172.94     0.33
11   200.13   115.36   172.94     0.33
11   219.69   142.50   172.94     0.33
11   199.48   178.79   172.94     0.33
11   204.05   191.54   172.94     0.33
11   131.04   120.26   172.94     0.33
11   168.19    94.76   172.94     0.33
11   173.73    63.05   172.94     0.33
11   182.53    37.87   172.94     0.33
11   155.16   215.73   172.94     0.33
11   153.20   226.52   172.94     0.33
11   165.91   217.37   172.94     0.33
11   178.62   217.69   172.94     0.33
11   189.70   206.58   172.94     0.33
11   196.22   200.04   172.94     0.33
11   162.00   230.12   172.94     0.33
11   143.75   222.27   172.94     0.33
11   130.06   211.81   172.94     0.33
11   125.17   206.58   172.94     0.33
11   116.70   145.11   172.94     0.33
11   116.37   132.36   172.94     0.33
11   130.06   185.00   172.94     0.33
11   198.50   157.86   172.94     0.33
11   215.13   169.96   172.94     0.33
11   188.73    89.86   172.94     0.33
11   169.17   160.80   174.76     0.33
11   168.52   174.54   174.76     0.33
11   173.73   185.98   174.76     0.33
11   177.32   177.15   174.76     0.33
11   155.48   118.96   177.10     0.33
11   178.95    95.09   177.10     0.33
11   204.37    82.34   177.10     0.33
11   199.48    75.15   177.10     0.33
11   216.10    85.28   177.10     0.33
11   217.73    66.64   177.10     0.33
11   237.62   104.90   177.10     0.33
11   167.21    85.61   177.10     0.33
11   172.43    77.43   177.10     0.33
11   160.70    70.90   177.10     0.33
11   208.93    75.80   177.10     0.33
11   172.43    50.30   177.10     0.33
11   200.13    43.10   177.10     0.33
11   232.08    75.47   177.10     0.33
11   146.03   163.42   177.10     0.33
11   145.70   152.63   177.10     0.33
11   160.70   165.38   177.10     0.33
11   141.14   137.26   177.10     0.33
11   168.84   103.92   177.10     0.33
11   154.50   125.17   177.10     0.33
11   142.77   117.98   177.10     0.33
11   162.65   154.27   177.10     0.33
11   123.54   171.59   184.60     0.33
11   134.95   167.34   184.60     0.33
11   139.84   172.25   184.60     0.33
11   154.83   160.48   184.60     0.33
11   153.20   153.61   184.60     0.33
11   132.99   151.32   184.60     0.33
11   208.28   143.15   184.60     0.33
11   209.26   124.19   184.60     0.33
11   205.67   134.65   184.60     0.33
11   190.68   162.77   184.60     0.33
11   217.08   152.63   184.60     0.33
11   208.61   155.90   184.60     0.33
11   157.76   180.42   184.60     0.33
11   165.26   186.96   184.60     0.33
11   173.73   120.59   184.60     0.33
11   179.93    77.11   184.60     0.33
11   182.53    52.59   184.60     0.33
11   182.21    64.36   184.60     0.33
11   190.36    43.76   184.60     0.33
11   162.65    58.80   184.60     0.33
11   122.89   162.77   184.60     0.33
11   121.91   154.92   184.60     0.33
11   136.58   205.92   184.60     0.33
11   143.75   212.46   184.60     0.33
11   152.22   170.61   184.60     0.33
11   115.07   173.88   184.60     0.33
11   138.53   184.67   188.39     0.33
11   131.36   176.82   188.39     0.33
11   169.50   193.83   188.39     0.33
11   186.12   191.21   188.39     0.33
11   190.03   180.42   188.39     0.33
11   180.25   166.69   188.39     0.33
11   183.84   157.21   188.39     0.33
11   164.61   143.48   188.39     0.33
11   174.39   137.59   188.39     0.33
11   191.99   135.30   188.39     0.33
11   199.81   139.55   188.39     0.33
11   199.16   128.11   188.39     0.33
11   220.67   127.46   188.39     0.33
11   210.89   112.74   188.39     0.33
11   227.51   120.26   188.39     0.33
11   224.25   107.84   188.39     0.33
11   224.90    95.09   188.39     0.33
11   214.15    96.07   188.39     0.33
11   204.37    98.03   188.39     0.33
11   194.27    99.99   188.39     0.33
11   195.24   110.46   188.39     0.33
11   185.47    98.03   188.39     0.33
11   148.64   145.44   188.24     0.33
11   149.94   135.96   188.24     0.33
11   138.21   156.23   188.24     0.33
11   152.87   192.19   187.78     0.33
11   147.33   203.96   187.78     0.33
11   166.89   206.58   187.78     0.33
11   158.74   201.02   187.78     0.33
11   138.53   192.19   187.78     0.33
11   127.45   142.82   187.78     0.33
11   151.90    94.76   187.78     0.33
11   158.41    89.53   187.78     0.33
11   169.50   112.74   187.78     0.33
11   192.96   149.36   187.78     0.33
11   225.88   162.11   187.78     0.33
11   216.76   160.80   187.78     0.33
11   233.70   148.38   187.78     0.33
11   189.70    82.67   187.78     0.33
11   176.99    87.90   187.78     0.33
11   224.58    83.32   187.78     0.33
11   134.30   107.19   187.78     0.33
11   146.68   111.44   187.78     0.33
11   126.15   133.67   187.78     0.33
11   212.19   182.38   187.78     0.33
11   170.47   174.86   189.91     0.33
11   172.76   160.80   189.91     0.33
11   207.96   167.34   189.91     0.33
11   180.90   185.65   189.91     0.33
11   176.02   203.96   189.91     0.33
11   183.84   199.71   189.91     0.33
11   198.50   192.19   189.91     0.33
11   201.44   182.71   189.91     0.33
11   196.87   175.84   189.91     0.33
11   197.20   166.04   189.91     0.33
11   218.39   142.50   189.91     0.33
11   218.71   134.98   189.91     0.33
11   229.79   137.92   189.91     0.33
11   227.19   150.67   189.91     0.33
11   234.68   129.09   189.91     0.33
11   186.77   118.96   189.91     0.33
11   179.60   108.82   189.91     0.33
11   180.25   131.05   189.91     0.33
11   180.58   145.77   189.91     0.33
11   164.28   127.13   189.91     0.33
11   161.02   118.30   189.91     0.33
11   160.70   101.30   189.91     0.33
11   168.52    94.11   189.91     0.33
11   202.42   117.32   189.91     0.33
11   151.57    84.30   189.91     0.33
11   152.87    72.86   189.91     0.33
11   173.08    68.93   189.91     0.33
11   174.06    60.11   189.91     0.33
11   194.59    66.97   189.91     0.33
11   193.94    53.24   189.91     0.33
11   206.33    62.72   189.91     0.33
11   204.37    53.89   189.91     0.33
11   215.78    58.14   189.91     0.33
11   237.62    87.90   189.91     0.33
11   237.62    96.07   189.91     0.33
11   128.76   123.53   189.91     0.33
11   132.67   116.01   189.91     0.33
11   113.76   153.28   189.91     0.33
11   113.44   163.75   189.91     0.33
11   121.26   184.67   189.91     0.33
11   128.43   196.44   189.91     0.33
11   157.44   211.81   189.91     0.33
11   117.02   143.48   189.91     0.33
11   158.09   110.78   189.91     0.33
11   180.58   176.17   189.91     0.33
11   217.73   172.90   189.91     0.33
11   205.35   176.17   189.91     0.33
11   196.87    91.17   189.91     0.33
11   147.01   183.36   189.91     0.33
11   140.16    94.44   189.91     0.33
11   152.87   123.21   194.83     0.33
11   136.25   142.17   194.83     0.33
11   164.93   155.57   194.83     0.33
11   202.74    80.38   194.83     0.33
11   200.13    72.53   194.83     0.33
11   213.17    75.15   194.83     0.33
11   206.98    87.90   194.83     0.33
11   235.66   105.88   194.83     0.33
11   220.67   115.36   194.83     0.33
11   216.43   104.57   194.83     0.33
11   206.33   104.90   194.83     0.33
11   189.05   126.80   194.83     0.33
11   165.26    76.45   194.83     0.33
11   142.12   124.19   194.83     0.33
11   147.33   164.40   194.83     0.33
11   142.44   151.32   194.83     0.33
11   198.83   157.86   194.83     0.33
11   164.28   165.05   194.83     0.33
11   171.13   101.63   194.83     0.33
11   223.27    70.57   194.83     0.33
11   229.79    77.11   194.83     0.33
11   162.33    67.30   194.83     0.33
11   143.42    87.24   194.83     0.33
11   116.37   134.00   194.83     0.33
11   120.61   125.17   194.83     0.33
11   125.50   114.38   194.83     0.33
11   132.99    99.01   194.83     0.33
11   127.13   105.55   194.83     0.33
11   166.56    85.61   194.83     0.33
11   155.81    63.38   194.83     0.33
11   171.13    51.28   194.83     0.33
11   178.30    47.03   194.83     0.33
11   188.73    60.11   194.83     0.33
11   187.75    73.51   194.83     0.33
11   216.10    87.24   194.83     0.33
11   228.49    92.15   194.83     0.33
11   132.99   168.65   202.25     0.33
11   130.71   153.94   202.25     0.33
11   122.89   170.94   202.25     0.33
11   122.24   161.46   202.25     0.33
11   142.77   176.50   202.25     0.33
11   158.74   180.09   202.25     0.33
11   207.96   145.11   202.25     0.33
11   209.26   124.51   202.25     0.33
11   171.78   151.00   202.25     0.33
11   148.96   154.27   202.25     0.33
11   155.48   138.25   202.25     0.33
11   175.36   119.28   202.25     0.33
11   178.95   101.63   202.25     0.33
11   192.64   157.86   202.25     0.33
11   213.50   134.32   202.25     0.33
11   205.67   138.90   202.25     0.33
11   166.56   187.61   202.25     0.33
11   152.87   170.29   202.25     0.33
11   155.48   157.54   202.25     0.33
11   156.13   148.05   202.25     0.33
11   208.61   152.63   202.25     0.33
11   218.39   153.28   202.25     0.33
11   186.12    89.86   202.25     0.33
11   180.58    80.38   202.25     0.33
11   172.10    78.74   202.25     0.33
11   182.53    67.63   202.25     0.33
11   181.88    55.53   202.25     0.33
11   164.61    61.41   202.25     0.33
11   147.01    81.03   202.25     0.33
11   130.06   188.27   202.25     0.33
11   116.70   176.50   202.25     0.33
11   141.14   200.36   202.25     0.33
11   235.99   117.32   202.25     0.33
11   162.00   123.86   205.06     0.33
11   145.70   134.98   205.06     0.33
11   166.56   145.11   205.06     0.33
11   181.88   158.52   205.06     0.33
11   173.73   165.38   205.06     0.33
11   167.54   172.57   205.06     0.33
11   171.78   157.54   205.06     0.33
11   202.74   126.80   205.06     0.33
11   193.62   135.30   205.06     0.33
11   212.19   111.76   205.06     0.33
11   200.13   111.44   205.06     0.33
11   189.70   117.65   205.06     0.33
11   178.30   112.42   205.06     0.33
11   191.66    98.69   205.06     0.33
11   186.12    81.68   205.06     0.33
11   178.30    92.47   205.06     0.33
11   169.82    93.45   205.06     0.33
11   163.96   103.26   205.06     0.33
11   213.82    97.05   205.06     0.33
11   223.93   108.82   205.06     0.33
11   223.93    93.45   205.06     0.33
11   147.99   108.82   205.06     0.33
11   179.27   130.40   205.06     0.33
11   147.99   143.15   205.06     0.33
11   177.32   140.86   205.06     0.33
11   150.59   102.28   205.06     0.33
11   155.48    94.11   205.06     0.33
11   159.07    85.93   205.06     0.33
11   165.91   133.01   205.06     0.33
11   125.17   139.88   205.06     0.33
11   130.06   122.88   205.06     0.33
11   126.15   132.69   205.06     0.33
11   158.74   114.38   205.06     0.33
11   167.54   113.07   205.06     0.33
11   189.05   108.82   205.06     0.33
11   201.11    97.70   205.06     0.33
11   196.22    87.90   205.06     0.33
11   174.06    69.26   205.06     0.33
11   181.88   150.34   205.06     0.33
11   191.01   150.02   205.06     0.33
11   187.75   141.51   205.06     0.33
11   197.85   144.78   205.06     0.33
11   227.84   130.07   205.06     0.33
11   221.32   140.21   205.06     0.33
11   212.85   166.36   205.06     0.33
11   190.68   169.31   205.06     0.33
11   176.34   178.79   205.06     0.33
11   151.57   190.23   205.06     0.33
11   139.19   186.63   205.06     0.33
11   130.71   179.44   205.06     0.33
11   118.65   150.34   205.06     0.33
11   124.52   181.73   205.06     0.33
11   114.41   166.04   205.06     0.33
11   174.71    62.07   205.06     0.33
11   152.87    74.49   205.06     0.33
11   197.85    64.36   205.06     0.33
11   208.61    65.01   205.06     0.33
11   198.83    54.87   205.06     0.33
11   238.27    90.18   205.06     0.33
11   219.04   126.15   205.06     0.33
11   200.79   173.23   205.06     0.33
11   207.30   119.94   218.16     0.33
11   190.03   126.48   218.16     0.33
11   178.30   119.61   218.16     0.33
11   157.11   127.46   218.16     0.33
11   178.30   102.94   218.16     0.33
11   176.34    85.28   218.16     0.33
11   158.09   139.55   218.16     0.33
11   161.67   154.59   218.16     0.33
11   193.94   158.84   218.16     0.33
11   203.72   148.71   218.16     0.33
11   209.59   135.63   218.99     0.33
11   196.87   121.57   219.98     0.33
11   193.29   110.78   221.80     0.33
11   200.46   107.51   221.80     0.33
11   191.33    99.99   221.80     0.33
11   164.28   103.59   221.80     0.33
11   165.26   113.72   221.80     0.33
11   174.71    93.45   221.80     0.33
11   167.87    99.34   221.80     0.33
11   177.64   133.01   221.80     0.33
11   191.66   134.32   221.80     0.33
11   201.11   127.46   221.80     0.33
11   185.14   113.40   221.80     0.33
11   168.52   128.76   221.80     0.33
11   194.59   143.48   221.80     0.33
11   184.49   151.65   221.80     0.33
11   173.08   149.69   221.80     0.33
11   170.15   141.51   221.80     0.33
11   181.23   142.17   221.80     0.33
11   178.95   158.84   221.80     0.33
11   171.78   159.17   221.80     0.33
11   186.12    91.17   221.80     0.33
11   158.09   119.94   221.80     0.33
11   166.89   151.65    12.80     0.33
11   155.48   153.61    12.80     0.33
11   180.25   163.09    12.80     0.33
11   182.53   174.21    12.80     0.33
11   199.48   136.94    12.80     0.33
11   215.78   126.48    12.80     0.33
11   211.87   114.05    12.80     0.33
11   176.34   111.76    12.80     0.33
11   167.54    86.26    12.80     0.33
11   156.46   104.57    12.80     0.33
11   193.94   123.86     5.38     0.33
11   177.64   125.82     5.38     0.33
11   169.50   138.90     5.38     0.33
11   214.80   101.63     5.38     0.33
11   226.21   103.92     5.38     0.33
11   230.12   129.75     5.38     0.33
11   152.55   200.69     5.38     0.33
11   146.68   214.75     5.38     0.33
11   129.41   189.58     5.38     0.33
11   167.21   176.17     5.38     0.33
11   201.11   151.98     0.23     0.33
11   214.15   153.28     0.23     0.33
11   194.59   111.76     0.23     0.33
11   186.12   101.30     0.23     0.33
11   183.51    84.95     0.23     0.33
11   220.34    89.86     0.23     0.33
11   156.13   128.76     0.23     0.33
11   142.44   121.57     0.23     0.33
11   136.90   159.17     0.23     0.33
11   127.13   149.36     0.23     0.33
11   123.21   163.75     0.23     0.33
11   167.87   192.19     0.23     0.33
11   182.53   191.54     0.23     0.33
11   141.47   203.96    -6.74     0.33
11   143.75   189.58    -6.74     0.33
11   145.38   172.25    -6.74     0.33
11   152.55   157.54    -6.74     0.33
11   176.02   163.75    -6.74     0.33
11   189.70   173.23    -6.74     0.33
11   202.09   180.42    -6.74     0.33
11   206.65   134.00    -6.74     0.33
11   214.80   119.61    -6.74     0.33
11   174.06   113.72    -6.74     0.33
11   156.46   112.42    -6.74     0.33
11   169.17    96.72    -6.74     0.33
11   169.17    83.65    -6.74     0.33
11   201.11    72.53    -6.74     0.33
11   208.28   103.92   -15.07     0.33
11   199.16    92.15   -15.07     0.33
11   188.40   130.73   -14.24     0.33
11   170.80   135.96   -14.24     0.33
11   183.51   148.71   -14.24     0.33
11   199.81   164.40   -14.24     0.33
11   160.37   146.75   -14.24     0.33
11   139.19   140.86   -14.24     0.33
11   161.67   171.92   -14.24     0.33
11   176.34   181.08   -14.24     0.33
11   164.28   204.94   -14.24     0.33
11   128.43   179.44   -14.24     0.33
11   190.36   116.34   -18.33     0.33
11   187.75    97.38   -18.33     0.33
11   201.44   151.32   -18.33     0.33
11   153.20   130.40   -18.33     0.33
11   134.30   162.11   -18.33     0.33
11   160.37   189.90   -18.33     0.33
11   178.95   194.48   -18.33     0.33
11   189.05    82.67   -18.33     0.33
11   142.77   123.21   -19.16     0.33
11   152.22    98.69   -19.16     0.33
11   172.10   120.26   -23.63     0.33
11   173.08   101.95   -23.63     0.33
11   158.74   113.72   -23.63     0.33
11   205.02   129.42   -23.63     0.33
11   183.19   170.94   -23.63     0.33
11   169.17   159.50   -23.63     0.33
11   147.99   154.92   -23.63     0.33
11   147.99   174.54   -23.63     0.33
11   148.31   195.79   -23.63     0.33
11   172.76    90.18   -29.54     0.33
11   185.47   138.57   -29.54     0.33
11   165.26   139.88   -29.54     0.33
11   162.65   175.19   -29.54     0.33
11   140.16   142.17   -27.80     0.33
11   111.81   143.80    68.78     0.33
11   103.01   152.96    68.78     0.33
11   107.90   223.90    68.78     0.33
11   101.38   204.62    68.78     0.33
11    91.93   163.42    68.78     0.33
11   102.03   143.15    68.78     0.33
11    91.93   178.13    57.95     0.33
11    93.23   187.94    57.95     0.33
11    87.04   178.46    77.72     0.33
11    87.69   188.59    78.63     0.33
12   197.51   198.13    -4.85     0.33
12   184.15   202.71    20.07     0.33
12   167.20   206.30    14.17     0.33
12   173.07   221.67    16.13     0.33
12   113.42   191.92    25.68     0.33
12   128.74   242.92    83.78     0.33
12   188.06   234.75    87.79     0.33
12   178.61   242.59    97.87     0.33
12   146.34   221.67    95.07     0.33
12   150.25   249.13    98.78     0.33
12   151.88   201.72    24.39     0.33
12   154.16   185.38     3.03     0.33
12   133.63   175.90     5.38     0.33
12   193.28    50.02    66.81     0.33
12   246.40   137.32    84.84     0.33
12    85.72   172.30    66.96     0.33
12   223.26   195.84    69.24     0.33
12   233.69   177.86    61.66     0.33
12   182.19    46.43    67.11     0.33
12   142.11   218.40    46.66     0.33
12   217.40   192.24    48.33     0.33
12   163.94   198.13    98.25     0.33
12   194.91   220.03   108.85     0.33
12   200.77   195.84    92.19     0.33
12   226.85   196.17   108.25     0.33
12   245.10   153.01   111.88     0.33
12   252.27   115.74   117.41     0.33
12   255.20   119.99    98.78     0.33
12   160.36   183.09    84.46     0.33
12   170.14   190.28   109.76     0.33
12   142.11   215.78    30.53     0.33
12   145.69   232.13    24.77     0.33
12    95.50   215.13    74.69     0.33
12   153.84   202.05    59.16     0.33
12   164.59   200.74    56.21     0.33
12   167.85   215.13   140.44     0.33
12   173.07   210.55   156.20     0.33
12   182.52   214.80   156.12     0.33
12   146.67   181.13   172.79     0.33
12   234.34   117.37   179.83     0.33
12   142.76   101.68   194.90     0.33
12   138.52   105.93   204.37     0.33
12   138.52   111.81   207.33     0.33
12   136.56   128.82   202.10     0.33
12   223.59   169.36   173.32     0.33
12   190.99   115.41   143.77     0.33
12   194.91    85.66   143.77     0.33
12   218.37    86.31   142.79     0.33
12   176.65    46.43   142.79     0.33
12   167.53    45.77   142.79     0.33
12   129.39   165.76   142.79     0.33
12   160.03   198.46   133.32     0.33
12   175.02   207.94   138.02     0.33
12   191.65   211.86   125.44     0.33
12   183.82   207.94   124.23     0.33
12   188.71   217.74   118.62     0.33
12   205.99   149.74   121.28     0.33
12   199.80   130.12   121.28     0.33
12   160.68    38.25   121.88     0.33
12   168.18    42.50   124.15     0.33
12   173.72    36.94   125.44     0.33
