11   105.36    84.73     0.68     0.33
11   117.09    72.96     0.68     0.33
11   113.18    63.81     0.68     0.33
11   147.73    51.38     0.68     0.33
11   148.05    66.75     0.68     0.33
11   149.03    58.90     0.68     0.33
11   158.48    82.77     0.68     0.33
11   171.84    64.13     0.68     0.33
11   183.90    70.35     0.68     0.33
11   178.36    76.88     0.68     0.33
11   180.32    89.96     0.68     0.33
11   170.87    93.56     0.68     0.33
11   145.77   103.04     0.68     0.33
11   131.10   107.29     0.68     0.33
11    99.81    75.90     0.68     0.33
11   120.67    68.71     0.68     0.33
11   110.57    79.50     0.68     0.33
11    99.81    88.98     0.68     0.33
11    98.84    98.14     0.68     0.33
11   112.85   104.35     0.68     0.33
11    82.54    78.85     0.68     0.33
11    84.17    97.15     0.68     0.33
11    91.01   105.98     0.68     0.33
11   101.12   115.79     0.68     0.33
11   104.70   128.54     0.68     0.33
11   121.65   122.98     0.68     0.33
11   124.59   134.43     0.68     0.33
11   155.87   122.33     0.68     0.33
11   135.99    52.04     0.68     0.33
11   102.42    42.55     1.59     0.33
11    89.38    54.00     1.59     0.33
11    71.13    67.40     1.59     0.33
11    59.40    79.17     3.26     0.33
11    67.22    87.35     3.26     0.33
11    82.87   113.17     3.26     0.33
11   157.18   112.52     4.09     0.33
11   178.04    98.46     4.09     0.33
11   161.42    75.90     5.83     0.33
11   138.60    60.86     6.67     0.33
11   135.34    71.65     7.50     0.33
11   149.03    42.55     8.33     0.33
11   101.44    33.73     9.24     0.33
11    86.45    43.21     9.24     0.33
11   125.89    50.40    10.07     0.33
11   176.73    56.94    10.07     0.33
11   190.75    65.11    10.98     0.33
11   186.19    81.46    10.98     0.33
11   159.13    92.58    11.82     0.33
11   138.60   107.62    12.73     0.33
11   106.01   111.54    12.73     0.33
11    79.61    72.63    12.73     0.33
11    97.53    64.79    12.73     0.33
11   106.33    54.98    12.73     0.33
11    80.91    53.67    12.73     0.33
11    68.53    59.56    12.73     0.33
11    86.78   124.94    16.13     0.33
11   122.30   124.94    16.13     0.33
11   104.70   128.21    16.13     0.33
11    80.91    93.23    16.13     0.33
11   106.33    73.29    16.13     0.33
11   122.63    62.83    16.13     0.33
11   150.66    60.86    16.13     0.33
11    96.23    88.65    16.13     0.33
11   112.53   106.31    16.97     0.33
11   113.18    89.96    16.97     0.33
11    89.71   100.10    16.97     0.33
11    97.21   109.58    16.97     0.33
11    98.84   119.39    16.97     0.33
11   181.62    90.29    16.97     0.33
11   160.76   118.41    16.97     0.33
11   182.93   105.33    16.97     0.33
11   172.17    87.67    16.97     0.33
11   161.09    85.71    16.97     0.33
11   187.82    74.92    16.97     0.33
11   183.90    68.71    16.97     0.33
11   178.69    73.94    17.80     0.33
11   150.66    52.36    17.80     0.33
11   151.31    33.07    18.63     0.33
11   132.08    45.50    18.63     0.33
11   112.53    51.71    18.63     0.33
11    70.15    80.15    18.63     0.33
11    86.78    52.36    19.47     0.33
11   148.38    82.12    19.47     0.33
11   158.48   110.23    19.47     0.33
11   123.28   119.06    19.47     0.33
11   191.73    57.92    19.47     0.33
11   176.73    52.04    19.47     0.33
11   101.77    27.84    19.47     0.33
11   106.01    48.11    19.47     0.33
11   122.30    55.96    19.47     0.33
11   140.56    47.13    19.47     0.33
11   113.50    82.77    20.30     0.33
11   101.44    83.75    20.30     0.33
11    79.28    87.67    20.30     0.33
11    80.58    65.77    20.30     0.33
11    74.39    57.92    20.30     0.33
11    66.24    71.00    20.30     0.33
11   104.38   120.69    20.30     0.33
11   134.04    99.44    20.30     0.33
11   138.27    85.71    20.30     0.33
11   105.36   101.73    21.21     0.33
11    86.13   105.98    21.21     0.33
11   117.09    98.14    21.21     0.33
11   105.36    65.44    21.21     0.33
11   115.46    67.73    21.21     0.33
11   161.74    67.40    21.21     0.33
11   183.90    58.25    22.12     0.33
11   140.23    98.46    22.95     0.33
11   143.81    71.65    22.95     0.33
11   156.85    79.83    22.95     0.33
11    70.81    52.04    22.95     0.33
11    84.50    82.12    22.95     0.33
11   140.88   123.64    22.95     0.33
11   115.79   136.06    22.95     0.33
11    65.92   102.39    22.95     0.33
11   134.04    36.34    22.95     0.33
11   152.29    27.19    22.95     0.33
11   179.02    46.15    22.95     0.33
11   191.73    51.06    22.95     0.33
11   156.20    45.50    22.95     0.33
11   108.61    42.23    22.95     0.33
11   103.73    20.98    22.95     0.33
11    90.69    30.78    22.95     0.33
11    83.84    42.55    24.77     0.33
11    97.21    53.34    24.77     0.33
11   165.00    92.58    24.77     0.33
11   162.39    77.86    24.77     0.33
11   150.01    40.59    24.77     0.33
11   143.81    40.27    24.77     0.33
11   118.07    77.21    24.77     0.33
11    97.21    76.56    25.60     0.33
11    83.84    60.21    25.60     0.33
11   122.96    49.75    25.60     0.33
11   125.56    94.21    25.60     0.33
11   154.90    73.29    25.60     0.33
11   149.68    68.06    25.60     0.33
11    78.63    82.44    25.60     0.33
11   190.42    66.42    26.51     0.33
11   176.08    40.59    26.51     0.33
11   194.33    45.17    26.51     0.33
11   151.96    20.98    26.51     0.33
11   109.27    36.34    26.51     0.33
11    98.51    46.15    26.51     0.33
11    72.76    47.13    26.51     0.33
11   131.43    30.13    26.51     0.33
11   185.53    51.06    26.51     0.33
11   171.19    71.65    26.51     0.33
11   133.71    92.58    26.51     0.33
11   165.98   107.62    26.51     0.33
11   175.10    98.46    26.51     0.33
11    87.43   114.48    26.51     0.33
11    71.46    94.87    26.51     0.33
11    97.86    96.50    26.51     0.33
11    85.47    75.90    27.35     0.33
11   118.72   131.16    27.35     0.33
11   181.30    37.98    28.41     0.33
11   184.56    46.15    28.41     0.33
11   100.47   106.31    29.24     0.33
11    80.26    73.61    29.24     0.33
11    70.15    62.17    29.24     0.33
11    79.61    52.36    29.24     0.33
11   108.94    59.88    29.24     0.33
11    91.34    70.35    29.24     0.33
11   103.73    57.27    29.24     0.33
11    97.21    65.77    29.24     0.33
11   153.27    13.46    30.07     0.33
11   177.39    33.07    30.07     0.33
11   155.55    33.73    30.07     0.33
11   194.01    37.00    30.07     0.33
11   145.12    27.52    30.07     0.33
11   131.43    24.90    30.07     0.33
11   123.28    39.61    30.07     0.33
11   110.24    30.78    30.07     0.33
11   104.38    10.84    30.07     0.33
11    88.41    20.98    30.91     0.33
11    83.52    32.75    30.91     0.33
11    72.76    40.59    30.91     0.33
11   125.56    86.69    30.91     0.33
11    89.38    89.63    30.91     0.33
11    71.46    88.65    31.74     0.33
11    79.93    99.77    31.74     0.33
11    95.90    89.96    31.74     0.33
11   152.62    61.84    31.74     0.33
11   177.39    64.79    31.74     0.33
11   166.96    81.13    31.74     0.33
11   189.77    41.57    31.74     0.33
11   182.27    30.13    31.74     0.33
11   102.10   111.87    31.74     0.33
11   109.59    75.90    33.56     0.33
11    99.16    71.98    33.56     0.33
11   126.54    71.00    33.56     0.33
11   151.31    54.98    33.56     0.33
11   142.51    62.17    33.56     0.33
11   163.70    61.84    33.56     0.33
11   186.84    72.63    33.56     0.33
11   194.33    29.48    33.56     0.33
11   178.04    25.23    33.56     0.33
11   104.05     2.67    34.39     0.33
11    89.38    12.80    34.39     0.33
11   109.59    23.27    34.39     0.33
11   122.96    30.46    34.39     0.33
11   141.86    18.36    34.39     0.33
11   170.87    58.90    34.39     0.33
11   117.41    61.84    35.22     0.33
11   109.92    51.06    35.22     0.33
11    80.26    45.50    35.22     0.33
11    75.37    34.71    35.22     0.33
11   101.44    33.07    35.22     0.33
11    85.15    49.75    35.22     0.33
11    88.41    65.44    35.22     0.33
11   127.52    80.48    35.22     0.33
11   177.39    74.92    35.22     0.33
11   189.45    35.04    35.22     0.33
11   150.33    87.35    35.22     0.33
11   150.01    77.21    35.22     0.33
11   104.70    93.56    35.22     0.33
11    70.81    82.12    35.22     0.33
11    82.87    94.54    35.22     0.33
11    90.69    96.17    35.22     0.33
11    94.27    82.77    36.81     0.33
11   101.44    84.08    36.81     0.33
11    88.73    38.30    36.81     0.33
11   114.81    68.38    36.81     0.33
11    68.20    71.33    36.81     0.33
11    78.63    66.42    36.81     0.33
11    95.25    39.61    36.81     0.33
11   162.72    69.69    36.81     0.33
11   139.58    27.84    36.81     0.33
11    69.18    28.50    36.81     0.33
11   159.46    55.63    36.81     0.33
11   163.04    25.55    37.65     0.33
11   168.59    32.75    37.65     0.33
11   167.61    39.61    37.65     0.33
11   165.65    48.11    37.65     0.33
11   183.58    58.58    37.65     0.33
11   194.01    23.27    37.65     0.33
11   131.76    14.76    37.65     0.33
11   192.05    59.23    37.65     0.33
11   130.13    64.13    37.65     0.33
11   137.62    78.52    37.65     0.33
11   144.79    50.73    37.65     0.33
11    62.66    65.11    37.65     0.33
11    62.01    76.23    37.65     0.33
11    63.31    55.63    37.65     0.33
11   181.95    20.65    37.65     0.33
11   118.07    54.65    38.03     0.33
11   112.20    45.17    38.03     0.33
11    63.64    47.13    38.03     0.33
11    58.10    38.30    38.03     0.33
11    58.42    26.21    38.03     0.33
11   120.67    13.13    38.03     0.33
11    99.81    24.57    38.03     0.33
11   104.38    99.44    38.86     0.33
11   121.33   117.10    38.86     0.33
11   143.16   100.42    38.86     0.33
11   139.58   109.91    38.86     0.33
11   156.53   106.96    38.86     0.33
11    67.55    51.71    38.86     0.33
11    78.30    59.88    38.86     0.33
11   153.92    49.09    38.86     0.33
11   177.39    56.61    38.86     0.33
11   152.94    -1.58    38.86     0.33
11   121.33    24.90    38.86     0.33
11   117.09    37.98    38.86     0.33
11   104.38    44.52    38.86     0.33
11    95.90    55.96    40.60     0.33
11    92.64    60.86    40.60     0.33
11    82.21    40.27    40.60     0.33
11   192.38    48.11    43.10     0.33
11   186.19    52.04    43.10     0.33
11   168.59    70.67    43.10     0.33
11   156.85    72.31    43.10     0.33
11   148.38    67.73    43.10     0.33
11   105.36    69.04    43.10     0.33
11   156.20    20.32    43.10     0.33
11   148.05    20.00    43.10     0.33
11   146.42    36.67    43.10     0.33
11   122.63    64.13    43.10     0.33
11   125.24    96.50    43.10     0.33
11   172.17    88.98    43.10     0.33
11   164.35    89.96    43.10     0.33
11    81.56    20.65    43.10     0.33
11    86.13    58.58    43.10     0.33
11    88.73    44.52    43.10     0.33
11   164.67    10.84    43.10     0.33
11   174.13    18.36    43.10     0.33
11   170.54    24.90    43.10     0.33
11   131.76    88.00    43.10     0.33
11   138.27    70.02    43.10     0.33
11    79.28    82.77    43.10     0.33
11    90.36   105.33    43.10     0.33
11   118.07   105.98    43.10     0.33
11   118.39    88.65    43.10     0.33
11   115.79    79.83    43.10     0.33
11   116.11    73.61    43.10     0.33
11   137.62    36.67    43.10     0.33
11   129.15    44.19    43.10     0.33
11   138.27    54.98    43.10     0.33
11   126.21    55.63    43.10     0.33
11    92.64    28.82    43.10     0.33
11    77.65    28.50    43.10     0.33
11   185.53    45.17    44.01     0.33
11   165.00    56.61    44.01     0.33
11   100.14    78.19    44.01     0.33
11    98.51    64.79    44.84     0.33
11    82.54    74.92    44.84     0.33
11   102.42    58.58    44.84     0.33
11   109.92    62.17    44.84     0.33
11   101.44   106.64    44.84     0.33
11    71.13    59.23    44.84     0.33
11   100.14    52.04    44.84     0.33
11   151.31    13.78    45.68     0.33
11   117.41    46.15    45.68     0.33
11   107.31    31.77    45.68     0.33
11   107.31    39.29    45.68     0.33
11   147.73    28.82    45.68     0.33
11   130.13    23.92    45.68     0.33
11   106.66    20.00    45.68     0.33
11    99.16    14.11    45.68     0.33
11    71.13    43.54    46.51     0.33
11    82.54    32.09    46.51     0.33
11    90.04    20.32    46.51     0.33
11   114.48    31.11    46.51     0.33
11   173.80    45.82    46.51     0.33
11   176.08    32.75    46.51     0.33
11   157.83    43.54    46.51     0.33
11   150.01    43.54    46.51     0.33
11   129.47    34.05    46.51     0.33
11   177.71    39.29    46.51     0.33
11   155.55    36.34    46.51     0.33
11   143.81    -2.56    46.51     0.33
11   127.52    -2.56    46.51     0.33
11   120.02     5.94    46.51     0.33
11   108.94    12.80    46.51     0.33
11    75.04    18.36    46.51     0.33
11    64.94    20.65    46.51     0.33
11    66.57    36.34    46.51     0.33
11    79.28   100.75    47.42     0.33
11    92.64    91.27    47.42     0.33
11    83.52    88.00    47.42     0.33
11    88.41    78.19    47.42     0.33
11   177.71   100.10    47.42     0.33
11   170.54   107.29    47.42     0.33
11   157.18    97.48    47.42     0.33
11   139.90    88.00    47.42     0.33
11   163.37    78.52    47.42     0.33
11   133.71   101.08    47.42     0.33
11   113.83    95.19    47.42     0.33
11   151.31    62.50    49.01     0.33
11   163.04    63.81    49.01     0.33
11    75.04    72.63    49.01     0.33
11    67.55    77.21    49.01     0.33
11   126.87    68.71    49.01     0.33
11   151.64    54.32    49.01     0.33
11   194.01    30.78    49.01     0.33
11   186.84    41.25    49.01     0.33
11   104.05    -0.27    49.92     0.33
11    96.56     4.63    49.92     0.33
11    88.73     9.21    49.92     0.33
11    84.17    14.11    49.92     0.33
11   197.92    38.63    49.92     0.33
11   140.56    64.13    49.92     0.33
11    97.86    97.48    49.92     0.33
11    78.95    53.67    49.92     0.33
11   110.90    25.88    49.92     0.33
11    95.58    74.92    49.92     0.33
11    75.37    91.92    49.92     0.33
11   169.89    58.90    49.92     0.33
11   108.29    51.38    50.98     0.33
11   117.09    63.15    50.98     0.33
11   178.36    74.27    50.98     0.33
11    82.87    48.77    50.98     0.33
11    76.35    44.19    50.98     0.33
11    74.39    34.38    50.98     0.33
11   100.79    34.71    50.98     0.33
11   139.58    21.63    50.98     0.33
11   188.14    32.09    50.98     0.33
11   197.92    46.81    50.98     0.33
11   181.95    15.42    50.98     0.33
11   154.57     4.63    50.98     0.33
11    86.13    69.04    50.98     0.33
11    70.48    82.77    50.98     0.33
11   125.89    81.13    50.98     0.33
11   151.31    81.13    50.98     0.33
11   100.79    85.06    52.65     0.33
11    95.90    82.77    52.65     0.33
11    94.60    44.19    52.65     0.33
11    90.36    37.32    52.65     0.33
11   141.21    11.82    52.65     0.33
11   158.81    54.00    52.65     0.33
11    78.63    67.40    52.65     0.33
11    62.66    63.48    53.48     0.33
11    62.98    72.31    53.48     0.33
11    56.79    51.71    53.48     0.33
11    57.44    32.75    53.48     0.33
11    64.94    28.82    53.48     0.33
11   117.41    53.67    53.48     0.33
11    99.49    22.94    53.48     0.33
11   182.60    21.30    53.48     0.33
11   188.47    56.94    53.48     0.33
11   193.36    53.67    53.48     0.33
11   179.99    59.23    53.48     0.33
11   168.59    50.40    53.48     0.33
11   162.72    48.44    53.48     0.33
11   167.93    43.21    53.48     0.33
11   165.98    30.46    53.48     0.33
11   178.04    26.86    53.48     0.33
11   161.09   109.25    54.39     0.33
11    68.53    51.71    54.39     0.33
11   117.41    38.63    54.39     0.33
11   109.27    46.15    54.39     0.33
11   103.40   100.42    54.39     0.33
11    92.64   108.92    54.39     0.33
11    57.12    74.27    55.22     0.33
11   122.63    26.86    55.22     0.33
11   127.84    13.78    55.22     0.33
11   155.55    -1.58    55.22     0.33
11   170.87     4.30    55.22     0.33
11    78.95     7.90    55.22     0.33
11    75.37    13.13    55.22     0.33
11    77.65    60.86    55.22     0.33
11    95.25    56.94    56.06     0.33
11    89.71    52.04    56.06     0.33
11    82.21    39.61    56.06     0.33
11   145.12    49.09    56.06     0.33
11    69.18    65.44    57.72     0.33
11    63.64    57.59    57.72     0.33
11   172.82    19.34    58.55     0.33
11   161.74    20.32    58.55     0.33
11   134.36    41.90    59.39     0.33
11   142.19    55.31    59.39     0.33
11   159.46    70.35    59.39     0.33
11   168.91    71.00    59.39     0.33
11   184.23    48.44    59.39     0.33
11   191.07    45.50    59.39     0.33
11   122.96    63.81    59.39     0.33
11   112.20    70.35    59.39     0.33
11   138.60    32.09    59.39     0.33
11    80.91    25.88    60.22     0.33
11    70.81    28.50    60.22     0.33
11    90.36    29.80    60.22     0.33
11    99.16    52.04    60.22     0.33
11    98.51    64.79    60.22     0.33
11    82.54    57.27    60.22     0.33
11   100.14   106.31    60.22     0.33
11   125.24    94.54    60.22     0.33
11   151.96    71.98    60.22     0.33
11   163.37    56.61    60.22     0.33
11   127.52    49.42    60.22     0.33
11   129.80    63.15    60.22     0.33
11   105.36    62.17    60.22     0.33
11   138.60    74.92    60.22     0.33
11   115.79    79.83    60.22     0.33
11   116.44    18.36    60.22     0.33
11   133.71   -11.39    60.22     0.33
11   113.18    -4.20    60.22     0.33
11   171.52    12.48    60.22     0.33
11   163.37    12.15    60.22     0.33
11   162.07     1.36    60.22     0.33
11   102.42    72.31    60.22     0.33
11   168.91    87.02    60.22     0.33
11   144.14   102.71    60.22     0.33
11    89.06    98.14    60.22     0.33
11    93.30   103.37    60.22     0.33
11    75.70    79.83    60.22     0.33
11    57.44    61.52    60.22     0.33
11    56.47    66.75    60.22     0.33
11   145.77    21.30    60.22     0.33
11   153.59    25.23    60.22     0.33
11   116.76    45.50    61.13     0.33
11   106.98    34.38    61.13     0.33
11   152.62    15.42    61.13     0.33
11   130.78    87.02    61.13     0.33
11   145.12    31.44    61.13     0.33
11   130.13    22.28    61.13     0.33
11   173.47    64.13    61.13     0.33
11   153.59    47.13    62.04     0.33
11   153.92    36.02    62.04     0.33
11   176.08    54.32    62.04     0.33
11   104.05    17.05    62.04     0.33
11    89.06    20.00    62.04     0.33
11    79.28    21.30    62.04     0.33
11    73.09    21.30    62.04     0.33
11    63.31    23.27    62.04     0.33
11    68.20    41.90    62.04     0.33
11    82.54    32.75    62.04     0.33
11   116.44     6.26    62.04     0.33
11   103.40    -5.51    62.04     0.33
11   106.66    77.21    62.04     0.33
11   175.76    45.17    62.04     0.33
11   176.41    35.69    62.04     0.33
11   130.45    36.67    62.04     0.33
11   134.04    53.34    62.04     0.33
11   144.47    39.29    62.04     0.33
11   111.55    87.67    62.04     0.33
11    77.65   101.08    62.87     0.33
11    90.04    82.44    62.87     0.33
11    81.89    76.88    62.87     0.33
11    87.76    62.50    62.87     0.33
11   161.42    80.15    62.87     0.33
11    92.32    92.25    62.87     0.33
11    81.89    89.96    62.87     0.33
11    62.98    81.79    62.87     0.33
11   113.50    33.07    62.87     0.33
11   121.98    57.27    62.87     0.33
11   154.57    63.81    64.69     0.33
11   161.74    64.13    64.69     0.33
11   111.55    57.92    64.69     0.33
11    87.76    44.52    64.69     0.33
11    72.76    73.29    64.69     0.33
11    77.98    73.29    65.52     0.33
11   109.27    28.82    65.98     0.33
11    97.53    29.48    65.98     0.33
11   137.30    24.57    67.64     0.33
11   152.29     7.57    67.64     0.33
11    95.58    -0.93    67.64     0.33
11    73.09    89.96    67.64     0.33
11   135.99   117.10    67.64     0.33
11   175.76    95.19    67.64     0.33
11   197.59    56.29    67.64     0.33
11   197.27    43.86    67.64     0.33
11   180.32    12.15    67.64     0.33
11   183.90    39.94    68.48     0.33
11   190.10    25.23    68.48     0.33
11   186.19    12.15    68.48     0.33
11   142.19    11.50    68.48     0.33
11   146.10    -4.85    68.48     0.33
11   139.25    -5.18    68.48     0.33
11   127.84   -13.35    68.48     0.33
11   103.07     8.88    68.48     0.33
11    78.63    48.77    68.48     0.33
11    96.23    85.06    68.48     0.33
11    79.93    66.75    68.48     0.33
11   150.33    82.44    68.48     0.33
11   154.90    86.37    68.48     0.33
11   175.10    75.58    68.48     0.33
11   156.20    55.96    68.48     0.33
11    74.39    37.00    68.48     0.33
11    94.27    44.19    69.39     0.33
11    52.23    54.00    69.39     0.33
11    47.99    61.19    69.39     0.33
11    55.16    31.11    69.39     0.33
11   166.63    25.55    69.39     0.33
11   181.30    21.96    69.39     0.33
11   180.97    30.13    69.39     0.33
11   126.21    70.35    69.39     0.33
11   158.48    98.46    69.39     0.33
11   139.25    82.44    69.39     0.33
11   110.90   101.08    69.39     0.33
11    69.50    82.77    69.39     0.33
11   183.58    57.27    69.39     0.33
11    91.34     9.53    69.39     0.33
11   125.89     3.98    69.39     0.33
11   125.89    -7.47    69.39     0.33
11   166.63    48.11    69.39     0.33
11   159.79    37.00    69.39     0.33
11   167.61    39.29    69.39     0.33
11   198.57    34.71    69.39     0.33
11   135.67    65.77    69.39     0.33
11   145.12    63.15    69.39     0.33
11   125.89    83.10    69.39     0.33
11   114.81    93.88    69.39     0.33
11   136.32    95.85    69.39     0.33
11   120.02   104.02    69.39     0.33
11    97.53    37.32    69.39     0.33
11    59.40    45.17    69.39     0.33
11    50.92    45.50    69.39     0.33
11    62.01    35.36    69.39     0.33
11    66.90    11.50    69.39     0.33
11    61.35    15.75    69.39     0.33
11   144.14     2.67    69.39     0.33
11    87.43    72.63    69.39     0.33
11    96.88    76.23    69.39     0.33
11   105.68    91.60    69.39     0.33
11    91.01   111.54    70.22     0.33
11    86.13   106.64    70.22     0.33
11   102.42    98.79    70.22     0.33
11    72.11    49.75    70.22     0.33
11   118.72    36.67    70.22     0.33
11    80.58     8.55    71.05     0.33
11    84.82    15.75    71.05     0.33
11    77.00    16.07    71.05     0.33
11   122.30    17.71    71.05     0.33
11   158.81    29.80    71.05     0.33
11   170.87     1.69    71.05     0.33
11   108.94    49.09    71.05     0.33
11    85.80     1.03    71.05     0.33
11    62.98    76.23    71.05     0.33
11   116.11    64.13    71.05     0.33
11   197.59    50.73    71.05     0.33
11    96.88    58.58    72.57     0.33
11    87.43    52.69    72.57     0.33
11    88.08    39.29    72.57     0.33
11   115.46    52.04    72.57     0.33
11   100.14     2.99    72.57     0.33
11   144.47    48.77    72.57     0.33
11   156.53    -4.53    72.57     0.33
11   124.26   -19.24    72.57     0.33
11   115.13    -9.10    72.57     0.33
11   180.32    63.48    72.57     0.33
11    78.63    42.23    72.57     0.33
11    64.29    51.71    72.57     0.33
11    65.27    58.90    74.01     0.33
11   132.73    12.80    74.01     0.33
11   173.80    23.92    74.01     0.33
11   119.37    23.92    74.01     0.33
11    98.51    20.00    74.01     0.33
11   108.29    40.92    74.01     0.33
11   168.91    57.59    74.01     0.33
11    65.92    67.40    74.01     0.33
11    74.07    59.56    74.01     0.33
11   119.04    73.61    74.01     0.33
11    71.78     7.57    74.01     0.33
11   102.75    24.90    74.01     0.33
11   110.57    22.94    74.01     0.33
11   182.93    71.33    74.01     0.33
11   161.09    18.36    74.01     0.33
11   175.43    17.71    74.01     0.33
11   188.14    64.46    74.01     0.33
11   116.44     1.03    74.01     0.33
11   150.66    -8.78    74.01     0.33
11   163.04    73.61    75.14     0.33
11   109.92    71.00    75.14     0.33
11   134.04    40.59    75.14     0.33
11   124.59    30.46    75.14     0.33
11   191.07    45.17    75.14     0.33
11   182.93    48.44    75.14     0.33
11   171.84    11.82    76.13     0.33
11   169.24    18.03    76.13     0.33
11   160.11    -1.26    76.13     0.33
11   135.01   -12.70    76.13     0.33
11   145.77    21.30    76.13     0.33
11   140.23    18.69    76.13     0.33
11   150.01    73.94    76.13     0.33
11   162.07    58.25    76.13     0.33
11   144.79    95.19    76.13     0.33
11   125.89    94.87    76.13     0.33
11    97.53   106.96    76.13     0.33
11    89.06    98.14    76.13     0.33
11    75.37    79.83    76.13     0.33
11    54.84    66.42    76.13     0.33
11    57.12    56.94    76.13     0.33
11    95.90    65.44    76.13     0.33
11   105.36    56.29    76.13     0.33
11    81.56    55.31    76.13     0.33
11    89.06    33.07    76.13     0.33
11    68.53    32.09    76.13     0.33
11   123.61    63.81    76.13     0.33
11   168.91    87.02    76.13     0.33
11   153.92    94.54    76.13     0.33
11   132.41    73.94    76.13     0.33
11   140.23    73.29    76.13     0.33
11   126.54    48.77    76.13     0.33
11   110.90    13.46    76.13     0.33
11   162.72     9.86    76.13     0.33
11   146.75    56.29    76.13     0.33
11   132.08    62.17    76.13     0.33
11   124.26    41.25    76.13     0.33
11   113.83    80.15    76.96     0.33
11   104.38    62.50    76.96     0.33
11   101.44    48.77    76.96     0.33
11   170.54    64.46    76.96     0.33
11   169.24    71.00    76.96     0.33
11   184.23    35.04    76.96     0.33
11   146.75    29.48    76.96     0.33
11   141.53    33.40    76.96     0.33
11   155.87    13.78    76.96     0.33
11   106.66    35.04    76.96     0.33
11   116.44    42.88    76.96     0.33
11    85.15    26.21    76.96     0.33
11    75.70    31.11    76.96     0.33
11   132.41    20.32    76.96     0.33
11   174.45     5.94    76.96     0.33
11   130.45    86.69    76.96     0.33
11   176.41    53.02    77.80     0.33
11   150.33    37.98    77.80     0.33
11   153.27    50.07    77.80     0.33
11   131.43    27.52    77.80     0.33
11   100.47    -4.20    77.80     0.33
11   105.68    -4.85    77.80     0.33
11   108.29     5.61    77.80     0.33
11   105.36    18.03    77.80     0.33
11    73.41    21.30    77.80     0.33
11    70.15    25.55    77.80     0.33
11    63.96    23.92    77.80     0.33
11   154.57    42.55    77.80     0.33
11   176.41    45.82    77.80     0.33
11   105.36    77.21    77.80     0.33
11    82.54    35.36    77.80     0.33
11    68.53    40.92    77.80     0.33
11    88.73    81.46    78.70     0.33
11   110.24   109.25    78.70     0.33
11   113.18   113.83    78.70     0.33
11   130.13   108.92    78.70     0.33
11   120.67    54.98    78.70     0.33
11    87.43    62.17    78.70     0.33
11    77.00    99.77    78.70     0.33
11    81.89    93.23    78.70     0.33
11   135.01    53.34    78.70     0.33
11   172.17    32.42    78.70     0.33
11   144.79    41.25    78.70     0.33
11   152.62    23.92    78.70     0.33
11   135.67     2.67    78.70     0.33
11    90.04    18.69    78.70     0.33
11   118.39    86.04    78.70     0.33
11    94.60    93.88    78.70     0.33
11   129.15    35.04    79.54     0.33
11   148.38    13.78    79.54     0.33
11   112.20    58.25    80.45     0.33
11    69.83    73.29    80.45     0.33
11   160.11    66.75    80.45     0.33
11   152.94    65.77    80.45     0.33
11   141.86   102.39    80.45     0.33
11   117.09     7.24    80.45     0.33
11   138.27   -19.24    80.45     0.33
11   166.96    -4.20    80.45     0.33
11   109.27    29.48    81.28     0.33
11   100.47    31.11    81.28     0.33
11    81.24    75.25    81.28     0.33
11   196.62    44.19    83.02     0.33
11   136.97    26.86    83.02     0.33
11   156.20     5.28    83.02     0.33
11   148.38     7.24    83.02     0.33
11    89.71    87.02    83.02     0.33
11    62.66    82.44    83.02     0.33
11    60.05    62.83    83.02     0.33
11   100.14    69.36    83.02     0.33
11    74.72    69.04    83.02     0.33
11    91.99    26.21    83.02     0.33
11    93.95     0.71    83.02     0.33
11   189.45    36.34    83.02     0.33
11   139.25    45.50    83.02     0.33
11   127.84    56.94    83.02     0.33
11   175.76    99.44    83.02     0.33
11   103.40   106.96    83.02     0.33
11    60.05     7.24    83.02     0.33
11    95.58    84.08    84.08     0.33
11    91.34   103.69    84.08     0.33
11    86.78    47.13    84.08     0.33
11   188.79    27.52    84.08     0.33
11   179.67    12.15    84.08     0.33
11   147.73    -2.89    84.08     0.33
11   137.62    -5.51    84.08     0.33
11   154.57    56.29    84.08     0.33
11   178.69    38.96    84.08     0.33
11    99.49    11.50    84.08     0.33
11   151.96    83.42    84.08     0.33
11    74.07    90.94    84.08     0.33
11   174.78    72.96    84.92     0.33
11   185.86    55.96    84.92     0.33
11   198.90    36.67    84.92     0.33
11   158.48    34.71    84.92     0.33
11   165.33    31.44    84.92     0.33
11   164.67    51.38    84.92     0.33
11    62.01    45.50    84.92     0.33
11    60.38    35.69    84.92     0.33
11    51.90    43.54    84.92     0.33
11    49.62    57.59    84.92     0.33
11    48.97    61.52    84.92     0.33
11    53.53    60.21    84.92     0.33
11    45.38    48.44    84.92     0.33
11    58.42    20.00    84.92     0.33
11    55.49    30.13    84.92     0.33
11    66.90    16.73    84.92     0.33
11   127.19    -1.58    84.92     0.33
11   126.21     9.21    84.92     0.33
11   138.60    63.15    84.92     0.33
11   143.81    88.33    84.92     0.33
11   112.85    99.77    84.92     0.33
11   115.79   107.29    84.92     0.33
11   112.53    92.90    84.92     0.33
11   108.29    87.67    84.92     0.33
11    94.27    75.90    84.92     0.33
11    85.80    69.36    84.92     0.33
11    69.50    85.38    84.92     0.33
11   167.28    43.21    84.92     0.33
11   142.19     3.98    84.92     0.33
11   140.88    11.82    84.92     0.33
11   121.33    -9.10    84.92     0.33
11    90.04     9.86    84.92     0.33
11   126.21    75.58    85.75     0.33
11   135.01    91.60    85.75     0.33
11   135.99    81.79    85.75     0.33
11    70.15    51.06    85.75     0.33
11    78.95    48.77    85.75     0.33
11   101.77    99.12    85.75     0.33
11   100.47     3.65    87.72     0.33
11    80.91     5.61    87.72     0.33
11    79.61    13.13    87.72     0.33
11    77.65    18.69    87.72     0.33
11    62.66    76.88    87.72     0.33
11    93.95    55.63    87.72     0.33
11   121.00    18.69    87.72     0.33
11   125.24   -20.87    87.72     0.33
11   167.61     5.61    87.72     0.33
11   178.69    29.48    87.72     0.33
11   199.87    48.11    87.72     0.33
11   116.76    51.38    87.72     0.33
11   114.81    35.69    87.72     0.33
11   109.27    48.44    87.72     0.33
11    76.35    41.25    87.72     0.33
11    95.58    41.25    87.72     0.33
11    70.15     6.59    89.69     0.33
11   150.01   -10.41    89.69     0.33
11   175.43    16.73    89.69     0.33
11   168.91    56.94    89.69     0.33
11   103.07    24.90    89.69     0.33
11   107.31    42.55    89.69     0.33
11   118.07    67.73    89.69     0.33
11    69.18    65.44    89.69     0.33
11    64.61    68.06    89.69     0.33
11    63.31    56.94    89.69     0.33
11   117.41     1.03    89.69     0.33
11   110.24   -10.74    89.69     0.33
11   115.79   -12.37    89.69     0.33
11   181.30    70.35    89.69     0.33
11   184.88    64.13    89.69     0.33
11   163.70    24.25    89.69     0.33
11   121.98   102.71    89.69     0.33
11   177.71    22.28    89.69     0.33
11   113.83    24.25    89.69     0.33
11   132.41    11.82    89.69     0.33
11    52.55    66.42    91.58     0.33
11    74.72    80.48    91.58     0.33
11    89.38    96.17    91.58     0.33
11   119.37    73.61    91.58     0.33
11   135.99    68.71    91.58     0.33
11   124.91    62.17    91.58     0.33
11   129.47    48.11    91.58     0.33
11   121.65    39.61    91.58     0.33
11    89.06    32.42    91.58     0.33
11    62.33    50.40    91.58     0.33
11   138.60    19.67    91.58     0.33
11   159.79    -2.24    91.58     0.33
11   132.73   -13.68    91.58     0.33
11   185.53    46.48    91.58     0.33
11   161.42    58.90    91.58     0.33
11   148.38    97.48    91.58     0.33
11   128.50    95.19    91.58     0.33
11    75.04    59.56    91.58     0.33
11   110.57    70.35    91.58     0.33
11   146.42    53.34    91.58     0.33
11    85.47   109.91    91.58     0.33
11   101.44    50.73    92.42     0.33
11   101.12    60.54    92.42     0.33
11    86.45    63.15    94.38     0.33
11   100.79    44.52    94.38     0.33
11   104.70    62.83    94.38     0.33
11   119.04    55.63    94.38     0.33
11    81.56    30.13    94.38     0.33
11    91.99    17.05    95.22     0.33
11   105.03    12.80    95.22     0.33
11    76.02    33.40    96.43     0.33
11    83.52    37.32    96.43     0.33
11   103.40    34.05    96.43     0.33
11   109.27    30.78    96.43     0.33
11   153.92    41.57    96.43     0.33
11   150.66    47.13    96.43     0.33
11   177.39    53.02    97.26     0.33
11   167.61    62.83    97.26     0.33
11   156.85    17.05    97.26     0.33
11   148.05    34.05    98.10     0.33
11   135.99    27.52    98.10     0.33
11   151.96     5.94    98.10     0.33
11   149.36    12.80    98.10     0.33
11   138.60   -19.56    98.10     0.33
11    97.21    -3.54    98.10     0.33
11    68.53    11.50    98.10     0.33
11    82.54    22.28    98.10     0.33
11    91.01    26.21    98.10     0.33
11    87.76    84.73    98.10     0.33
11    98.51    68.06    98.10     0.33
11   152.29    72.63    98.10     0.33
11   163.37    79.83    98.10     0.33
11   159.79    71.33    98.10     0.33
11   158.81    65.11    98.10     0.33
11   187.82    34.71    98.10     0.33
11   125.56    29.15    98.10     0.33
11   134.36    38.96    98.10     0.33
11   107.31    59.23    98.10     0.33
11   104.05   109.91    99.23     0.33
11    91.01   103.69    99.23     0.33
11    92.97    87.02    99.23     0.33
11   150.99    85.06    99.23     0.33
11    84.82    67.73   100.07     0.33
11    66.57    82.12   100.90     0.33
11    46.36    59.56   100.90     0.33
11    69.83    52.36   100.90     0.33
11    56.47    45.82   100.90     0.33
11    50.60    45.17   100.90     0.33
11    47.67    51.06   100.90     0.33
11    41.47    49.09   100.90     0.33
11    57.12    17.71   100.90     0.33
11    62.66     5.28   100.90     0.33
11    66.24     1.36   100.90     0.33
11   175.76    11.17   101.81     0.33
11   189.45    24.57   102.79     0.33
11   180.32    35.04   102.79     0.33
11   200.85    35.36   102.79     0.33
11   195.64    46.15   103.63     0.33
11   199.55    47.46   103.63     0.33
11   135.34    74.60   103.63     0.33
11   125.24    75.90   103.63     0.33
11   112.53   103.04   103.63     0.33
11    60.38    73.61   103.63     0.33
11    62.01    37.65   103.63     0.33
11    76.35    20.00   103.63     0.33
11    77.00     6.92   103.63     0.33
11    98.51     5.94   103.63     0.33
11   139.25    -9.10   103.63     0.33
11   139.25    -3.22   103.63     0.33
11   136.64     3.32   103.63     0.33
11   169.24     4.63   103.63     0.33
11   122.96   -12.37   103.63     0.33
11   125.56   -21.20   103.63     0.33
11    85.80     3.65   103.63     0.33
11   164.35    31.44   103.63     0.33
11   104.05    75.25   103.63     0.33
11    91.34    78.85   103.63     0.33
11    90.69    72.31   103.63     0.33
11    75.70    74.60   103.63     0.33
11    74.72    88.65   103.63     0.33
11   167.93    73.29   103.63     0.33
11    76.67    42.88   103.63     0.33
11    86.45    44.52   103.63     0.33
11    91.01    48.77   103.63     0.33
11    86.45    53.67   103.63     0.33
11    80.26    50.40   103.63     0.33
11    82.21    79.83   103.63     0.33
11   109.59    87.35   103.63     0.33
11   117.41    81.79   103.63     0.33
11   155.55    79.17   104.46     0.33
11   162.72    47.13   104.46     0.33
11   163.70    39.61   104.46     0.33
11   169.89    29.15   104.46     0.33
11   146.10    26.21   104.46     0.33
11   170.87    46.15   104.46     0.33
11   127.19    -3.54   104.46     0.33
11   122.63     9.86   104.46     0.33
11   120.35    19.01   104.46     0.33
11   128.17    22.28   104.46     0.33
11   116.44    50.07   104.46     0.33
11   110.57    48.77   104.46     0.33
11   111.87    37.98   104.46     0.33
11   127.19    55.63   104.46     0.33
11    59.40    27.84   104.46     0.33
11    57.44    40.59   104.46     0.33
11    66.24    45.50   105.29     0.33
11    67.55    66.09   105.29     0.33
11    94.60    92.25   105.29     0.33
11    73.09    65.77   105.29     0.33
11    57.12    55.63   105.29     0.33
11    97.86    82.44   105.29     0.33
11   167.28    56.61   105.29     0.33
11   105.03    23.27   105.29     0.33
11   107.31    43.54   106.20     0.33
11   115.79     2.01   106.20     0.33
11   109.92    -1.91   106.20     0.33
11   132.73    13.13   106.20     0.33
11   136.64    49.42   106.20     0.33
11   134.04    58.90   106.20     0.33
11   145.77    61.52   106.20     0.33
11   160.11    -0.60   107.11     0.33
11   183.90    47.46   107.11     0.33
11   126.21    45.17   107.11     0.33
11   124.91    62.50   107.11     0.33
11   119.37    71.00   107.11     0.33
11    92.97    35.69   107.11     0.33
11    83.52    12.80   107.11     0.33
11   112.85    14.76   107.11     0.33
11   111.22     6.26   107.11     0.33
11   113.83    -8.78   107.11     0.33
11   125.56     3.65   107.11     0.33
11   149.03    -7.47   107.11     0.33
11    63.64    18.69   107.11     0.33
11    92.32    59.23   107.11     0.33
11   130.78    94.21   107.11     0.33
11   105.36    95.19   107.11     0.33
11   110.57    67.08   107.11     0.33
11   148.38    55.31   107.11     0.33
11   185.21    62.83   107.11     0.33
11   187.16    71.65   107.11     0.33
11   179.02    75.58   107.11     0.33
11   183.58    81.79   107.11     0.33
11   176.73    86.69   107.11     0.33
11   168.26    86.69   107.11     0.33
11   165.33    94.54   107.11     0.33
11   148.38    97.48   107.11     0.33
11   141.53   103.37   107.11     0.33
11   118.72   109.25   107.11     0.33
11   119.04    92.25   107.11     0.33
11   126.54    83.75   107.11     0.33
11   165.00    23.92   107.11     0.33
11   138.60    20.65   107.11     0.33
11    84.82    90.29   107.11     0.33
11   118.39    41.90   107.11     0.33
11   119.70    33.40   107.11     0.33
11   174.78    21.96   107.11     0.33
11   162.39    11.17   107.11     0.33
11   101.77    49.09   110.06     0.33
11   102.75    63.48   110.06     0.33
11   119.70    54.98   110.06     0.33
11   135.99    66.75   110.06     0.33
11   174.45    62.17   110.06     0.33
11    91.99    16.07   111.88     0.33
11   105.36    11.17   111.88     0.33
11    78.95    36.67   111.88     0.33
11    76.35    28.50   111.88     0.33
11   154.90    44.52   111.88     0.33
11   106.33    31.44   111.88     0.33
11   155.87    17.38   112.79     0.33
11   155.22    24.57   113.63     0.33
11   146.10    17.05   113.63     0.33
11   148.38    11.50   113.63     0.33
11   187.16    40.27   113.63     0.33
11   185.86    35.36   113.63     0.33
11   179.99    41.90   113.63     0.33
11   164.35    70.35   113.63     0.33
11   157.18    69.04   113.63     0.33
11    97.86    -1.91   113.63     0.33
11    82.54    22.28   113.63     0.33
11    95.58    27.84   113.63     0.33
11    86.45    28.50   113.63     0.33
11   143.81    35.69   113.63     0.33
11   132.73    35.36   113.63     0.33
11   132.73    26.86   113.63     0.33
11   145.12    47.46   113.63     0.33
11   151.64    76.88   113.63     0.33
11   132.08    89.63   113.63     0.33
11   106.98   105.65   114.46     0.33
11   106.66   111.54   114.46     0.33
11   153.92    36.02   114.46     0.33
11    93.95    86.04   114.46     0.33
11   150.33    86.04   114.46     0.33
11   151.31    91.92   114.46     0.33
11    74.07    48.11   115.44     0.33
11    84.50    64.79   115.44     0.33
11    83.19    58.90   115.44     0.33
11   111.87    25.88   115.44     0.33
11   100.79    39.61   116.35     0.33
11    49.62    56.94   116.35     0.33
11    47.34    49.75   116.35     0.33
11    61.68    43.21   116.35     0.33
11    64.61    28.50   116.35     0.33
11    56.14    20.65   116.35     0.33
11    64.29     1.36   116.35     0.33
11    66.57    10.84   116.35     0.33
11   109.92    61.52   116.35     0.33
11    68.85    82.44   116.35     0.33
11   174.45    52.69   116.35     0.33
11    85.80    37.00   116.35     0.33
11   180.65    19.01   116.35     0.33
11   156.85    55.96   116.35     0.33
11   146.10    68.71   116.35     0.33
11   144.14    76.56   116.35     0.33
11   189.77    57.27   116.35     0.33
11   197.92    60.21   116.35     0.33
11    75.37    57.92   116.35     0.33
11    96.23    66.09   116.35     0.33
11   125.89   102.39   116.35     0.33
11   103.07    -9.76   116.35     0.33
11   174.45    10.19   118.09     0.33
11   191.40    34.05   118.09     0.33
11   200.53    38.63   118.09     0.33
11    90.69    75.25   118.93     0.33
11    81.56    78.85   118.93     0.33
11    71.46    77.86   118.93     0.33
11    94.27    97.15   118.93     0.33
11    91.99    43.86   118.93     0.33
11    93.95    51.06   118.93     0.33
11    74.39    19.34   118.93     0.33
11    74.39     9.21   118.93     0.33
11    80.58     5.61   118.93     0.33
11    97.53     7.57   118.93     0.33
11   140.23     0.71   118.93     0.33
11   135.67    -2.89   118.93     0.33
11   140.23    -9.10   118.93     0.33
11   122.63   -13.03   118.93     0.33
11   200.53    46.15   118.93     0.33
11   125.89    75.58   118.93     0.33
11   135.67    75.25   118.93     0.33
11   103.07    70.35   118.93     0.33
11   114.81   104.35   118.93     0.33
11   165.65    34.05   118.93     0.33
11   160.11    81.13   118.93     0.33
11   117.09    83.10   119.76     0.33
11   106.66    82.44   119.76     0.33
11   107.31    51.38   119.76     0.33
11   175.76    47.13   119.76     0.33
11   167.61    27.84   119.76     0.33
11   189.77    28.50   119.76     0.33
11   191.73    49.42   119.76     0.33
11   128.50    23.27   119.76     0.33
11   128.17    33.07   119.76     0.33
11   130.78    40.92   119.76     0.33
11   122.96    11.50   119.76     0.33
11   127.19    -3.22   119.76     0.33
11   128.17    51.38   119.76     0.33
11   142.51    55.96   119.76     0.33
11   167.28    57.92   120.67     0.33
11   165.33    42.55   120.67     0.33
11   148.38    23.27   120.67     0.33
11   150.99     2.01   120.67     0.33
11   169.24     2.67   120.67     0.33
11    97.53    18.69   121.58     0.33
11   134.36    17.05   121.58     0.33
11   108.29    44.19   121.58     0.33
11   113.50    34.71   121.58     0.33
11   121.33    24.57   121.58     0.33
11   137.30    10.51   121.58     0.33
11   116.76     0.71   121.58     0.33
11   126.21    17.05   121.58     0.33
11    91.34     2.99   121.58     0.33
11    59.07    55.31   121.58     0.33
11    71.46    64.13   121.58     0.33
11    65.27    65.44   121.58     0.33
11   175.76    34.71   121.58     0.33
11   135.01    51.71   121.58     0.33
11   150.99    29.80   121.58     0.33
11   138.27    28.17   121.58     0.33
11   137.95    35.36   121.58     0.33
11   135.67    41.25   121.58     0.33
11   108.29    20.00   121.58     0.33
11   100.14    22.61   121.58     0.33
11   112.20    73.94   121.58     0.33
11    85.80    50.73   121.58     0.33
11   124.91    62.17   122.41     0.33
11   119.70    69.36   122.41     0.33
11    97.53    57.27   122.41     0.33
11    89.06    61.52   122.41     0.33
11    66.24    33.40   122.41     0.33
11   184.56    50.07   122.41     0.33
11   125.89    45.82   122.41     0.33
11   158.16    40.27   122.41     0.33
11    86.13    86.37   122.41     0.33
11    81.24    91.92   122.41     0.33
11    51.90    45.17   122.41     0.33
11    93.62    36.67   122.41     0.33
11   150.01    58.90   122.41     0.33
11   168.59    65.44   122.41     0.33
11   115.79    46.15   122.41     0.33
11   108.29     3.32   122.41     0.33
11   130.45     3.65   122.41     0.33
11   123.93     2.01   122.41     0.33
11   160.44    25.23   123.25     0.33
11   167.93    11.17   123.25     0.33
11   160.11    -2.56   123.25     0.33
11   157.50     4.30   123.25     0.33
11    81.24    13.13   123.25     0.33
11    66.24    19.67   123.25     0.33
11   132.73    57.59   123.25     0.33
11   113.83    15.09   123.25     0.33
11   120.02    50.07   125.97     0.33
11   123.93    55.31   125.97     0.33
11   116.44    58.58   125.97     0.33
11   158.16    62.17   125.97     0.33
11   132.08    64.13   125.97     0.33
11   165.00    17.71   125.97     0.33
11   100.14    47.13   125.97     0.33
11    72.44    87.67   125.97     0.33
11   139.90    67.08   125.97     0.33
11   104.70    91.60   125.97     0.33
11   114.16    97.48   125.97     0.33
11   121.98    87.35   125.97     0.33
11   123.28    96.17   125.97     0.33
11   137.95    95.19   125.97     0.33
11   138.93   102.71   125.97     0.33
11   161.09    92.90   125.97     0.33
11   165.00    89.31   125.97     0.33
11   167.28    82.12   125.97     0.33
11   184.23    66.42   125.97     0.33
11   188.79    73.29   125.97     0.33
11   178.04    70.67   125.97     0.33
11   192.70    67.40   125.97     0.33
11   179.99    78.52   125.97     0.33
11   172.50    75.58   125.97     0.33
11   173.47    84.40   125.97     0.33
11   102.10    61.52   125.97     0.33
11    93.30    11.17   127.64     0.33
11    91.34    21.63   127.64     0.33
11   154.24    17.38   128.47     0.33
11   153.59    46.48   128.47     0.33
11   173.80    60.21   128.47     0.33
11   106.98    37.65   128.47     0.33
11    78.63    36.67   128.47     0.33
11    75.70    27.52   128.47     0.33
11   136.32    82.12   128.47     0.33
11    59.40    81.79   128.47     0.33
11   106.98    67.08   129.31     0.33
11   180.65    39.94   129.31     0.33
11   161.74    71.65   129.31     0.33
11    79.28    23.92   129.31     0.33
11    85.15     8.55   129.31     0.33
11    64.61    47.79   129.31     0.33
11    98.18    -0.93   129.31     0.33
11   149.03    11.17   130.14     0.33
11   145.12    17.05   130.14     0.33
11   153.27    77.54   130.14     0.33
11   150.99    83.10   130.14     0.33
11   149.03    89.96   130.14     0.33
11   106.66    30.78   130.14     0.33
11   145.44    47.13   130.14     0.33
11   146.42    36.34   130.14     0.33
11    91.99    27.84   130.14     0.33
11    93.95    86.37   130.14     0.33
11    87.43    95.85   130.14     0.33
11    69.83    40.92   130.14     0.33
11    65.92    95.52   130.14     0.33
11    71.78    99.44   130.14     0.33
11    75.37   105.65   130.14     0.33
11    80.58   102.06   130.14     0.33
11    83.19   112.52   130.14     0.33
11    74.07    49.75   130.97     0.33
11    55.81    39.61   131.80     0.33
11    55.81    21.30   131.80     0.33
11    64.94     4.63   131.80     0.33
11   104.05    -8.45   131.80     0.33
11    98.18    -8.45   131.80     0.33
11    96.23    67.40   131.80     0.33
11    81.89    71.33   131.80     0.33
11   158.81    54.98   131.80     0.33
11   128.50    70.02   131.80     0.33
11    82.54    20.98   131.80     0.33
11   173.47    55.31   133.55     0.33
11   184.88    42.88   133.55     0.33
11   112.53    25.88   133.55     0.33
11    76.67    58.25   133.55     0.33
11    77.98    44.84   133.55     0.33
11    86.13    33.40   133.55     0.33
11   121.65    36.67   133.55     0.33
11   102.42    13.13   133.55     0.33
11   141.86     0.38   134.46     0.33
11   134.36    -3.22   134.46     0.33
11   140.23    -8.78   134.46     0.33
11   119.04    -8.78   134.46     0.33
11    91.67    75.90   134.46     0.33
11    94.60    96.83   134.46     0.33
11   185.86    56.94   134.46     0.33
11   159.79    33.40   134.46     0.33
11   123.93    74.60   134.46     0.33
11   127.52    78.85   134.46     0.33
11    92.97    47.46   134.46     0.33
11   168.59    27.52   135.44     0.33
11   173.47    46.48   135.44     0.33
11   141.86    55.31   135.44     0.33
11   104.05    52.04   135.44     0.33
11   112.53    52.69   135.44     0.33
11    77.98    76.88   135.44     0.33
11    60.05    43.54   135.44     0.33
11    73.74    17.71   135.44     0.33
11    72.76     6.59   135.44     0.33
11    72.11    11.82   135.44     0.33
11    64.29    12.48   135.44     0.33
11   121.98     8.55   135.44     0.33
11   128.17    25.23   135.44     0.33
11   128.17    33.07   135.44     0.33
11   127.19    40.59   135.44     0.33
11   186.19    29.80   135.44     0.33
11   192.38    41.90   135.44     0.33
11   150.66    67.40   135.44     0.33
11   141.53    76.88   135.44     0.33
11    57.44    72.63   135.44     0.33
11    47.34    55.63   135.44     0.33
11   113.50    80.81   135.44     0.33
11   128.50    88.98   135.44     0.33
11   104.70   108.92   135.44     0.33
11   106.01    98.46   135.44     0.33
11   121.00   104.67   135.44     0.33
11    82.87    61.52   136.88     0.33
11   100.14    40.59   136.88     0.33
11   114.48    35.04   136.88     0.33
11   130.13    20.00   136.88     0.33
11   140.88    22.28   136.88     0.33
11   152.62    22.94   136.88     0.33
11   153.92    28.82   136.88     0.33
11   166.63    56.61   136.88     0.33
11   132.73    37.65   136.88     0.33
11   132.08    44.19   136.88     0.33
11   129.47    51.71   136.88     0.33
11   134.69    15.09   136.88     0.33
11   147.40     1.69   136.88     0.33
11   103.40    19.34   136.88     0.33
11    96.88    21.63   136.88     0.33
11    79.28     5.94   136.88     0.33
11    65.59    59.23   136.88     0.33
11    55.81    59.56   136.88     0.33
11    54.18    65.44   136.88     0.33
11    62.01    67.08   136.88     0.33
11    63.96    74.27   136.88     0.33
11    69.50    79.17   136.88     0.33
11    90.69    82.44   136.88     0.33
11   109.27    75.25   136.88     0.33
11   113.18    69.04   136.88     0.33
11   160.76    78.85   136.88     0.33
11   106.66    43.21   136.88     0.33
11   121.65    26.53   136.88     0.33
11   122.96    20.00   136.88     0.33
11   126.21    16.73   136.88     0.33
11   127.19    10.84   136.88     0.33
11   136.97     7.57   136.88     0.33
11   143.16    10.84   136.88     0.33
11    99.49    82.44   136.88     0.33
11    90.04    57.27   137.87     0.33
11    96.56    57.59   137.87     0.33
11   159.79    42.23   137.87     0.33
11   145.77    60.86   137.87     0.33
11   169.56    63.15   137.87     0.33
11   166.30    69.04   137.87     0.33
11   185.53    48.11   137.87     0.33
11   187.49    51.38   137.87     0.33
11   179.02    51.38   137.87     0.33
11   127.19    -2.89   137.87     0.33
11   125.56     3.98   137.87     0.33
11   107.96     7.24   137.87     0.33
11   104.70     4.63   137.87     0.33
11    90.04     0.71   137.87     0.33
11    86.45    -3.87   137.87     0.33
11   110.57    -4.53   137.87     0.33
11   112.53     1.69   137.87     0.33
11   115.79    -2.24   137.87     0.33
11   114.81    87.67   137.87     0.33
11   104.70    85.06   137.87     0.33
11    88.08    87.67   137.87     0.33
11    81.89    85.38   137.87     0.33
11   135.99    28.82   137.87     0.33
11   139.58    37.00   137.87     0.33
11   137.62    46.48   137.87     0.33
11   150.33    55.96   137.87     0.33
11   164.02    47.46   137.87     0.33
11   171.19    37.65   137.87     0.33
11   117.74    43.21   137.87     0.33
11   100.79    26.53   137.87     0.33
11   123.61    63.15   137.87     0.33
11   119.04    67.08   137.87     0.33
11   119.04    77.86   137.87     0.33
11   115.79    11.17   140.52     0.33
11   150.01    41.25   140.52     0.33
11    58.42    50.40   140.52     0.33
11    54.51    47.79   140.52     0.33
11    81.89    13.46   140.52     0.33
11    78.63    94.54   140.52     0.33
11    86.78    63.48   140.52     0.33
11   118.07    58.58   141.43     0.33
11   110.24    60.54   141.43     0.33
11   102.75    59.56   141.43     0.33
11    99.49    47.13   141.43     0.33
11   162.07    64.13   141.43     0.33
11    62.66    24.57   141.43     0.33
11   106.66    66.42   145.44     0.33
11   151.96    17.05   145.44     0.33
11    68.20    36.02   146.27     0.33
11    80.91    54.65   149.00     0.33
11    91.99    37.32   149.00     0.33
11    78.30    21.96   149.00     0.33
11    64.94     5.94   149.00     0.33
11   149.03    36.34   149.00     0.33
11   143.16    49.09   149.00     0.33
11   158.81    54.32   149.00     0.33
11   151.64    60.21   149.00     0.33
11   160.44    26.53   149.00     0.33
11   179.99    41.57   149.00     0.33
11   102.10    70.67   149.00     0.33
11    96.56    66.42   149.00     0.33
11    91.67    17.71   149.00     0.33
11    91.67    24.25   149.00     0.33
11    85.47     8.55   149.00     0.33
11    99.49    -7.79   149.00     0.33
11   142.84    42.88   149.00     0.33
11   144.14    32.75   149.00     0.33
11   127.84    35.69   150.74     0.33
11   128.17    27.19   150.74     0.33
11   114.48    22.61   150.74     0.33
11   109.59    16.73   150.74     0.33
11    94.27     9.86   150.74     0.33
11    96.88     1.36   150.74     0.33
11   105.36    32.75   150.74     0.33
11    85.15    28.17   150.74     0.33
11    84.82    38.63   150.74     0.33
11    76.35    35.69   150.74     0.33
11    77.33    44.19   150.74     0.33
11    72.44    52.69   150.74     0.33
11    72.11    62.50   150.74     0.33
11    69.83    69.04   150.74     0.33
11    75.04    76.88   150.74     0.33
11    80.91    72.63   150.74     0.33
11   105.36    55.63   150.74     0.33
11   111.22    49.42   150.74     0.33
11   125.89    67.73   150.74     0.33
11   135.34    69.04   150.74     0.33
11   140.88    67.08   150.74     0.33
11   153.27    72.63   150.74     0.33
11   140.88    75.25   150.74     0.33
11   142.84    82.44   150.74     0.33
11   127.52    80.81   150.74     0.33
11   124.26    73.29   150.74     0.33
11    96.56    90.94   150.74     0.33
11    58.10    42.88   150.74     0.33
11    66.57    41.90   150.74     0.33
11    92.32    49.09   150.74     0.33
11    88.41    50.73   150.74     0.33
11   106.01    49.09   150.74     0.33
11   124.26    45.17   150.74     0.33
11   122.96    38.96   150.74     0.33
11   154.24    46.81   150.74     0.33
11    72.44    26.86   151.58     0.33
11   112.85    27.84   151.58     0.33
11    76.35    17.05   151.58     0.33
11   132.73    17.71   152.41     0.33
11   140.56    12.48   152.41     0.33
11   141.21    24.90   152.41     0.33
11   158.16    30.46   152.41     0.33
11   148.70    24.25   152.41     0.33
11   103.73    15.09   152.41     0.33
11   101.77    20.32   152.41     0.33
11    84.17    19.34   152.41     0.33
11    73.09     9.86   152.41     0.33
11    67.22    21.30   152.41     0.33
11    65.27    14.76   152.41     0.33
11   108.29    40.59   152.41     0.33
11    86.13    44.19   152.41     0.33
11   122.96    42.23     5.15     0.33
11   129.15    34.38     5.15     0.33
11   128.17    26.53     5.15     0.33
11   132.73    21.96     5.15     0.33
11   136.97    26.21     5.15     0.33
11   139.58    36.67     5.15     0.33
11   139.90    37.65     5.15     0.33
11   142.84    27.19     5.15     0.33
11   152.62    27.52     5.15     0.33
11   156.85    31.77     5.15     0.33
11   166.96    34.05     5.15     0.33
11   176.08    37.65     5.15     0.33
11   179.67    39.61     5.15     0.33
11   171.84    44.19     5.15     0.33
11   161.42    38.63     5.15     0.33
11   160.44    43.54     5.15     0.33
11   165.65    50.73     5.15     0.33
11   171.52    55.63     5.15     0.33
11   164.02    66.42     5.15     0.33
11   188.79    34.05     5.15     0.33
11   189.12    42.88     5.15     0.33
11   187.49    50.07     5.15     0.33
11   184.56    54.32     5.15     0.33
11   141.53    82.44     5.15     0.33
11   142.19    89.31     5.15     0.33
11   141.53    93.23     5.15     0.33
11   132.73    96.17     5.15     0.33
11   128.82    90.29     5.15     0.33
11   127.84    82.44     5.15     0.33
11   122.30    94.21     5.15     0.33
11   141.53   116.44     5.15     0.33
11   160.44    14.76     0.38     0.33
11   170.54    15.09     0.38     0.33
11   180.32    26.86     0.38     0.33
11   163.04    25.23     0.38     0.33
11   138.93    18.69     0.38     0.33
11   131.10    12.48     0.38     0.33
11   162.07     8.55     0.38     0.33
11   191.40    26.86     0.38     0.33
12   149.28    90.24     0.00     0.33
12   159.05    57.87     0.00     0.33
12   177.06    82.44    24.01     0.33
12   154.57    98.46     6.74     0.33
12   177.71    79.50    57.49     0.33
12   180.97    67.08    57.49     0.33
12   180.32    91.92    57.49     0.33
12    63.31    54.65   121.35     0.33
12    67.55    60.54   121.35     0.33
12    60.05    49.42   121.35     0.33
12    53.86    66.09   121.35     0.33
12    62.33    63.81   158.39     0.33
12    90.69    62.50   156.95     0.33
12    82.87    79.83   165.36     0.33
12    98.84    83.42   165.44     0.33
12   113.50    72.63   165.44     0.33
12   161.09    48.77   154.23     0.33
12   155.87    39.29   154.23     0.33
12   171.84    56.94   154.23     0.33
12   125.89    54.32   153.32     0.33
12   120.67    51.38   153.32     0.33
12   131.10    58.90   153.32     0.33
12   131.10    70.35   153.32     0.33
12   135.01    78.19   152.41     0.33
12    79.93    29.15   151.58     0.33
12    84.17    67.73   151.58     0.33
12    96.56    73.61   151.58     0.33
12   101.44    64.79   151.58     0.33
12    99.16    33.07   150.74     0.33
12    87.43    34.38   150.74     0.33
12    90.69    40.92   148.92     0.33
12    65.59    46.81   148.92     0.33
12    65.27    52.36   148.92     0.33
12    80.26    49.42   148.92     0.33
12    65.59    30.13   146.80     0.33
12    63.31    34.38   145.97     0.33
12    97.86    74.60   135.59     0.33
12    85.15    75.25   133.85     0.33
12   139.90   113.17    97.72     0.33
12   134.04   106.31    96.81     0.33
12   147.40   111.21    62.72     0.33
12   181.30   104.67    60.37     0.33
12   187.49    76.88    55.68     0.33
12   188.79   102.06    55.68     0.33
12   188.14    64.79    55.68     0.33
12   145.44   108.60    37.27     0.33
12   112.85   109.58    -0.68     0.33
12   124.91   112.85    -0.68     0.33
12   142.84   124.94    -0.68     0.33
12   150.33   106.64    -0.68     0.33
12   171.19    23.59    -0.68     0.33
12   185.53    21.63    -0.68     0.33
12   174.78    10.19    -0.68     0.33
12   184.88    37.32    -0.68     0.33
12   150.99     4.96    -0.68     0.33
12   139.25     8.55    -0.68     0.33
12   149.36    17.38    -0.68     0.33
12   120.02    17.38    -0.68     0.33
12   115.46    35.04    -0.68     0.33
12    83.52    65.11     3.48     0.33
12   110.90    95.52     4.55     0.33
12    92.32    80.15     5.38     0.33
12   190.42    20.65    16.82     0.33
12   184.23    12.15    16.82     0.33
12   170.22     6.59    17.65     0.33
12   172.50    21.96    17.65     0.33
12   163.04    18.03    17.65     0.33
12   152.94     2.67    17.65     0.33
12   136.64     4.96    17.65     0.33
12   143.16    12.48    17.65     0.33
12   152.62   106.31    19.69     0.33
12   136.32   111.54    19.69     0.33
12   145.44   126.25    19.69     0.33
12   175.76   112.52    19.69     0.33
12   169.24    97.81    19.69     0.33
12   108.29    97.48    19.69     0.33
12   104.05    89.63    19.69     0.33
12   144.47     4.63    33.94     0.33
12   161.09    -2.89    33.94     0.33
12   177.06    11.50    33.94     0.33
12   188.14    14.11    33.94     0.33
12   137.30     2.34    33.94     0.33
12   136.97   126.91    34.77     0.33
12   147.07   124.94    34.77     0.33
12   147.73     8.23    36.51     0.33
12   112.20   100.42    38.18     0.33
12   122.96   110.23    38.18     0.33
12    97.21   103.69    38.18     0.33
12   195.96    76.23    38.18     0.33
12   198.25    54.65    38.18     0.33
12   204.44    67.40    38.18     0.33
12   195.96    66.09    38.18     0.33
12   155.22    91.60    38.18     0.33
12   157.83    83.75    38.18     0.33
12   147.73    97.81    38.18     0.33
12   138.93    95.19    38.18     0.33
12   146.42    93.56    38.18     0.33
12   107.96   106.31    38.18     0.33
12   112.20   113.83    41.59     0.33
12   173.15    -5.51    40.53     0.33
12   147.40    -4.53    40.53     0.33
12   102.10   -10.08    40.53     0.33
12   108.94    -6.49    40.53     0.33
12   183.90    92.25    41.44     0.33
12   182.60   100.10    41.44     0.33
12   175.43   107.29    41.44     0.33
12   170.22   102.06    41.44     0.33
12   162.72   101.73    41.44     0.33
12   148.38   103.37    41.44     0.33
12   141.53   117.75    41.44     0.33
12   163.04   115.46    41.44     0.33
12   184.23    85.06    43.33     0.33
12   119.04   100.75    46.06     0.33
12   169.24    96.17    46.97     0.33
12   195.31    77.86    54.01     0.33
12   206.72    68.06    54.01     0.33
12   190.10    92.25    54.01     0.33
12   197.27    62.83    54.01     0.33
12   153.27   110.56    54.84     0.33
12   126.54   114.16    54.84     0.33
12   126.54   106.31    54.84     0.33
12   106.01   108.92    54.84     0.33
12   158.48    90.29    58.33     0.33
12   156.20    76.56    58.33     0.33
12   167.61    79.83    58.33     0.33
12   192.38    69.04    58.33     0.33
12   119.70   112.19    58.33     0.33
12   130.13   119.71    58.33     0.33
12   146.10   118.41    58.33     0.33
12   156.85   118.08    58.33     0.33
12   165.65   110.56    58.33     0.33
12   174.45   109.91    58.33     0.33
12   140.88   117.42    58.33     0.33
12   183.90    95.52    68.78     0.33
12   101.44   112.85    68.78     0.33
12    94.60   114.48    69.61     0.33
12   117.09   115.79    69.61     0.33
12   109.27   115.46    69.61     0.33
12   163.37   103.37    70.52     0.33
12   129.47   113.50    70.52     0.33
12   124.26   105.00    70.52     0.33
12   140.23   114.48    75.98     0.33
12   131.43   119.71    75.98     0.33
12   140.23   120.69    75.98     0.33
12   146.75   120.37    75.98     0.33
12   155.22   112.19    75.98     0.33
12   165.98   111.54    75.98     0.33
12   150.33   105.65    75.98     0.33
12   157.18   103.04    75.98     0.33
12   150.33   101.40    75.98     0.33
12   118.72   111.54    77.04     0.33
12   175.76    89.31    78.86     0.33
12   165.00    91.27    78.86     0.33
12   162.07    84.08    78.86     0.33
12   146.42    82.12    78.86     0.33
12   141.53    77.21    78.86     0.33
12   119.70    97.48    78.86     0.33
12   171.84    80.15    78.86     0.33
12   168.91    75.90    78.86     0.33
12   184.23    88.98    78.86     0.33
12   135.01   106.64    80.67     0.33
12   194.33    81.79    86.20     0.33
12   193.36    88.33    86.20     0.33
12   205.09    82.44    86.20     0.33
12   203.46    67.08    86.20     0.33
12   203.79    72.63    86.20     0.33
12   208.35    71.00    86.20     0.33
12   209.00    66.09    86.20     0.33
12   204.11    37.98    86.20     0.33
12   203.79    45.17    86.20     0.33
12   194.33    23.92    86.20     0.33
12   189.45    18.69    86.20     0.33
12   193.03    30.46    86.20     0.33
12   192.38    38.30    86.20     0.33
12   192.05    50.40    86.20     0.33
12   190.42    57.59    86.20     0.33
12    72.11    97.15    87.11     0.33
12    68.20    91.60    87.11     0.33
12    57.77    79.50    87.11     0.33
12    53.53    74.92    87.11     0.33
12   191.40    69.04    90.67     0.33
12   185.53    76.23    90.67     0.33
12    98.84    17.71    91.51     0.33
12    97.53    22.61    91.51     0.33
12   134.69   114.48    91.51     0.33
12   152.29   101.73    91.51     0.33
12   157.83   108.27    91.51     0.33
12   163.70   102.39    91.51     0.33
12   200.85    82.77   104.16     0.33
12   206.72    85.06   104.16     0.33
12   191.40    84.73   104.16     0.33
12   176.08    94.21   104.16     0.33
12   171.84    84.08   104.16     0.33
12   168.26    80.48   104.16     0.33
12   159.13    88.98   104.16     0.33
12   155.87    94.54   104.16     0.33
12   181.95    55.96   104.16     0.33
12   193.03    53.02   104.16     0.33
12   179.02    65.44   104.16     0.33
12   193.03    64.46   104.16     0.33
12   191.40    42.23   104.16     0.33
12   194.33    37.00   104.16     0.33
12   194.66    25.23   104.16     0.33
12   181.30    30.46   104.16     0.33
12   185.86    26.86   104.16     0.33
12   162.07    65.44   104.16     0.33
12   141.86    84.08   104.16     0.33
12   123.61    98.46   105.14     0.33
12   137.30   107.94   106.88     0.33
12   110.57   112.85   106.88     0.33
12   123.28   113.17   106.88     0.33
12   112.53   108.92   106.88     0.33
12   100.47   106.64   106.88     0.33
12    91.99   108.27   106.88     0.33
12    78.95    94.54   106.88     0.33
12    81.24    97.81   106.88     0.33
12    70.48    89.96   106.88     0.33
12   201.18    55.31   107.72     0.33
12   203.79    59.56   108.55     0.33
12   201.50    63.81   108.55     0.33
12   206.07    35.04   108.55     0.33
12    80.26    16.07   112.56     0.33
12    69.50    22.61   112.56     0.33
12    68.85    27.19   112.56     0.33
12    69.50    34.05   112.56     0.33
12   127.84    98.14   115.37     0.33
12   126.87   105.65   115.37     0.33
12   122.96   106.64   115.37     0.33
12   118.39   101.73   115.37     0.33
12   101.44    84.73   117.26     0.33
12    97.53    86.37   117.26     0.33
12    62.98    71.33   117.26     0.33
12    67.87    74.27   117.26     0.33
12    65.59    77.86   117.26     0.33
12    77.98    67.08   117.26     0.33
12    49.95    61.84   117.26     0.33
12    53.86    71.65   117.26     0.33
12    53.86    49.09   117.26     0.33
12    86.78   101.08   120.90     0.33
12    97.21    99.77   119.00     0.33
12    97.53    94.21   119.00     0.33
12   106.33   101.40   119.00     0.33
12   111.22    92.58   119.00     0.33
12   101.12    54.98   119.00     0.33
12    81.24    53.67   119.00     0.33
12    89.71    55.63   119.00     0.33
12   204.11    50.07   119.61     0.33
12   143.16    81.79   119.61     0.33
12   142.19    87.67   119.61     0.33
12    57.12    62.83   121.35     0.33
12    75.70    90.62   123.40     0.33
12    67.55    87.67   123.40     0.33
12    58.10    26.86   124.23     0.33
12    77.33    66.42   134.46     0.33
12    74.39    73.94   134.46     0.33
12    65.92    81.79   134.46     0.33
12    89.38    91.92   134.46     0.33
12   115.13    92.25   134.46     0.33
12   108.29    93.88   134.46     0.33
12    74.39    38.96   134.46     0.33
12    71.13    32.75   134.46     0.33
12    69.83    28.82   134.46     0.33
12    69.83    21.63   134.46     0.33
12    66.24    40.92   134.46     0.33
12    69.83    44.19   134.46     0.33
12    69.83    55.96   134.46     0.33
12    75.37    55.96   134.46     0.33
12    67.87    24.90   134.46     0.33
12    86.78     5.28   134.46     0.33
12    85.80    12.15   134.46     0.33
12    76.67    11.50   134.46     0.33
12    78.30    16.07   134.46     0.33
12    76.35     5.94   134.46     0.33
12    84.17     2.34   134.46     0.33
12    46.04    48.11   134.46     0.33
12    50.92    39.29   134.46     0.33
12    42.12    31.44   134.46     0.33
