0.000000 0.000021 
8.000000 0.000019 
16.000000 0.000018 
24.000000 0.000017 
32.000000 0.000016 
40.000000 0.000016 
48.000000 0.000015 
56.000000 0.000013 
64.000000 0.000014 
72.000000 0.000011 
80.000000 0.000010 
88.000000 0.000009 
96.000000 0.000008 
104.000000 0.000007 
112.000000 0.000006 
120.000000 0.000007 
128.000000 0.000006 
136.000000 0.000006 
144.000000 0.000006 
152.000000 0.000003 
160.000000 0.000004 
168.000000 0.000005 
176.000000 0.000005 
184.000000 0.000004 
192.000000 0.000003 
200.000000 0.000004 
208.000000 0.000004 
216.000000 0.000004 
224.000000 0.000004 
232.000000 0.000004 
240.000000 0.000004 
248.000000 0.000004 
