0.000000 0.000023 
4.000000 0.000021 
8.000000 0.000018 
12.000000 0.000017 
16.000000 0.000015 
20.000000 0.000014 
24.000000 0.000012 
28.000000 0.000009 
32.000000 0.000005 
36.000000 0.000003 
40.000000 0.000002 
44.000000 0.000002 
48.000000 0.000002 
52.000000 0.000002 
56.000000 0.000002 
60.000000 0.000002 
64.000000 0.000001 
68.000000 0.000001 
72.000000 0.000001 
76.000000 0.000001 
80.000000 0.000001 
84.000000 0.000001 
88.000000 0.000001 
92.000000 0.000001 
96.000000 0.000001 
100.000000 0.000001 
104.000000 0.000001 
108.000000 0.000001 
112.000000 0.000001 
116.000000 0.000001 
120.000000 0.000001 
124.000000 0.000001 
