0.000000 0.000029 
8.000000 0.000028 
16.000000 0.000028 
24.000000 0.000027 
32.000000 0.000027 
40.000000 0.000023 
48.000000 0.000023 
56.000000 0.000023 
64.000000 0.000022 
72.000000 0.000021 
80.000000 0.000021 
88.000000 0.000019 
96.000000 0.000016 
104.000000 0.000011 
112.000000 0.000004 
120.000000 0.000004 
128.000000 0.000002 
136.000000 0.000002 
144.000000 0.000001 
152.000000 0.000001 
160.000000 0.000001 
168.000000 0.000001 
176.000000 0.000000 
184.000000 0.000001 
192.000000 0.000001 
200.000000 0.000000 
208.000000 0.000000 
216.000000 0.000000 
224.000000 0.000000 
232.000000 0.000000 
240.000000 0.000000 
248.000000 0.000000 
