0.000000 0.000023 
8.000000 0.000021 
16.000000 0.000020 
24.000000 0.000021 
32.000000 0.000020 
40.000000 0.000019 
48.000000 0.000019 
56.000000 0.000018 
64.000000 0.000016 
72.000000 0.000015 
80.000000 0.000017 
88.000000 0.000015 
96.000000 0.000007 
104.000000 0.000007 
112.000000 0.000013 
120.000000 0.000006 
128.000000 0.000008 
136.000000 0.000006 
144.000000 0.000005 
152.000000 0.000005 
160.000000 0.000005 
168.000000 0.000006 
176.000000 0.000004 
184.000000 0.000005 
192.000000 0.000004 
200.000000 0.000004 
208.000000 0.000004 
216.000000 0.000004 
224.000000 0.000004 
232.000000 0.000004 
240.000000 0.000004 
248.000000 0.000004 
