0.000000 0.000021 
8.000000 0.000019 
16.000000 0.000018 
24.000000 0.000016 
32.000000 0.000016 
40.000000 0.000012 
48.000000 0.000011 
56.000000 0.000006 
64.000000 0.000006 
72.000000 0.000004 
80.000000 0.000004 
88.000000 0.000004 
96.000000 0.000003 
104.000000 0.000002 
112.000000 0.000002 
120.000000 0.000002 
128.000000 0.000001 
136.000000 0.000001 
144.000000 0.000001 
152.000000 0.000001 
160.000000 0.000001 
168.000000 0.000001 
176.000000 0.000001 
184.000000 0.000001 
192.000000 0.000001 
200.000000 0.000001 
208.000000 0.000001 
216.000000 0.000001 
224.000000 0.000001 
232.000000 0.000001 
240.000000 0.000001 
248.000000 0.000001 
