0.000000 0.000023 
8.000000 0.000021 
16.000000 0.000020 
24.000000 0.000020 
32.000000 0.000018 
40.000000 0.000018 
48.000000 0.000017 
56.000000 0.000016 
64.000000 0.000014 
72.000000 0.000014 
80.000000 0.000013 
88.000000 0.000012 
96.000000 0.000010 
104.000000 0.000010 
112.000000 0.000008 
120.000000 0.000007 
128.000000 0.000007 
136.000000 0.000004 
144.000000 0.000003 
152.000000 0.000003 
160.000000 0.000004 
168.000000 0.000003 
176.000000 0.000003 
184.000000 0.000002 
192.000000 0.000003 
200.000000 0.000002 
208.000000 0.000002 
216.000000 0.000002 
224.000000 0.000002 
232.000000 0.000002 
240.000000 0.000002 
248.000000 0.000002 
