0.000000 0.000029 
8.000000 0.000028 
16.000000 0.000029 
24.000000 0.000030 
32.000000 0.000027 
40.000000 0.000026 
48.000000 0.000026 
56.000000 0.000026 
64.000000 0.000024 
72.000000 0.000023 
80.000000 0.000022 
88.000000 0.000022 
96.000000 0.000018 
104.000000 0.000016 
112.000000 0.000017 
120.000000 0.000014 
128.000000 0.000013 
136.000000 0.000010 
144.000000 0.000011 
152.000000 0.000008 
160.000000 0.000009 
168.000000 0.000008 
176.000000 0.000008 
184.000000 0.000008 
192.000000 0.000008 
200.000000 0.000008 
208.000000 0.000008 
216.000000 0.000008 
224.000000 0.000008 
232.000000 0.000008 
240.000000 0.000008 
248.000000 0.000008 
