0.000000 0.000023 
8.000000 0.000021 
16.000000 0.000020 
24.000000 0.000021 
32.000000 0.000019 
40.000000 0.000017 
48.000000 0.000016 
56.000000 0.000015 
64.000000 0.000015 
72.000000 0.000013 
80.000000 0.000012 
88.000000 0.000012 
96.000000 0.000010 
104.000000 0.000007 
112.000000 0.000005 
120.000000 0.000003 
128.000000 0.000002 
136.000000 0.000001 
144.000000 0.000001 
152.000000 0.000001 
160.000000 0.000001 
168.000000 0.000001 
176.000000 0.000001 
184.000000 0.000001 
192.000000 0.000001 
200.000000 0.000001 
208.000000 0.000001 
216.000000 0.000001 
224.000000 0.000001 
232.000000 0.000001 
240.000000 0.000001 
248.000000 0.000001 
